FACTOR_PERMUTATION_V1 12 16 1024 1 1
10 0 1 1 1 1 1 1 1 1 1 1 0 0 2 2 2 2 2 2 2 2 2 2 0 1 1 2 2 2 2 2 2 2 2 2
0 10 1 1 1 1 1 1 1 1 1 1 0 0 2 2 2 2 2 2 2 2 2 2 1 0 2 2 1 2 2 2 2 2 2 2
1 1 10 0 1 1 1 1 1 1 1 1 2 2 0 0 2 2 2 2 2 2 2 2 1 2 0 1 2 2 2 2 2 2 2 2
1 1 0 10 1 1 1 1 1 1 1 1 2 2 0 0 2 2 2 2 2 2 2 2 2 2 1 0 2 2 1 2 2 2 2 2
1 1 1 1 10 0 1 1 1 1 1 1 2 2 2 2 0 0 2 2 2 2 2 2 2 1 2 2 0 1 2 2 2 2 2 2
1 1 1 1 0 10 1 1 1 1 1 1 2 2 2 2 0 0 2 2 2 2 2 2 2 2 2 2 1 0 2 2 1 2 2 2
1 1 1 1 1 1 10 0 1 1 1 1 2 2 2 2 2 2 0 0 2 2 2 2 2 2 2 1 2 2 0 1 2 2 2 2
1 1 1 1 1 1 0 10 1 1 1 1 2 2 2 2 2 2 0 0 2 2 2 2 2 2 2 2 2 2 1 0 2 2 1 2
1 1 1 1 1 1 1 1 10 0 1 1 2 2 2 2 2 2 2 2 0 0 2 2 2 2 2 2 2 1 2 2 0 1 2 2
1 1 1 1 1 1 1 1 0 10 1 1 2 2 2 2 2 2 2 2 0 0 2 2 2 2 2 2 2 2 2 2 1 0 2 1
1 1 1 1 1 1 1 1 1 1 10 0 2 2 2 2 2 2 2 2 2 2 0 0 2 2 2 2 2 2 2 1 2 2 0 1
1 1 1 1 1 1 1 1 1 1 0 10 2 2 2 2 2 2 2 2 2 2 0 0 2 2 2 2 2 2 2 2 2 1 1 0
0 0 2 2 2 2 2 2 2 2 2 2 10 0 1 1 1 1 1 1 1 1 1 1 0 1 1 2 2 2 2 2 2 2 2 2
0 0 2 2 2 2 2 2 2 2 2 2 0 10 1 1 1 1 1 1 1 1 1 1 1 0 2 2 1 2 2 2 2 2 2 2
2 2 0 0 2 2 2 2 2 2 2 2 1 1 10 0 1 1 1 1 1 1 1 1 1 2 0 1 2 2 2 2 2 2 2 2
2 2 0 0 2 2 2 2 2 2 2 2 1 1 0 10 1 1 1 1 1 1 1 1 2 2 1 0 2 2 1 2 2 2 2 2
2 2 2 2 0 0 2 2 2 2 2 2 1 1 1 1 10 0 1 1 1 1 1 1 2 1 2 2 0 1 2 2 2 2 2 2
2 2 2 2 0 0 2 2 2 2 2 2 1 1 1 1 0 10 1 1 1 1 1 1 2 2 2 2 1 0 2 2 1 2 2 2
2 2 2 2 2 2 0 0 2 2 2 2 1 1 1 1 1 1 10 0 1 1 1 1 2 2 2 1 2 2 0 1 2 2 2 2
2 2 2 2 2 2 0 0 2 2 2 2 1 1 1 1 1 1 0 10 1 1 1 1 2 2 2 2 2 2 1 0 2 2 1 2
2 2 2 2 2 2 2 2 0 0 2 2 1 1 1 1 1 1 1 1 10 0 1 1 2 2 2 2 2 1 2 2 0 1 2 2
2 2 2 2 2 2 2 2 0 0 2 2 1 1 1 1 1 1 1 1 0 10 1 1 2 2 2 2 2 2 2 2 1 0 2 1
2 2 2 2 2 2 2 2 2 2 0 0 1 1 1 1 1 1 1 1 1 1 10 0 2 2 2 2 2 2 2 1 2 2 0 1
2 2 2 2 2 2 2 2 2 2 0 0 1 1 1 1 1 1 1 1 1 1 0 10 2 2 2 2 2 2 2 2 2 1 1 0
0 1 1 2 2 2 2 2 2 2 2 2 0 1 1 2 2 2 2 2 2 2 2 2 10 1 0 1 1 1 1 1 1 1 1 1
1 0 2 2 1 2 2 2 2 2 2 2 1 0 2 2 1 2 2 2 2 2 2 2 1 10 1 1 0 1 1 1 1 1 1 1
1 2 0 1 2 2 2 2 2 2 2 2 1 2 0 1 2 2 2 2 2 2 2 2 0 1 10 1 1 1 1 1 1 1 1 1
2 2 1 0 2 2 1 2 2 2 2 2 2 2 1 0 2 2 1 2 2 2 2 2 1 1 1 10 1 1 0 1 1 1 1 1
2 1 2 2 0 1 2 2 2 2 2 2 2 1 2 2 0 1 2 2 2 2 2 2 1 0 1 1 10 1 1 1 1 1 1 1
2 2 2 2 1 0 2 2 1 2 2 2 2 2 2 2 1 0 2 2 1 2 2 2 1 1 1 1 1 10 1 1 0 1 1 1
2 2 2 1 2 2 0 1 2 2 2 2 2 2 2 1 2 2 0 1 2 2 2 2 1 1 1 0 1 1 10 1 1 1 1 1
2 2 2 2 2 2 1 0 2 2 1 2 2 2 2 2 2 2 1 0 2 2 1 2 1 1 1 1 1 1 1 10 1 1 0 1
2 2 2 2 2 1 2 2 0 1 2 2 2 2 2 2 2 1 2 2 0 1 2 2 1 1 1 1 1 0 1 1 10 1 1 1
2 2 2 2 2 2 2 2 1 0 2 1 2 2 2 2 2 2 2 2 1 0 2 1 1 1 1 1 1 1 1 1 1 10 1 0
2 2 2 2 2 2 2 1 2 2 0 1 2 2 2 2 2 2 2 1 2 2 0 1 1 1 1 1 1 1 1 0 1 1 10 1
2 2 2 2 2 2 2 2 2 1 1 0 2 2 2 2 2 2 2 2 2 1 1 0 1 1 1 1 1 1 1 1 1 0 1 10
0 2
0 3
0 4
0 5
0 6
0 7
0 8
0 9
0 10
0 11
1 2
1 3
1 4
1 5
1 6
1 7
1 8
1 9
1 10
1 11
2 4
2 5
2 6
2 7
2 8
2 9
2 10
2 11
3 4
3 5
3 6
3 7
3 8
3 9
3 10
3 11
4 6
4 7
4 8
4 9
4 10
4 11
5 6
5 7
5 8
5 9
5 10
5 11
6 8
6 9
6 10
6 11
7 8
7 9
7 10
7 11
8 10
8 11
9 10
9 11
0 2
0 3
0 4
0 5
0 6
0 7
0 8
0 9
0 10
0 11
1 2
1 3
1 4
1 5
1 6
1 7
1 8
1 9
1 10
1 11
2 4
2 5
2 6
2 7
2 8
2 9
2 10
2 11
3 4
3 5
3 6
3 7
3 8
3 9
3 10
3 11
4 6
4 7
4 8
4 9
4 10
4 11
5 6
5 7
5 8
5 9
5 10
5 11
6 8
6 9
6 10
6 11
7 8
7 9
7 10
7 11
8 10
8 11
9 10
9 11
0 1
0 3
0 4
0 5
0 6
0 7
0 8
0 9
0 10
0 11
1 2
1 3
1 5
1 6
1 7
1 8
1 9
1 10
1 11
2 3
2 4
2 5
2 6
2 7
2 8
2 9
2 10
2 11
3 4
3 5
3 7
3 8
3 9
3 10
3 11
4 5
4 6
4 7
4 8
4 9
4 10
4 11
5 6
5 7
5 9
5 10
5 11
6 7
6 8
6 9
6 10
6 11
7 8
7 9
7 11
8 9
8 10
8 11
9 10
10 11
5278721887923743136 1024
58 57 30 26 24 40 51 12 46 21 52 53 4 56 55 39 27 28 29 17 5 14 2 9 41 10 48 11 16 19 18 20 3 54 6 36 13 35 45 34 0 37 59 8 15 1 31 49 43 22 7 32 33 47 23 44 38 50 25 42
37 28 57 13 18 34 58 50 31 5 17 51 43 4 38 8 40 47 25 19 55 12 32 42 22 30 9 56 26 3 39 46 14 35 54 48 27 53 45 6 49 1 23 24 52 59 11 7 0 33 2 44 41 16 21 36 29 10 15 20
58 57 30 26 24 40 51 12 46 21 52 53 4 56 55 39 27 28 29 17 5 14 2 9 41 10 48 11 16 19 18 20 3 54 6 36 13 35 45 34 0 37 59 8 15 1 31 49 43 22 7 32 33 47 23 44 38 50 25 42
37 28 57 13 18 34 58 50 31 5 17 51 43 4 38 8 40 47 25 19 55 12 32 42 22 30 9 56 26 3 39 46 14 35 54 48 27 53 45 6 49 1 23 24 52 59 11 7 0 33 2 44 41 16 21 36 29 10 15 20
10321815038447319736 1024
49 23 19 31 45 21 9 27 56 48 46 50 53 0 35 22 15 55 32 2 5 6 4 52 17 13 51 12 30 58 38 41 37 47 3 16 34 57 8 7 40 43 36 11 26 44 33 14 59 18 10 24 42 28 25 1 29 39 20 54
55 50 42 31 59 16 40 37 57 27 30 44 49 51 6 56 9 19 21 52 38 54 34 3 22 14 0 33 8 2 53 24 17 18 29 36 15 11 32 45 47 25 26 58 23 4 10 5 43 20 7 12 41 46 28 13 39 1 48 35
49 23 19 31 45 21 9 27 56 48 46 50 53 0 35 20 15 55 32 14 5 6 4 52 17 13 51 12 30 58 38 41 37 47 3 16 34 57 8 7 40 43 36 11 26 44 33 2 59 18 10 24 42 28 25 1 29 39 22 54
55 51 42 31 59 16 40 37 57 27 30 44 49 50 6 56 9 19 21 52 38 54 34 3 22 14 0 33 8 2 53 24 17 18 29 36 15 11 32 45 47 25 26 58 23 4 10 5 43 20 7 12 41 46 28 13 39 1 48 35
18187964092286060548 1024
54 22 36 9 59 41 52 31 6 46 50 40 57 26 28 33 23 14 42 16 24 17 55 44 4 35 39 2 34 48 38 18 47 43 25 32 3 19 49 27 11 5 10 30 56 7 51 37 29 12 53 13 15 8 0 45 1 20 21 58
49 29 37 30 13 55 27 40 6 51 24 7 8 32 54 50 18 53 19 42 16 56 21 2 36 46 12 11 0 59 26 3 22 15 43 35 57 31 9 4 23 45 41 10 14 25 39 1 58 33 28 52 34 47 38 5 44 48 17 20
54 22 36 9 59 41 52 31 6 46 50 40 57 26 28 33 23 14 42 16 24 17 55 44 4 35 39 2 34 48 38 18 47 43 25 32 3 19 49 27 11 5 10 30 56 7 51 37 29 12 53 13 15 8 0 45 1 20 21 58
49 29 37 30 13 55 27 40 6 51 24 7 8 32 54 50 18 53 19 42 16 56 21 2 36 46 12 11 0 59 26 3 22 15 43 35 57 31 9 4 23 45 41 10 14 25 39 1 58 33 28 52 34 47 38 5 44 48 17 20
15556945475676157430 1024
57 33 56 5 24 34 43 20 45 36 26 23 50 59 21 37 46 11 52 58 0 54 49 19 47 42 48 38 4 53 41 44 2 9 32 15 13 25 55 7 35 16 29 6 22 14 12 1 28 18 30 3 8 27 17 39 51 10 40 31
43 54 26 28 40 55 48 47 4 18 42 44 5 33 14 7 11 41 27 38 32 10 12 17 23 58 1 2 56 37 13 34 50 3 15 6 19 24 57 9 45 49 8 16 59 22 53 51 25 0 35 52 46 20 36 29 39 21 31 30
57 33 56 5 24 34 43 20 45 36 8 23 50 59 21 37 46 11 52 58 0 54 49 19 47 42 48 38 4 53 41 44 2 9 32 15 12 25 55 27 35 16 29 6 22 14 13 1 28 18 7 3 26 30 17 39 51 10 40 31
43 54 26 28 40 55 48 47 4 18 42 44 5 33 52 7 11 41 27 38 32 10 12 45 23 58 1 2 56 37 13 34 50 3 15 6 19 24 57 9 17 49 8 16 59 22 53 51 25 0 35 14 46 20 36 29 39 21 31 30
17054490195769944459 1024
37 36 56 9 59 58 0 23 30 44 31 51 49 26 43 21 41 2 16 45 17 42 6 38 54 19 25 27 18 7 46 13 48 34 3 53 20 29 35 4 24 5 32 10 33 57 50 15 11 14 47 40 39 55 22 1 12 52 8 28
44 6 52 23 48 20 47 34 45 22 56 39 49 57 53 13 30 8 43 19 5 51 59 16 29 14 35 40 42 54 58 9 41 10 55 17 27 46 25 28 1 15 2 32 18 50 0 31 38 21 11 7 33 3 24 12 26 4 36 37
37 36 56 9 59 58 0 23 30 52 31 51 33 26 43 21 41 2 16 45 17 42 6 38 54 19 25 27 18 7 46 13 48 50 3 53 20 29 35 4 24 5 32 10 49 57 34 15 11 14 47 40 39 55 22 1 12 44 8 28
44 6 52 54 48 20 47 34 45 22 56 40 49 57 53 13 30 8 43 19 5 51 59 16 29 14 35 39 42 23 58 9 41 10 55 17 27 46 25 28 1 15 2 32 18 50 0 31 38 21 11 7 33 3 24 12 26 4 36 37
17852777216548106750 1024
37 48 25 57 50 21 11 53 18 47 49 14 36 55 20 52 27 8 29 32 9 44 19 13 54 42 26 1 23 58 45 41 2 12 51 46 56 34 0 31 7 17 24 10 30 40 15 16 3 35 6 39 59 22 38 4 33 28 43 5
6 45 44 36 25 17 37 52 21 30 50 49 31 7 43 32 56 59 41 14 54 58 29 47 28 0 48 55 18 12 40 57 39 33 23 4 5 20 13 42 1 38 9 26 34 53 11 24 27 2 15 16 10 35 51 46 3 8 19 22
37 48 25 57 50 21 11 53 18 47 49 14 36 55 20 52 27 8 29 32 9 44 19 13 54 42 26 1 23 58 45 41 2 12 51 46 56 34 0 31 7 17 24 10 30 40 15 16 3 35 6 39 59 22 38 4 33 28 43 5
18 45 44 36 25 17 37 52 21 30 50 49 31 7 43 32 56 59 41 14 54 58 29 47 28 0 48 55 6 12 40 57 39 33 23 4 5 20 13 42 1 38 9 26 34 53 11 24 27 2 15 16 10 35 51 46 3 8 19 22
2328848608103425786 1024
48 55 28 25 41 7 43 34 44 14 51 38 8 42 33 32 26 19 53 37 17 18 13 16 52 0 20 31 39 23 56 58 36 3 10 29 57 47 50 15 5 22 12 46 35 49 27 6 1 40 21 59 9 2 4 24 11 45 54 30
39 19 33 46 18 15 37 49 50 56 23 41 51 12 45 54 59 38 2 48 52 26 34 42 11 36 29 55 47 8 24 28 6 58 16 14 40 32 1 9 44 53 25 0 13 27 31 30 5 43 7 4 21 17 57 3 22 20 10 35
48 55 28 25 41 7 43 34 44 14 51 38 8 42 33 32 26 19 53 37 17 16 13 18 52 0 20 31 39 23 56 58 36 3 29 10 57 47 50 15 5 22 12 46 35 49 27 6 1 40 21 59 9 2 4 24 11 45 54 30
39 19 33 46 18 15 37 49 50 56 23 41 51 12 45 54 59 38 2 48 52 26 34 42 11 36 29 55 47 8 24 28 6 58 16 14 40 32 1 9 44 53 25 0 13 27 31 30 5 43 7 4 21 17 57 3 22 20 10 35
14711889104593768773 1024
53 52 58 38 59 21 37 42 27 29 47 48 31 55 24 33 30 50 12 0 15 34 56 9 19 8 43 39 18 35 41 14 7 20 25 45 22 57 6 17 32 36 5 13 26 51 49 23 46 2 44 11 54 28 16 40 3 4 1 10
40 25 48 5 28 49 29 56 14 22 30 37 43 8 59 6 18 34 39 35 57 12 53 38 42 36 3 17 4 7 15 45 54 47 46 31 16 26 32 23 11 9 51 41 33 19 24 13 20 21 0 52 10 55 27 44 50 2 58 1
53 52 58 38 59 21 37 42 27 29 47 48 31 55 24 33 30 50 12 0 15 34 56 9 19 8 43 39 18 35 41 14 7 20 25 45 22 57 6 17 32 36 5 13 26 51 49 23 46 2 44 11 54 28 16 40 3 4 1 10
40 25 48 5 28 49 29 56 14 22 30 37 43 8 59 6 18 34 39 35 57 12 53 38 42 36 3 17 4 7 15 45 54 47 46 31 16 26 32 23 11 9 51 41 33 19 24 13 20 21 0 52 10 55 27 44 50 2 58 1
17249870490058247319 1024
40 25 58 55 28 44 3 31 48 24 51 52 32 33 57 34 41 46 27 43 6 23 13 11 17 8 4 53 59 9 30 42 54 36 1 12 49 26 37 10 5 35 56 0 50 14 45 18 21 2 16 29 19 47 39 7 38 22 15 20
57 17 1 40 52 25 53 46 10 47 43 41 8 14 29 44 50 22 13 31 33 55 56 59 36 35 37 16 5 21 2 15 12 58 49 38 27 28 54 48 24 20 4 0 51 19 34 23 39 18 45 11 32 9 6 42 30 3 7 26
40 25 58 55 28 44 3 31 48 24 51 52 32 33 57 34 41 46 27 43 6 23 13 11 17 8 4 53 59 9 30 42 54 36 1 12 49 26 37 10 5 35 56 0 50 14 45 18 21 2 16 29 19 47 39 7 38 22 15 20
57 17 1 40 52 25 53 46 10 47 43 41 8 14 29 44 50 22 13 31 33 55 56 59 36 35 37 16 5 21 2 15 12 58 49 38 27 28 54 48 24 20 4 0 51 19 34 23 39 18 45 11 32 9 6 42 30 3 7 26
6747200409005909446 1024
43 45 21 49 41 9 33 27 28 52 22 5 32 24 58 30 36 35 25 59 57 14 40 12 46 18 6 7 34 48 0 47 55 10 13 44 23 39 50 17 4 15 29 16 8 54 31 37 51 38 19 2 1 3 56 26 53 11 20 42
56 26 27 37 14 35 52 42 46 32 12 22 54 34 21 24 58 1 49 28 17 40 39 7 13 57 51 5 44 0 55 15 45 43 30 36 9 47 19 4 33 48 50 25 16 29 38 10 2 59 23 31 41 11 6 8 18 3 20 53
43 45 21 49 38 9 33 27 28 52 22 5 32 24 58 30 36 35 25 59 57 14 40 12 46 18 6 7 34 48 0 47 55 10 13 44 23 39 50 17 4 15 29 16 8 54 31 37 51 41 19 2 1 3 56 26 53 11 20 42
56 26 27 37 14 35 52 42 46 32 12 22 54 34 21 24 58 1 49 28 17 40 39 7 13 57 51 5 44 0 55 15 45 43 30 36 9 47 19 4 33 48 50 25 16 29 38 10 2 59 23 31 41 11 6 8 18 3 20 53
15982571535069720296 1024
28 37 44 22 45 12 47 1 25 54 43 41 31 27 46 33 48 35 30 21 49 19 56 15 7 55 3 39 59 53 18 9 26 42 17 6 32 10 14 50 5 8 2 34 52 16 57 4 13 0 20 51 58 29 38 24 11 36 40 23
52 46 22 59 53 32 16 47 38 31 58 48 57 28 29 27 17 10 35 5 55 43 18 24 36 2 11 33 23 14 20 56 12 21 9 37 3 50 30 8 44 41 7 39 34 6 42 25 51 54 15 19 1 0 26 13 40 4 49 45
28 37 44 22 45 12 47 1 25 54 43 41 31 27 46 33 48 35 30 21 49 19 56 15 7 55 3 39 59 53 18 9 26 42 17 6 32 10 14 50 5 8 2 34 52 16 57 4 13 0 20 51 58 29 38 24 11 36 40 23
52 46 22 59 53 32 16 47 38 31 58 48 57 28 29 27 17 10 35 5 55 43 18 24 36 2 11 33 23 14 20 56 12 21 9 37 3 50 30 8 44 41 7 39 34 6 42 25 51 54 15 19 1 0 26 13 40 4 49 45
17558774581372858034 1024
25 56 0 42 39 57 43 19 40 52 14 51 32 33 34 18 53 20 58 44 54 9 38 50 48 35 5 12 41 49 13 55 36 46 7 23 47 6 26 11 30 17 31 2 1 22 16 24 27 8 15 4 45 10 21 59 29 28 37 3
43 20 59 4 41 50 16 30 15 46 57 44 54 45 17 47 19 42 28 13 55 36 32 35 14 0 40 34 5 18 58 2 38 24 52 11 27 56 53 37 7 22 6 10 51 33 8 39 48 3 21 23 1 25 9 12 29 26 49 31
25 56 0 42 39 57 43 19 40 52 14 51 32 33 34 18 53 20 58 44 54 9 38 50 48 35 5 12 41 49 13 55 36 46 7 23 47 6 26 11 30 17 31 2 1 22 16 24 27 8 15 4 45 10 21 59 29 28 37 3
43 20 59 4 41 50 16 30 15 46 57 44 54 45 17 47 19 42 28 13 55 36 32 35 14 0 40 34 5 18 58 2 38 24 52 11 27 56 53 37 7 22 6 10 51 33 8 39 48 3 21 23 1 25 9 12 29 26 49 31
7642046845051360594 1024
48 7 34 4 14 56 41 21 31 23 16 27 43 2 58 54 26 44 22 49 18 55 3 36 15 9 8 45 50 46 59 13 5 20 33 39 38 57 11 53 52 1 25 35 30 32 17 10 28 51 12 6 0 40 24 29 47 42 37 19
59 28 42 31 45 10 37 53 38 51 36 56 9 49 57 12 33 47 21 25 44 17 15 6 39 43 41 30 55 5 14 24 46 16 3 48 1 34 52 26 7 40 20 32 54 18 50 8 58 4 27 23 13 19 35 2 22 0 11 29
48 7 34 4 14 56 41 21 31 23 16 27 43 2 58 54 26 44 22 49 18 55 3 36 15 9 8 45 50 46 59 13 5 20 33 39 38 57 11 53 52 1 25 35 30 32 17 10 28 51 12 6 0 40 24 29 47 42 37 19
59 28 42 31 45 10 37 53 55 51 36 56 9 49 57 12 33 47 21 25 44 17 15 6 39 43 41 30 38 5 14 24 46 16 3 48 1 34 52 26 7 40 20 32 54 18 50 8 58 4 27 23 13 19 35 2 22 0 11 29
16648265970952515788 1024
57 28 15 50 46 47 12 8 21 52 43 59 44 33 22 38 41 34 54 20 9 17 39 1 4 13 48 49 18 5 16 42 58 29 36 45 56 40 27 35 25 30 55 19 23 37 32 6 31 2 51 0 11 24 7 53 3 26 10 14
37 43 56 34 22 6 27 42 28 17 49 21 23 13 45 4 30 40 57 31 51 36 58 18 52 11 7 9 3 33 46 41 39 16 26 5 32 0 50 8 15 55 10 25 1 54 53 20 2 38 12 35 44 59 19 29 48 14 47 24
57 28 15 50 46 47 20 8 21 52 43 59 44 33 22 38 41 34 54 12 9 17 39 1 4 13 48 49 18 5 16 42 58 29 36 45 56 40 27 35 25 30 55 19 23 37 32 6 31 2 51 0 11 24 7 53 3 26 10 14
37 43 56 34 22 6 27 42 28 17 49 13 23 21 45 48 30 40 57 31 51 50 58 18 52 11 7 9 3 33 46 41 39 16 26 5 32 0 36 8 15 55 10 25 4 54 53 20 2 38 12 35 44 59 19 29 1 14 47 24
4133296203462709460 1024
10 33 45 32 46 49 23 3 36 42 38 43 25 6 21 26 35 40 30 17 39 18 7 47 48 27 44 31 19 53 41 8 37 4 59 13 1 56 50 55 54 14 58 29 9 52 22 24 51 15 16 20 57 11 12 5 2 34 0 28
54 52 36 59 32 35 15 33 12 26 22 6 29 30 46 20 50 23 27 14 8 13 57 43 5 48 39 11 25 49 37 0 34 40 19 42 16 51 9 3 24 55 45 18 38 58 7 2 28 21 1 17 10 31 56 41 44 53 47 4
10 33 28 32 46 49 23 42 36 3 38 43 25 6 21 26 35 40 30 57 39 18 7 47 48 27 44 31 19 53 41 8 37 4 59 13 1 56 50 55 54 14 58 17 9 52 22 24 51 15 16 20 29 11 12 5 2 34 0 45
54 52 4 58 32 35 38 33 12 26 22 6 29 30 9 31 50 23 27 14 8 13 57 43 5 48 39 11 53 49 20 0 34 40 19 42 41 51 46 3 24 55 45 18 15 59 25 2 28 21 1 17 10 7 56 16 44 37 47 36
752127717163298316 1024
54 59 35 0 57 38 46 23 30 39 53 58 24 55 20 21 36 1 43 11 9 32 47 51 45 12 48 2 8 19 44 18 14 42 40 5 56 33 4 37 7 16 49 41 52 50 25 28 15 26 13 17 34 6 10 22 31 27 3 29
8 38 54 45 29 30 36 11 32 18 43 42 56 25 44 51 3 40 31 26 46 14 22 55 33 9 39 19 53 28 5 21 59 23 57 16 20 1 52 50 10 13 27 17 7 0 47 48 41 15 58 6 34 49 24 37 12 2 4 35
54 59 35 0 57 38 46 23 30 42 53 58 24 55 20 21 36 1 43 11 9 32 47 51 45 12 48 2 8 19 44 18 14 39 40 5 56 33 4 37 7 16 49 41 52 50 25 28 15 26 13 17 34 6 10 22 31 27 3 29
38 8 54 45 29 30 36 11 32 18 43 42 56 25 44 34 3 40 31 26 46 14 22 55 33 9 39 19 53 28 5 21 59 23 16 57 20 2 52 50 10 13 27 17 7 1 47 48 41 15 58 6 51 49 24 37 12 0 4 35
