FACTOR_PERMUTATION_V1 12 16 1024 1 1
10 0 1 1 1 1 1 1 1 1 1 1 0 0 2 2 2 2 2 2 2 2 2 2 0 1 1 2 2 2 2 2 2 2 2 2
0 10 1 1 1 1 1 1 1 1 1 1 0 0 2 2 2 2 2 2 2 2 2 2 1 0 2 2 1 2 2 2 2 2 2 2
1 1 10 0 1 1 1 1 1 1 1 1 2 2 0 0 2 2 2 2 2 2 2 2 1 2 0 1 2 2 2 2 2 2 2 2
1 1 0 10 1 1 1 1 1 1 1 1 2 2 0 0 2 2 2 2 2 2 2 2 2 2 1 0 2 2 1 2 2 2 2 2
1 1 1 1 10 0 1 1 1 1 1 1 2 2 2 2 0 0 2 2 2 2 2 2 2 1 2 2 0 1 2 2 2 2 2 2
1 1 1 1 0 10 1 1 1 1 1 1 2 2 2 2 0 0 2 2 2 2 2 2 2 2 2 2 1 0 2 2 1 2 2 2
1 1 1 1 1 1 10 0 1 1 1 1 2 2 2 2 2 2 0 0 2 2 2 2 2 2 2 1 2 2 0 1 2 2 2 2
1 1 1 1 1 1 0 10 1 1 1 1 2 2 2 2 2 2 0 0 2 2 2 2 2 2 2 2 2 2 1 0 2 2 1 2
1 1 1 1 1 1 1 1 10 0 1 1 2 2 2 2 2 2 2 2 0 0 2 2 2 2 2 2 2 1 2 2 0 1 2 2
1 1 1 1 1 1 1 1 0 10 1 1 2 2 2 2 2 2 2 2 0 0 2 2 2 2 2 2 2 2 2 2 1 0 2 1
1 1 1 1 1 1 1 1 1 1 10 0 2 2 2 2 2 2 2 2 2 2 0 0 2 2 2 2 2 2 2 1 2 2 0 1
1 1 1 1 1 1 1 1 1 1 0 10 2 2 2 2 2 2 2 2 2 2 0 0 2 2 2 2 2 2 2 2 2 1 1 0
0 0 2 2 2 2 2 2 2 2 2 2 10 0 1 1 1 1 1 1 1 1 1 1 0 1 1 2 2 2 2 2 2 2 2 2
0 0 2 2 2 2 2 2 2 2 2 2 0 10 1 1 1 1 1 1 1 1 1 1 1 0 2 2 1 2 2 2 2 2 2 2
2 2 0 0 2 2 2 2 2 2 2 2 1 1 10 0 1 1 1 1 1 1 1 1 1 2 0 1 2 2 2 2 2 2 2 2
2 2 0 0 2 2 2 2 2 2 2 2 1 1 0 10 1 1 1 1 1 1 1 1 2 2 1 0 2 2 1 2 2 2 2 2
2 2 2 2 0 0 2 2 2 2 2 2 1 1 1 1 10 0 1 1 1 1 1 1 2 1 2 2 0 1 2 2 2 2 2 2
2 2 2 2 0 0 2 2 2 2 2 2 1 1 1 1 0 10 1 1 1 1 1 1 2 2 2 2 1 0 2 2 1 2 2 2
2 2 2 2 2 2 0 0 2 2 2 2 1 1 1 1 1 1 10 0 1 1 1 1 2 2 2 1 2 2 0 1 2 2 2 2
2 2 2 2 2 2 0 0 2 2 2 2 1 1 1 1 1 1 0 10 1 1 1 1 2 2 2 2 2 2 1 0 2 2 1 2
2 2 2 2 2 2 2 2 0 0 2 2 1 1 1 1 1 1 1 1 10 0 1 1 2 2 2 2 2 1 2 2 0 1 2 2
2 2 2 2 2 2 2 2 0 0 2 2 1 1 1 1 1 1 1 1 0 10 1 1 2 2 2 2 2 2 2 2 1 0 2 1
2 2 2 2 2 2 2 2 2 2 0 0 1 1 1 1 1 1 1 1 1 1 10 0 2 2 2 2 2 2 2 1 2 2 0 1
2 2 2 2 2 2 2 2 2 2 0 0 1 1 1 1 1 1 1 1 1 1 0 10 2 2 2 2 2 2 2 2 2 1 1 0
0 1 1 2 2 2 2 2 2 2 2 2 0 1 1 2 2 2 2 2 2 2 2 2 10 1 0 1 1 1 1 1 1 1 1 1
1 0 2 2 1 2 2 2 2 2 2 2 1 0 2 2 1 2 2 2 2 2 2 2 1 10 1 1 0 1 1 1 1 1 1 1
1 2 0 1 2 2 2 2 2 2 2 2 1 2 0 1 2 2 2 2 2 2 2 2 0 1 10 1 1 1 1 1 1 1 1 1
2 2 1 0 2 2 1 2 2 2 2 2 2 2 1 0 2 2 1 2 2 2 2 2 1 1 1 10 1 1 0 1 1 1 1 1
2 1 2 2 0 1 2 2 2 2 2 2 2 1 2 2 0 1 2 2 2 2 2 2 1 0 1 1 10 1 1 1 1 1 1 1
2 2 2 2 1 0 2 2 1 2 2 2 2 2 2 2 1 0 2 2 1 2 2 2 1 1 1 1 1 10 1 1 0 1 1 1
2 2 2 1 2 2 0 1 2 2 2 2 2 2 2 1 2 2 0 1 2 2 2 2 1 1 1 0 1 1 10 1 1 1 1 1
2 2 2 2 2 2 1 0 2 2 1 2 2 2 2 2 2 2 1 0 2 2 1 2 1 1 1 1 1 1 1 10 1 1 0 1
2 2 2 2 2 1 2 2 0 1 2 2 2 2 2 2 2 1 2 2 0 1 2 2 1 1 1 1 1 0 1 1 10 1 1 1
2 2 2 2 2 2 2 2 1 0 2 1 2 2 2 2 2 2 2 2 1 0 2 1 1 1 1 1 1 1 1 1 1 10 1 0
2 2 2 2 2 2 2 1 2 2 0 1 2 2 2 2 2 2 2 1 2 2 0 1 1 1 1 1 1 1 1 0 1 1 10 1
2 2 2 2 2 2 2 2 2 1 1 0 2 2 2 2 2 2 2 2 2 1 1 0 1 1 1 1 1 1 1 1 1 0 1 10
0 2
0 3
0 4
0 5
0 6
0 7
0 8
0 9
0 10
0 11
1 2
1 3
1 4
1 5
1 6
1 7
1 8
1 9
1 10
1 11
2 4
2 5
2 6
2 7
2 8
2 9
2 10
2 11
3 4
3 5
3 6
3 7
3 8
3 9
3 10
3 11
4 6
4 7
4 8
4 9
4 10
4 11
5 6
5 7
5 8
5 9
5 10
5 11
6 8
6 9
6 10
6 11
7 8
7 9
7 10
7 11
8 10
8 11
9 10
9 11
0 2
0 3
0 4
0 5
0 6
0 7
0 8
0 9
0 10
0 11
1 2
1 3
1 4
1 5
1 6
1 7
1 8
1 9
1 10
1 11
2 4
2 5
2 6
2 7
2 8
2 9
2 10
2 11
3 4
3 5
3 6
3 7
3 8
3 9
3 10
3 11
4 6
4 7
4 8
4 9
4 10
4 11
5 6
5 7
5 8
5 9
5 10
5 11
6 8
6 9
6 10
6 11
7 8
7 9
7 10
7 11
8 10
8 11
9 10
9 11
0 1
0 3
0 4
0 5
0 6
0 7
0 8
0 9
0 10
0 11
1 2
1 3
1 5
1 6
1 7
1 8
1 9
1 10
1 11
2 3
2 4
2 5
2 6
2 7
2 8
2 9
2 10
2 11
3 4
3 5
3 7
3 8
3 9
3 10
3 11
4 5
4 6
4 7
4 8
4 9
4 10
4 11
5 6
5 7
5 9
5 10
5 11
6 7
6 8
6 9
6 10
6 11
7 8
7 9
7 11
8 9
8 10
8 11
9 10
10 11
11399400157714242150 5120
43 51 6 54 24 19 30 37 58 36 53 45 22 56 13 20 27 28 29 55 46 48 2 7 26 15 10 32 16 17 52 8 3 50 38 40 33 31 9 34 5 49 59 14 25 1 35 21 41 57 0 12 18 47 39 44 42 11 23 4
39 52 43 31 18 28 12 22 36 59 17 9 46 4 56 32 24 37 25 29 11 10 55 3 53 54 48 50 26 42 35 41 14 7 30 15 19 6 33 45 49 38 23 58 40 57 16 47 8 51 2 44 27 13 21 1 34 5 0 20
43 51 6 54 24 19 30 37 58 36 53 45 22 56 13 20 27 28 29 55 46 48 2 9 26 15 14 25 16 17 52 8 3 50 38 40 33 31 7 34 5 49 59 10 32 1 35 21 41 57 0 12 18 47 39 44 42 11 23 4
39 52 43 31 18 28 12 22 36 59 17 9 46 4 56 32 38 37 25 29 11 10 55 3 53 54 48 50 26 42 35 41 14 7 30 15 51 6 33 45 49 24 23 58 40 57 16 47 8 19 2 44 27 13 21 1 34 5 0 20
2121667954184601446 5120
49 23 19 36 45 34 6 59 37 32 17 40 31 47 35 21 22 55 48 26 50 9 56 52 41 46 51 43 30 58 38 3 53 44 4 14 2 57 8 15 33 24 0 11 54 28 5 16 27 18 10 1 13 20 25 7 29 39 12 42
55 38 42 53 10 14 50 37 34 9 43 44 27 49 6 56 26 19 20 52 57 40 36 3 23 33 0 28 45 2 59 25 17 5 51 30 31 11 32 8 47 16 54 24 4 13 15 58 18 21 7 35 41 46 29 22 39 1 48 12
49 23 19 36 45 34 6 59 37 32 17 40 31 47 35 21 22 55 48 26 50 9 56 52 41 46 51 43 30 58 38 3 53 44 4 14 2 57 8 10 33 24 0 11 54 28 5 16 27 18 15 1 13 20 25 7 29 39 12 42
55 38 42 53 10 14 50 37 28 9 43 44 27 49 6 56 26 19 20 52 57 40 36 3 23 33 0 34 45 2 59 25 17 5 51 30 31 11 32 8 47 16 54 24 4 13 15 58 18 21 7 35 41 46 29 22 39 1 48 12
12301927613755748598 5120
56 48 31 57 59 40 24 53 37 13 55 45 51 26 28 39 54 14 22 20 7 17 58 44 4 21 18 41 34 8 38 19 15 43 23 33 5 27 36 16 49 6 10 30 35 2 32 52 29 12 9 42 47 0 11 25 3 1 46 50
48 41 45 14 12 7 40 28 25 27 24 30 8 34 57 50 18 53 42 35 39 59 21 46 43 2 11 13 44 49 26 3 4 15 16 23 51 31 54 22 6 29 55 10 36 9 5 1 0 33 37 58 32 17 38 52 19 56 47 20
56 48 53 57 59 40 24 31 37 13 55 45 51 26 28 33 54 14 22 20 7 17 58 44 4 21 18 41 34 8 38 19 15 43 23 25 6 27 36 16 49 5 10 30 35 2 32 52 29 12 9 42 47 0 11 39 3 1 46 50
49 41 28 14 12 7 40 45 25 27 24 30 8 34 57 50 18 53 35 42 39 59 21 46 43 2 11 13 44 48 26 3 4 15 16 23 51 52 54 22 6 29 55 10 36 9 5 1 0 33 37 58 32 17 38 31 19 56 47 20
14420807073340951529 5120
45 42 35 54 24 34 55 20 43 48 50 41 32 57 27 28 29 46 14 53 6 5 19 12 52 47 17 38 4 58 25 44 39 9 56 15 18 59 31 49 10 23 33 16 22 1 0 36 40 8 30 3 13 21 7 2 51 26 37 11
44 54 37 28 59 55 4 47 11 10 51 52 53 40 15 9 34 50 24 21 32 57 42 58 23 0 30 2 56 18 41 48 13 45 3 7 19 27 17 6 46 49 8 14 1 22 16 33 25 12 39 5 26 20 36 29 35 38 31 43
45 42 35 54 24 34 55 20 43 48 50 41 32 57 27 28 29 46 14 53 6 5 19 12 52 47 17 38 4 58 25 44 39 9 56 15 18 59 31 49 10 23 33 16 22 1 0 36 40 8 30 3 13 21 7 2 51 26 37 11
44 54 37 28 59 55 4 47 11 10 51 43 53 40 15 9 34 50 24 21 32 57 42 58 23 0 30 2 56 18 41 48 13 45 3 7 19 27 17 6 46 49 8 14 1 22 16 33 25 12 35 5 26 20 36 29 39 38 31 52
17797129409420810397 5120
37 52 56 49 47 58 29 2 23 27 33 35 30 26 43 8 41 21 16 45 53 42 6 38 18 46 7 48 19 39 44 40 3 54 4 17 20 9 51 5 24 14 1 10 31 57 50 15 22 34 59 28 25 55 13 32 12 0 11 36
49 2 30 8 48 20 54 34 16 45 56 43 44 51 39 55 1 50 22 19 5 24 59 35 58 14 42 41 57 47 17 27 40 29 53 12 15 13 25 21 31 33 28 32 18 23 0 52 46 3 11 7 37 6 9 10 26 4 36 38
37 52 56 49 47 58 29 2 23 27 33 51 30 26 43 8 41 21 16 45 53 42 6 38 18 46 7 48 19 39 44 40 3 54 4 17 20 9 35 5 24 14 1 10 31 57 50 15 22 34 59 28 25 55 13 32 12 0 11 36
49 2 30 8 48 20 54 34 16 45 56 43 44 51 39 55 1 50 22 19 5 24 59 42 58 14 35 41 57 47 17 27 28 29 53 12 15 13 25 21 31 33 40 32 18 23 0 52 37 3 11 7 46 6 9 10 26 4 36 38
2707601624900122872 5120
37 52 30 59 18 25 11 29 23 57 49 13 55 51 20 56 36 46 27 32 7 44 19 17 54 21 50 9 40 6 45 41 5 12 42 48 24 16 26 31 1 14 58 34 22 2 15 53 3 35 0 28 47 4 38 8 33 39 43 10
13 23 17 30 25 56 37 57 44 36 46 49 6 27 43 20 33 52 39 14 47 58 8 51 45 11 38 16 18 50 40 31 32 53 5 3 54 34 1 2 48 24 0 55 4 26 12 28 41 42 15 7 10 35 9 29 21 22 19 59
37 52 30 59 18 25 11 29 23 57 49 13 55 51 20 56 36 46 27 32 7 44 19 17 54 21 50 9 40 6 45 41 5 12 42 48 24 16 26 31 1 14 58 34 22 2 15 53 3 35 0 28 47 4 38 8 33 39 43 10
45 23 17 30 25 56 37 57 44 36 46 49 6 27 43 20 33 52 39 14 47 58 8 51 13 11 38 32 18 50 40 31 16 53 5 3 54 34 1 2 48 24 0 55 4 26 12 28 41 42 15 7 10 35 9 29 21 22 19 59
12232635205844535590 5120
48 54 41 25 24 8 43 34 45 14 51 38 53 42 33 32 26 23 7 37 17 58 46 16 55 2 40 31 0 15 56 59 36 3 11 47 27 29 18 57 52 49 19 50 35 5 28 6 1 13 21 39 9 12 4 20 10 44 22 30
40 46 33 31 54 15 37 47 22 44 23 3 51 59 45 41 58 11 29 48 52 12 34 50 1 36 53 55 49 8 20 2 57 56 24 14 38 32 28 9 16 10 25 4 13 19 5 30 18 43 0 7 21 17 39 27 42 26 6 35
48 54 41 25 24 8 43 34 45 14 51 38 53 42 33 32 26 23 7 37 17 58 46 16 55 2 40 31 0 15 56 59 36 3 11 47 27 29 18 57 52 49 19 50 35 5 28 6 1 13 21 39 9 12 4 20 10 44 22 30
40 46 33 31 54 15 37 47 22 44 23 3 51 59 45 41 58 11 29 48 52 12 34 50 1 36 53 55 49 8 20 2 57 56 24 14 38 32 28 9 16 10 25 4 13 19 5 30 18 43 0 7 21 17 39 27 42 26 6 35
8887644285139960890 5120
53 52 18 32 59 21 39 42 26 29 45 48 24 55 58 33 34 13 37 20 5 50 40 9 14 56 30 44 35 7 41 8 46 51 10 15 22 6 27 17 31 36 0 43 12 57 49 25 11 54 16 1 47 28 38 19 3 4 2 23
12 59 48 7 35 30 54 56 39 22 32 37 43 23 26 50 57 41 49 6 55 14 1 38 44 36 18 40 4 8 15 21 16 2 46 31 58 34 17 5 28 27 51 9 33 19 24 13 20 29 0 52 10 45 25 53 47 3 42 11
53 52 18 32 59 21 39 42 26 29 45 48 24 55 58 33 34 13 37 20 5 50 40 9 14 56 30 16 35 7 41 8 46 51 10 15 22 6 27 17 31 36 0 43 12 57 49 25 11 54 44 1 47 28 38 19 3 4 2 23
12 59 48 7 35 30 54 56 39 22 32 37 43 23 26 8 57 41 49 6 55 14 1 38 44 36 18 40 4 50 15 21 16 2 46 31 58 34 17 5 28 27 51 9 33 19 24 13 20 29 0 52 10 45 25 53 47 3 42 11
18405738759106659866 5120
39 45 58 55 48 44 1 31 22 59 47 50 32 33 53 34 20 46 23 4 6 56 19 35 12 8 49 43 10 9 57 52 54 36 38 18 26 25 15 51 11 37 29 0 30 14 27 16 21 2 17 28 41 13 40 7 3 42 5 24
57 50 1 40 56 27 36 43 12 49 5 41 51 14 29 44 26 22 48 31 45 4 17 55 47 35 20 18 46 52 2 11 10 8 53 38 58 37 7 13 24 25 39 16 59 32 34 23 15 54 21 0 19 33 6 42 30 3 9 28
39 45 58 53 50 44 1 31 48 41 47 49 32 33 55 34 20 46 23 4 6 56 19 11 12 8 42 43 10 9 57 52 54 36 3 18 26 25 15 51 35 37 29 0 30 14 27 16 21 2 17 28 59 13 40 7 38 22 5 24
57 50 1 40 52 27 36 43 12 49 5 41 51 14 29 44 26 22 48 31 33 4 45 55 47 35 20 18 46 56 2 11 10 8 53 28 58 37 9 13 24 25 39 16 59 32 34 23 15 54 21 0 19 17 6 42 30 3 7 38
3769877979731906799 5120
36 44 50 31 39 18 24 27 47 52 22 5 32 57 58 41 46 35 53 21 59 37 56 19 13 54 6 7 34 48 9 45 12 2 15 49 17 20 55 43 4 11 29 16 8 14 25 0 51 26 38 10 23 3 40 33 1 28 30 42
58 26 31 39 1 28 47 3 51 12 46 55 9 33 21 19 53 52 42 30 23 57 37 13 24 40 32 43 44 0 35 15 45 54 5 36 59 49 11 4 27 48 14 25 50 29 38 22 7 18 16 56 41 17 6 8 34 10 20 2
36 44 50 31 39 18 24 27 47 52 22 5 32 57 58 41 46 35 53 21 59 37 56 19 13 54 6 7 34 48 9 45 12 2 15 49 17 20 55 43 4 11 29 16 8 14 25 0 51 26 38 10 23 3 40 33 1 28 30 42
58 26 31 39 1 28 47 3 51 12 46 55 9 33 21 19 53 52 42 30 23 57 37 13 24 40 32 43 44 0 35 15 45 54 5 36 59 49 11 4 27 48 14 25 50 29 38 22 2 18 16 56 41 17 6 8 34 10 20 7
16354562540204680146 5120
51 40 32 22 25 2 27 1 45 18 16 49 31 56 37 24 41 55 30 21 54 17 52 15 8 47 3 39 44 53 19 6 4 43 36 48 35 10 14 50 26 7 46 34 9 20 57 5 13 0 12 59 58 42 33 29 23 28 38 11
6 42 54 59 29 34 16 14 26 55 44 57 48 19 58 50 24 11 35 4 31 47 18 21 51 33 53 40 23 0 20 56 17 41 7 28 8 32 30 3 12 36 49 39 46 52 2 25 9 38 13 43 1 10 27 15 37 5 22 45
51 41 44 22 25 2 27 1 45 18 16 49 31 56 28 24 40 55 30 21 54 17 52 15 8 47 3 39 59 53 19 6 4 43 36 48 35 10 14 50 26 7 46 34 9 20 57 5 13 0 12 32 58 42 33 29 23 37 38 11
6 42 54 59 29 34 16 14 26 31 44 57 48 19 58 50 24 11 35 4 55 47 18 21 51 33 53 40 23 0 20 56 17 41 7 28 8 32 30 3 12 36 49 39 46 52 2 25 9 38 13 43 1 10 27 15 37 5 22 45
9443754714235836071 5120
25 56 0 45 20 48 43 19 40 31 12 51 11 57 34 44 53 42 22 46 54 9 13 47 50 35 5 14 41 49 29 55 18 7 39 24 59 6 36 23 30 17 15 28 1 58 16 52 27 8 32 4 26 10 21 33 3 38 37 2
43 46 55 33 50 41 16 30 48 38 57 44 54 8 58 47 29 22 28 24 11 36 32 35 5 15 59 17 53 18 40 19 20 2 52 13 27 31 26 56 7 4 6 10 51 37 25 39 0 12 21 23 49 45 9 3 14 1 42 34
25 56 0 45 39 48 43 19 40 31 12 51 11 57 34 44 53 42 22 46 54 9 13 47 50 35 5 14 41 49 29 55 18 7 2 24 59 6 36 23 30 17 15 28 1 58 16 52 27 8 32 4 26 10 21 33 3 38 37 20
43 46 55 33 50 41 16 30 48 38 57 44 54 8 58 47 29 22 28 24 11 36 32 35 5 15 59 17 53 18 40 19 20 2 52 13 27 31 26 56 7 4 6 10 51 37 25 39 0 12 21 23 49 45 9 3 14 1 42 34
900564015410785716 5120
48 7 59 22 24 47 41 21 31 37 44 27 53 9 58 28 40 16 51 30 18 55 46 39 15 4 0 45 50 56 5 13 38 43 33 36 14 57 11 20 52 1 54 2 49 32 10 17 29 35 12 6 8 26 25 34 3 23 42 19
59 28 42 55 12 10 37 53 31 51 36 56 52 32 16 3 33 50 41 25 44 14 57 6 39 15 46 30 48 5 45 27 9 2 17 43 1 19 54 26 7 40 20 49 21 18 47 8 58 4 24 23 0 34 35 38 22 13 11 29
48 7 59 22 24 47 41 21 31 37 44 27 53 9 58 28 40 16 51 30 18 55 46 39 15 4 0 45 50 56 5 13 38 43 33 36 14 57 11 20 52 1 54 2 49 32 10 17 29 35 12 6 8 26 25 34 3 23 42 19
59 28 42 55 12 10 37 53 31 51 36 56 52 32 16 3 33 50 41 25 44 14 57 6 39 15 46 30 48 5 45 27 9 2 17 43 1 19 54 26 7 40 20 49 21 18 47 8 58 4 24 23 0 34 35 38 22 13 11 29
2382880935744185623 5120
57 35 23 24 58 47 36 40 45 6 43 59 44 50 29 38 41 22 31 20 2 49 39 0 42 54 15 18 8 5 16 34 21 37 48 13 17 26 55 30 32 33 25 19 56 1 28 52 27 9 12 4 11 46 3 53 7 14 10 51
37 12 57 34 36 55 27 42 28 17 49 21 4 25 45 23 30 40 9 31 51 8 56 44 18 11 35 24 43 33 46 41 58 0 48 5 19 6 50 26 16 39 14 13 1 54 7 20 2 38 32 15 52 59 10 29 22 53 47 3
57 35 23 24 58 47 36 40 45 6 43 59 44 50 29 38 41 14 31 20 2 49 39 0 42 54 15 18 8 5 16 34 46 37 48 13 17 26 55 30 32 33 25 19 56 1 28 52 27 9 12 4 11 21 3 53 7 22 10 51
37 12 57 34 36 55 27 42 28 17 49 21 4 25 45 23 30 40 9 31 51 8 56 44 18 11 35 24 43 33 46 41 58 0 48 5 19 6 50 26 16 39 14 13 1 54 7 20 2 38 32 53 52 59 10 29 22 15 47 3
1291232767523227217 5120
3 41 32 59 46 30 10 23 29 42 26 36 51 6 27 43 35 50 5 39 53 54 7 47 48 12 15 38 17 37 44 57 45 4 52 0 1 56 18 31 40 14 58 11 9 19 22 24 28 13 16 2 8 20 33 25 49 55 21 34
54 52 57 22 32 35 17 11 36 26 55 53 33 30 46 6 4 20 18 8 23 45 38 16 41 50 39 5 43 49 40 0 34 2 24 42 58 51 9 3 19 48 13 27 37 31 7 10 25 21 1 15 44 59 56 28 12 29 47 14
3 41 32 59 46 49 10 23 29 42 26 36 51 6 27 43 35 50 5 33 53 54 7 47 48 12 15 38 17 37 44 56 45 4 52 0 1 57 18 31 40 14 58 11 9 19 22 24 28 13 16 2 8 20 39 25 30 55 21 34
54 52 57 22 32 35 17 11 36 26 48 53 33 30 46 6 25 20 18 8 23 45 38 16 10 50 39 29 43 49 40 0 34 2 24 42 58 51 9 3 19 55 13 27 37 31 7 41 4 21 1 15 44 59 56 28 12 5 47 14
15335259308736422044 5120
54 2 35 33 32 51 46 22 38 49 59 58 30 55 20 21 44 40 43 24 15 57 3 12 39 13 48 34 8 19 41 45 52 14 36 42 56 6 4 37 25 16 17 26 23 50 7 1 9 29 10 53 18 28 11 5 31 27 47 0
18 48 54 26 7 24 49 35 37 34 43 36 58 32 53 51 27 57 31 56 25 13 41 55 33 30 39 5 44 28 10 8 59 23 3 16 19 1 52 50 14 42 46 15 47 0 22 40 17 38 45 6 20 11 9 21 12 2 4 29
54 2 35 33 32 51 46 22 38 49 59 58 30 55 20 21 44 40 43 24 15 57 3 12 39 13 48 34 8 19 41 45 52 14 36 42 56 6 4 37 25 16 17 26 23 50 7 29 9 1 10 53 18 28 11 5 31 27 47 0
18 48 54 58 7 24 49 35 37 34 43 36 26 32 53 51 27 57 31 56 25 13 41 55 33 30 39 5 44 28 10 8 59 23 3 16 19 1 52 50 14 42 46 15 47 0 22 40 17 38 45 6 20 11 9 21 12 2 4 29
