FACTOR_PERMUTATION_V1 12 16 1024 1 1
10 0 1 1 1 1 1 1 1 1 1 1 0 0 2 2 2 2 2 2 2 2 2 2 0 1 1 2 2 2 2 2 2 2 2 2
0 10 1 1 1 1 1 1 1 1 1 1 0 0 2 2 2 2 2 2 2 2 2 2 1 0 2 2 1 2 2 2 2 2 2 2
1 1 10 0 1 1 1 1 1 1 1 1 2 2 0 0 2 2 2 2 2 2 2 2 1 2 0 1 2 2 2 2 2 2 2 2
1 1 0 10 1 1 1 1 1 1 1 1 2 2 0 0 2 2 2 2 2 2 2 2 2 2 1 0 2 2 1 2 2 2 2 2
1 1 1 1 10 0 1 1 1 1 1 1 2 2 2 2 0 0 2 2 2 2 2 2 2 1 2 2 0 1 2 2 2 2 2 2
1 1 1 1 0 10 1 1 1 1 1 1 2 2 2 2 0 0 2 2 2 2 2 2 2 2 2 2 1 0 2 2 1 2 2 2
1 1 1 1 1 1 10 0 1 1 1 1 2 2 2 2 2 2 0 0 2 2 2 2 2 2 2 1 2 2 0 1 2 2 2 2
1 1 1 1 1 1 0 10 1 1 1 1 2 2 2 2 2 2 0 0 2 2 2 2 2 2 2 2 2 2 1 0 2 2 1 2
1 1 1 1 1 1 1 1 10 0 1 1 2 2 2 2 2 2 2 2 0 0 2 2 2 2 2 2 2 1 2 2 0 1 2 2
1 1 1 1 1 1 1 1 0 10 1 1 2 2 2 2 2 2 2 2 0 0 2 2 2 2 2 2 2 2 2 2 1 0 2 1
1 1 1 1 1 1 1 1 1 1 10 0 2 2 2 2 2 2 2 2 2 2 0 0 2 2 2 2 2 2 2 1 2 2 0 1
1 1 1 1 1 1 1 1 1 1 0 10 2 2 2 2 2 2 2 2 2 2 0 0 2 2 2 2 2 2 2 2 2 1 1 0
0 0 2 2 2 2 2 2 2 2 2 2 10 0 1 1 1 1 1 1 1 1 1 1 0 1 1 2 2 2 2 2 2 2 2 2
0 0 2 2 2 2 2 2 2 2 2 2 0 10 1 1 1 1 1 1 1 1 1 1 1 0 2 2 1 2 2 2 2 2 2 2
2 2 0 0 2 2 2 2 2 2 2 2 1 1 10 0 1 1 1 1 1 1 1 1 1 2 0 1 2 2 2 2 2 2 2 2
2 2 0 0 2 2 2 2 2 2 2 2 1 1 0 10 1 1 1 1 1 1 1 1 2 2 1 0 2 2 1 2 2 2 2 2
2 2 2 2 0 0 2 2 2 2 2 2 1 1 1 1 10 0 1 1 1 1 1 1 2 1 2 2 0 1 2 2 2 2 2 2
2 2 2 2 0 0 2 2 2 2 2 2 1 1 1 1 0 10 1 1 1 1 1 1 2 2 2 2 1 0 2 2 1 2 2 2
2 2 2 2 2 2 0 0 2 2 2 2 1 1 1 1 1 1 10 0 1 1 1 1 2 2 2 1 2 2 0 1 2 2 2 2
2 2 2 2 2 2 0 0 2 2 2 2 1 1 1 1 1 1 0 10 1 1 1 1 2 2 2 2 2 2 1 0 2 2 1 2
2 2 2 2 2 2 2 2 0 0 2 2 1 1 1 1 1 1 1 1 10 0 1 1 2 2 2 2 2 1 2 2 0 1 2 2
2 2 2 2 2 2 2 2 0 0 2 2 1 1 1 1 1 1 1 1 0 10 1 1 2 2 2 2 2 2 2 2 1 0 2 1
2 2 2 2 2 2 2 2 2 2 0 0 1 1 1 1 1 1 1 1 1 1 10 0 2 2 2 2 2 2 2 1 2 2 0 1
2 2 2 2 2 2 2 2 2 2 0 0 1 1 1 1 1 1 1 1 1 1 0 10 2 2 2 2 2 2 2 2 2 1 1 0
0 1 1 2 2 2 2 2 2 2 2 2 0 1 1 2 2 2 2 2 2 2 2 2 10 1 0 1 1 1 1 1 1 1 1 1
1 0 2 2 1 2 2 2 2 2 2 2 1 0 2 2 1 2 2 2 2 2 2 2 1 10 1 1 0 1 1 1 1 1 1 1
1 2 0 1 2 2 2 2 2 2 2 2 1 2 0 1 2 2 2 2 2 2 2 2 0 1 10 1 1 1 1 1 1 1 1 1
2 2 1 0 2 2 1 2 2 2 2 2 2 2 1 0 2 2 1 2 2 2 2 2 1 1 1 10 1 1 0 1 1 1 1 1
2 1 2 2 0 1 2 2 2 2 2 2 2 1 2 2 0 1 2 2 2 2 2 2 1 0 1 1 10 1 1 1 1 1 1 1
2 2 2 2 1 0 2 2 1 2 2 2 2 2 2 2 1 0 2 2 1 2 2 2 1 1 1 1 1 10 1 1 0 1 1 1
2 2 2 1 2 2 0 1 2 2 2 2 2 2 2 1 2 2 0 1 2 2 2 2 1 1 1 0 1 1 10 1 1 1 1 1
2 2 2 2 2 2 1 0 2 2 1 2 2 2 2 2 2 2 1 0 2 2 1 2 1 1 1 1 1 1 1 10 1 1 0 1
2 2 2 2 2 1 2 2 0 1 2 2 2 2 2 2 2 1 2 2 0 1 2 2 1 1 1 1 1 0 1 1 10 1 1 1
2 2 2 2 2 2 2 2 1 0 2 1 2 2 2 2 2 2 2 2 1 0 2 1 1 1 1 1 1 1 1 1 1 10 1 0
2 2 2 2 2 2 2 1 2 2 0 1 2 2 2 2 2 2 2 1 2 2 0 1 1 1 1 1 1 1 1 0 1 1 10 1
2 2 2 2 2 2 2 2 2 1 1 0 2 2 2 2 2 2 2 2 2 1 1 0 1 1 1 1 1 1 1 1 1 0 1 10
0 2
0 3
0 4
0 5
0 6
0 7
0 8
0 9
0 10
0 11
1 2
1 3
1 4
1 5
1 6
1 7
1 8
1 9
1 10
1 11
2 4
2 5
2 6
2 7
2 8
2 9
2 10
2 11
3 4
3 5
3 6
3 7
3 8
3 9
3 10
3 11
4 6
4 7
4 8
4 9
4 10
4 11
5 6
5 7
5 8
5 9
5 10
5 11
6 8
6 9
6 10
6 11
7 8
7 9
7 10
7 11
8 10
8 11
9 10
9 11
0 2
0 3
0 4
0 5
0 6
0 7
0 8
0 9
0 10
0 11
1 2
1 3
1 4
1 5
1 6
1 7
1 8
1 9
1 10
1 11
2 4
2 5
2 6
2 7
2 8
2 9
2 10
2 11
3 4
3 5
3 6
3 7
3 8
3 9
3 10
3 11
4 6
4 7
4 8
4 9
4 10
4 11
5 6
5 7
5 8
5 9
5 10
5 11
6 8
6 9
6 10
6 11
7 8
7 9
7 10
7 11
8 10
8 11
9 10
9 11
0 1
0 3
0 4
0 5
0 6
0 7
0 8
0 9
0 10
0 11
1 2
1 3
1 5
1 6
1 7
1 8
1 9
1 10
1 11
2 3
2 4
2 5
2 6
2 7
2 8
2 9
2 10
2 11
3 4
3 5
3 7
3 8
3 9
3 10
3 11
4 5
4 6
4 7
4 8
4 9
4 10
4 11
5 6
5 7
5 9
5 10
5 11
6 7
6 8
6 9
6 10
6 11
7 8
7 9
7 11
8 9
8 10
8 11
9 10
10 11
4753880033044394798 4096
52 51 6 54 24 19 30 37 58 36 53 45 22 56 34 20 27 28 29 55 46 48 2 9 13 15 14 25 16 12 43 8 3 50 38 49 33 31 7 26 0 40 59 10 5 1 35 21 41 57 32 17 18 47 39 44 42 11 23 4
39 52 43 31 18 28 12 27 36 58 17 9 46 4 56 32 38 37 25 29 24 59 55 42 53 54 3 50 26 48 35 41 14 7 30 15 51 6 33 45 49 11 23 10 40 57 16 47 8 19 2 44 22 13 21 1 34 5 0 20
52 51 57 54 24 19 30 37 58 36 53 45 22 56 34 20 27 28 29 55 46 48 2 9 13 10 14 25 16 12 43 33 3 50 38 49 15 31 7 26 0 40 59 8 5 1 35 21 41 6 32 17 18 47 39 44 42 11 23 4
39 58 43 31 18 28 12 27 36 52 17 9 46 4 56 32 38 47 25 29 24 59 55 42 53 30 3 50 26 48 35 41 14 7 54 15 51 6 33 45 49 11 23 37 40 57 16 10 8 19 2 44 22 13 21 1 34 5 0 20
12277458457699390479 4096
49 23 19 36 45 26 6 59 37 32 17 40 53 47 35 21 10 55 48 34 50 9 56 52 41 46 51 43 30 58 38 13 15 44 3 16 2 57 8 22 33 20 0 11 54 24 5 14 27 18 31 42 4 28 25 7 29 39 12 1
55 38 42 26 10 14 50 37 28 27 43 44 51 49 6 56 9 19 21 52 57 40 36 3 23 33 0 34 45 2 59 24 17 5 18 58 31 11 32 8 47 16 54 25 22 13 15 30 53 20 7 35 41 46 29 4 39 1 48 12
49 23 19 36 45 26 6 59 37 32 17 40 53 47 35 21 10 55 48 34 50 9 56 52 41 46 51 43 30 58 38 13 31 44 3 16 2 57 8 42 33 20 0 11 54 24 7 14 27 18 15 22 4 28 25 1 29 39 12 5
55 38 42 31 10 33 50 37 28 27 58 44 51 49 6 56 9 19 21 52 57 40 36 3 23 14 0 34 45 2 59 24 17 5 18 53 15 11 32 8 47 25 54 16 22 13 26 30 43 20 7 35 41 46 29 4 39 1 48 12
7391400038657564469 4096
8 54 7 57 59 40 24 31 36 13 55 45 51 26 37 33 56 14 22 20 35 17 58 44 4 21 16 41 34 48 38 19 15 43 23 39 6 18 28 27 49 5 10 30 53 2 32 52 29 12 9 42 47 0 11 25 3 1 46 50
49 41 30 14 12 5 40 29 25 27 24 52 8 35 9 50 18 53 34 42 39 59 21 46 43 2 13 11 44 56 26 3 4 15 16 28 51 31 54 22 6 45 55 10 36 57 7 1 58 33 37 0 32 17 38 23 19 48 47 20
54 22 7 57 59 40 51 31 36 13 55 45 35 26 37 33 23 14 56 32 24 17 58 44 4 46 41 16 34 48 38 19 15 43 53 39 6 18 28 27 49 5 10 30 8 2 1 52 29 12 11 42 47 0 9 25 3 20 21 50
49 41 30 14 12 55 40 29 6 27 24 5 8 44 9 50 18 53 34 42 39 56 21 46 43 2 13 11 52 59 26 3 22 15 16 28 57 31 54 4 25 45 35 10 36 51 7 1 58 33 37 0 32 17 38 23 19 48 47 20
18373606735208514624 4096
45 42 35 54 24 34 55 20 43 48 50 41 56 57 27 28 46 29 14 53 6 5 19 36 1 47 17 38 4 58 25 44 39 9 32 15 18 59 31 49 23 10 33 16 22 52 0 12 40 8 30 3 13 21 7 2 51 26 37 11
44 54 40 28 59 55 4 47 11 10 13 43 53 33 15 9 34 26 24 21 32 57 42 58 23 0 30 2 56 41 17 48 50 37 3 7 19 27 18 6 46 49 8 14 1 22 16 52 25 12 35 5 45 20 36 29 39 38 31 51
45 42 35 54 24 34 55 20 43 48 50 41 56 57 27 28 46 29 14 53 16 5 19 36 1 47 17 38 4 58 25 44 2 9 32 15 18 59 31 49 23 0 33 6 22 52 26 12 40 8 30 3 13 21 7 39 51 10 37 11
43 54 26 28 59 55 4 47 11 10 13 44 5 33 52 9 34 40 24 21 32 57 42 58 23 0 51 2 56 37 17 48 50 41 12 7 19 27 18 6 46 49 8 14 1 22 16 15 25 3 35 53 45 20 36 29 39 38 31 30
8853139884022109954 4096
37 52 56 49 47 58 29 2 23 27 33 51 30 26 43 8 41 21 16 45 53 42 6 38 18 46 7 48 19 39 44 40 54 34 4 17 20 9 35 5 24 3 1 10 31 57 50 15 0 14 59 28 25 55 13 32 12 22 11 36
49 2 1 50 48 20 54 34 12 45 56 3 44 51 39 55 30 8 22 19 5 24 59 58 42 14 35 41 57 47 16 15 28 29 53 17 27 13 25 21 52 33 40 32 18 23 0 31 37 43 11 7 46 6 9 10 26 4 36 38
37 52 56 49 47 58 29 2 23 27 33 51 30 26 43 8 41 21 16 45 53 42 6 38 18 46 7 48 19 39 44 40 54 34 4 17 20 9 35 5 24 3 1 10 31 57 50 15 0 14 59 28 25 55 13 32 12 22 11 36
49 2 1 50 48 20 54 34 12 45 56 3 44 51 39 55 30 8 22 19 5 24 59 58 42 14 35 41 57 47 16 15 28 29 53 17 27 13 25 21 52 33 40 32 18 23 0 31 37 43 11 7 46 6 9 10 26 4 36 38
6989499601638960205 4096
37 52 30 59 50 25 11 21 23 57 49 17 55 29 27 56 36 46 20 32 1 44 19 13 54 51 18 9 40 24 45 41 5 12 42 48 0 16 26 31 7 14 58 34 4 2 15 53 3 35 6 28 47 22 38 8 33 39 43 10
23 45 17 30 25 16 37 6 41 36 46 49 57 27 43 26 33 52 39 14 47 58 8 51 13 11 38 44 18 20 40 31 56 53 5 3 32 34 1 2 48 24 0 55 9 50 12 28 54 42 15 7 10 35 4 29 21 22 19 59
37 48 34 59 50 21 11 25 0 57 49 17 29 55 20 52 27 56 36 32 9 44 19 13 54 51 18 1 23 58 45 41 5 12 42 46 40 16 26 31 7 14 24 4 30 2 15 53 3 35 6 39 47 22 38 8 33 28 43 10
38 45 26 30 25 16 37 52 59 36 50 49 57 7 43 24 56 3 41 14 54 58 46 4 28 11 48 44 18 0 40 31 39 53 5 27 32 20 13 42 1 6 9 55 34 22 12 23 47 2 15 17 10 35 51 29 21 8 19 33
7160127942942191973 4096
48 54 41 25 24 8 43 34 44 14 51 38 7 42 33 32 26 57 53 37 17 58 13 16 55 2 39 31 0 15 56 59 36 3 11 47 27 29 50 23 52 49 19 46 35 5 28 6 1 18 21 40 9 12 4 20 10 45 22 30
40 46 33 31 54 15 37 47 22 44 23 3 51 59 45 41 58 11 29 48 52 12 34 50 1 36 53 55 49 8 20 2 57 56 24 14 38 32 28 9 16 10 25 4 13 19 5 30 18 43 0 7 21 17 39 27 42 26 6 35
48 55 41 25 24 58 43 34 44 14 51 38 8 42 33 32 26 57 53 37 17 7 13 16 54 0 39 31 2 23 56 18 36 3 11 47 27 29 50 15 52 49 19 46 35 5 28 6 1 40 21 59 9 12 4 20 10 45 22 30
40 46 33 31 18 15 37 47 22 44 23 3 51 59 45 41 58 1 28 48 52 12 34 50 11 36 53 55 49 8 20 2 57 56 24 14 38 32 29 9 16 10 25 7 13 19 39 30 5 43 0 4 21 17 6 27 42 26 54 35
17655424375368475077 4096
53 52 18 32 59 21 36 42 26 29 45 48 24 55 7 33 34 43 37 20 5 50 40 27 14 56 30 16 35 58 41 8 46 51 10 15 22 6 9 17 31 39 0 13 12 57 49 25 11 54 44 1 47 28 38 19 3 4 2 23
14 59 48 7 35 47 54 56 39 22 32 37 43 23 26 29 57 9 49 6 55 12 1 38 50 36 18 40 4 8 15 3 16 53 46 31 58 34 17 5 28 27 51 41 33 19 24 13 20 21 0 52 10 45 25 44 30 2 42 11
53 52 18 32 59 21 36 42 26 29 45 48 24 55 7 33 34 43 37 20 5 50 40 27 14 56 30 16 35 58 41 8 46 51 10 15 22 6 9 17 31 39 0 13 12 57 49 25 11 54 44 1 47 28 38 19 3 4 2 23
14 59 48 7 35 47 54 56 39 22 32 37 43 23 26 29 57 9 49 6 55 12 1 38 50 36 18 40 4 8 15 3 16 53 46 31 58 34 17 5 28 27 51 41 33 19 24 13 20 21 0 52 10 45 25 44 30 2 42 11
9850109895464744420 4096
39 45 58 53 50 44 1 31 48 41 47 42 32 33 55 34 20 46 23 4 6 56 19 11 12 8 49 43 10 9 57 52 54 36 3 18 26 25 15 51 35 37 29 0 30 14 27 16 21 2 17 28 59 13 40 7 38 22 5 24
57 50 1 40 52 27 36 43 12 49 5 41 51 14 29 44 26 22 48 31 33 4 45 55 47 35 20 18 46 56 2 11 10 8 53 28 58 37 9 13 24 25 39 16 59 32 34 23 15 54 21 0 19 17 6 42 30 3 7 38
39 45 58 53 50 44 1 31 48 41 47 49 32 33 55 34 20 46 23 4 6 56 19 11 12 8 42 43 10 9 57 52 54 36 3 18 26 25 15 51 35 37 29 0 30 14 27 16 21 2 17 28 59 13 40 7 38 22 5 24
57 50 1 40 52 27 36 43 12 49 5 41 51 14 29 44 26 22 48 31 33 4 45 55 47 35 20 18 46 56 2 11 10 8 53 28 58 37 9 13 24 25 39 16 59 32 34 23 15 54 21 0 19 17 6 42 30 3 7 38
16285568934713642611 4096
36 44 50 31 39 54 24 27 47 52 22 5 32 57 58 41 13 35 53 21 59 37 56 19 46 18 6 7 34 48 9 49 12 2 15 45 1 20 55 43 4 11 29 16 8 14 25 0 51 38 26 10 23 3 40 33 17 28 30 42
58 26 27 39 1 31 47 3 51 12 46 55 9 33 21 19 53 52 42 28 23 57 37 13 18 40 32 43 44 0 35 15 45 54 5 36 59 49 10 4 30 48 14 25 50 29 38 22 2 24 16 56 41 17 6 8 34 11 20 7
36 44 50 31 39 54 24 27 47 52 22 5 32 57 58 41 13 35 53 21 59 37 56 19 46 18 6 7 34 48 9 49 12 2 15 45 1 20 55 43 4 11 29 16 8 14 25 0 51 38 26 10 23 3 40 33 17 28 30 42
58 26 27 39 1 31 47 3 51 12 46 55 9 33 21 19 53 52 42 28 23 57 37 13 18 40 32 43 44 0 35 15 45 54 5 36 59 49 10 4 30 48 14 25 50 29 38 22 2 24 16 56 41 17 6 8 34 11 20 7
17519669428158318127 4096
54 59 44 22 25 28 27 1 45 18 36 49 31 56 2 24 40 55 30 21 51 17 52 15 8 47 3 39 41 53 19 6 4 43 16 48 35 10 14 50 26 7 46 34 9 20 57 5 13 0 12 32 58 42 33 29 23 37 38 11
6 42 54 59 29 34 16 14 26 31 58 57 50 19 44 53 24 11 35 5 55 47 18 21 51 33 32 40 23 0 20 56 17 41 7 28 8 48 30 3 12 36 49 39 46 52 2 25 9 38 15 43 1 10 27 13 37 4 22 45
54 59 44 22 25 20 27 1 45 19 36 49 31 52 2 24 40 55 30 21 51 17 56 15 8 47 3 39 41 53 18 6 4 43 16 48 35 10 14 50 26 7 46 34 9 28 57 5 13 0 12 32 58 42 33 29 23 37 38 11
6 42 54 59 29 34 16 14 26 31 58 57 50 19 44 53 24 11 35 5 55 47 18 21 51 33 32 40 23 0 20 56 17 41 7 28 8 48 30 3 12 36 49 39 46 52 2 25 9 38 15 43 1 10 27 13 37 4 22 45
5758121479107299034 4096
25 56 0 42 39 50 43 19 40 31 12 51 11 57 34 44 53 29 22 46 54 9 13 47 36 35 5 14 41 49 38 55 18 4 45 24 59 6 48 23 30 17 15 28 1 58 16 52 27 8 32 7 26 10 21 33 3 2 37 20
43 46 55 33 50 41 16 30 48 38 57 44 54 8 58 47 29 22 28 24 11 36 32 35 5 15 59 45 53 18 40 19 20 2 52 13 27 31 26 56 7 4 6 10 51 37 25 39 0 12 21 23 49 17 9 3 14 1 42 34
25 56 0 42 39 50 43 19 40 31 12 51 32 57 34 44 53 29 22 46 54 9 13 47 36 35 5 14 41 49 38 55 18 4 45 24 59 6 48 23 30 17 15 28 1 58 16 52 27 8 11 7 26 10 21 33 3 2 37 20
43 46 55 33 50 41 16 30 48 38 57 44 54 8 58 47 29 22 28 24 11 36 32 35 5 15 59 17 53 18 40 19 20 2 52 13 27 31 26 56 7 4 6 10 51 37 25 39 0 12 21 23 49 45 9 3 14 1 42 34
9329050429025658096 4096
48 7 59 22 25 47 41 21 31 37 44 27 53 9 58 28 40 16 51 30 18 55 46 39 15 4 0 45 50 56 38 13 5 43 33 36 14 57 11 20 52 1 54 2 49 32 10 17 29 35 12 6 8 26 24 34 3 23 42 19
59 28 42 55 45 10 37 53 31 51 36 56 52 32 16 3 33 50 21 25 44 14 57 6 39 12 9 30 48 5 15 27 46 2 17 43 1 19 54 26 7 40 20 49 41 18 47 8 58 4 24 23 0 34 35 38 22 13 11 29
48 7 59 22 25 47 41 21 31 37 44 27 20 9 58 28 40 16 51 30 18 55 3 39 15 4 8 45 50 56 38 13 5 43 33 36 14 57 11 53 52 1 54 2 49 32 10 17 29 35 12 6 0 26 24 34 46 23 42 19
59 28 42 55 45 14 37 53 31 51 36 56 9 32 16 3 33 50 21 25 44 17 57 8 39 12 52 30 48 5 15 27 46 2 10 43 1 19 54 26 7 40 20 49 41 18 47 6 58 4 24 23 13 34 35 38 22 0 11 29
9005327089445203794 4096
57 25 30 24 58 47 36 54 13 6 43 59 44 50 29 38 41 14 31 20 2 49 39 12 42 46 23 18 8 5 16 26 40 37 48 45 17 55 27 15 32 33 34 19 56 1 28 52 35 9 4 0 11 21 3 53 7 22 10 51
37 16 57 33 36 55 27 42 28 17 49 21 23 25 45 4 30 40 9 31 51 8 56 44 18 11 35 24 43 34 46 41 58 0 48 5 19 6 50 26 12 39 15 13 1 54 7 20 2 38 32 53 52 59 10 29 22 14 47 3
57 25 26 24 58 3 36 31 13 6 43 59 44 50 29 38 41 14 54 20 2 49 39 18 42 46 23 12 8 5 16 30 40 37 48 45 17 55 27 15 32 33 34 19 56 1 28 52 35 9 4 0 11 21 47 53 7 22 10 51
37 0 57 34 36 55 27 42 28 17 49 21 23 25 45 4 30 40 9 31 51 56 8 44 18 11 35 24 43 33 46 41 58 16 48 5 19 6 50 26 12 39 15 13 1 54 7 20 2 38 32 53 52 59 10 29 22 14 47 3
1418752943939671583 4096
3 41 32 59 46 49 10 23 29 42 26 36 51 6 27 43 35 54 52 33 25 50 2 47 48 12 15 38 17 37 44 56 45 4 5 0 1 57 18 55 40 14 58 11 9 19 22 24 28 13 16 7 8 39 20 53 30 31 21 34
54 52 38 22 32 35 17 11 36 26 48 53 33 30 46 6 25 20 18 8 23 45 57 16 10 50 39 29 43 49 40 0 34 2 24 42 58 51 9 3 19 55 13 27 37 31 7 41 4 21 1 15 44 59 56 28 12 5 47 14
3 41 32 59 46 49 10 23 29 42 26 36 51 6 27 43 35 54 52 33 25 50 2 47 48 12 15 38 17 37 44 57 45 4 5 0 1 56 18 55 40 14 58 11 9 19 22 24 28 13 16 7 8 39 20 53 30 31 21 34
54 52 38 22 32 35 17 11 36 26 48 53 33 30 46 6 25 20 18 8 23 45 57 16 10 50 39 29 43 49 40 0 34 2 24 42 58 51 9 3 19 55 13 27 37 31 7 41 4 21 1 15 44 59 56 28 12 5 47 14
18314465186224419282 4096
54 17 35 2 32 51 46 22 38 49 59 58 30 55 20 21 41 1 43 24 15 57 3 12 39 13 48 34 8 19 44 45 14 52 36 42 56 18 4 37 25 16 33 26 23 50 7 29 9 40 10 53 6 28 11 5 31 27 47 0
18 48 54 58 7 24 49 35 37 34 43 36 56 32 53 51 27 57 31 26 9 13 20 55 33 30 39 5 44 28 14 8 59 23 3 16 19 1 52 50 10 42 46 15 47 0 22 40 17 38 45 6 41 11 25 21 12 2 4 29
54 17 35 0 32 51 46 22 38 33 59 58 24 55 20 21 28 1 43 30 15 57 3 12 39 13 48 40 8 19 44 5 14 52 36 42 56 45 4 37 25 16 49 41 23 50 7 29 9 34 10 53 6 26 11 18 31 27 47 2
18 48 54 58 7 24 49 35 37 34 43 36 56 32 53 51 3 57 31 26 27 13 20 55 33 30 39 5 44 28 14 8 59 23 9 16 19 1 52 50 10 42 46 15 22 0 47 40 17 38 45 6 41 11 25 21 12 2 4 29
