FACTOR_PERMUTATION_V1 12 16 1024 1 1
10 0 1 1 1 1 1 1 1 1 1 1 0 0 2 2 2 2 2 2 2 2 2 2 0 1 1 2 2 2 2 2 2 2 2 2
0 10 1 1 1 1 1 1 1 1 1 1 0 0 2 2 2 2 2 2 2 2 2 2 1 0 2 2 1 2 2 2 2 2 2 2
1 1 10 0 1 1 1 1 1 1 1 1 2 2 0 0 2 2 2 2 2 2 2 2 1 2 0 1 2 2 2 2 2 2 2 2
1 1 0 10 1 1 1 1 1 1 1 1 2 2 0 0 2 2 2 2 2 2 2 2 2 2 1 0 2 2 1 2 2 2 2 2
1 1 1 1 10 0 1 1 1 1 1 1 2 2 2 2 0 0 2 2 2 2 2 2 2 1 2 2 0 1 2 2 2 2 2 2
1 1 1 1 0 10 1 1 1 1 1 1 2 2 2 2 0 0 2 2 2 2 2 2 2 2 2 2 1 0 2 2 1 2 2 2
1 1 1 1 1 1 10 0 1 1 1 1 2 2 2 2 2 2 0 0 2 2 2 2 2 2 2 1 2 2 0 1 2 2 2 2
1 1 1 1 1 1 0 10 1 1 1 1 2 2 2 2 2 2 0 0 2 2 2 2 2 2 2 2 2 2 1 0 2 2 1 2
1 1 1 1 1 1 1 1 10 0 1 1 2 2 2 2 2 2 2 2 0 0 2 2 2 2 2 2 2 1 2 2 0 1 2 2
1 1 1 1 1 1 1 1 0 10 1 1 2 2 2 2 2 2 2 2 0 0 2 2 2 2 2 2 2 2 2 2 1 0 2 1
1 1 1 1 1 1 1 1 1 1 10 0 2 2 2 2 2 2 2 2 2 2 0 0 2 2 2 2 2 2 2 1 2 2 0 1
1 1 1 1 1 1 1 1 1 1 0 10 2 2 2 2 2 2 2 2 2 2 0 0 2 2 2 2 2 2 2 2 2 1 1 0
0 0 2 2 2 2 2 2 2 2 2 2 10 0 1 1 1 1 1 1 1 1 1 1 0 1 1 2 2 2 2 2 2 2 2 2
0 0 2 2 2 2 2 2 2 2 2 2 0 10 1 1 1 1 1 1 1 1 1 1 1 0 2 2 1 2 2 2 2 2 2 2
2 2 0 0 2 2 2 2 2 2 2 2 1 1 10 0 1 1 1 1 1 1 1 1 1 2 0 1 2 2 2 2 2 2 2 2
2 2 0 0 2 2 2 2 2 2 2 2 1 1 0 10 1 1 1 1 1 1 1 1 2 2 1 0 2 2 1 2 2 2 2 2
2 2 2 2 0 0 2 2 2 2 2 2 1 1 1 1 10 0 1 1 1 1 1 1 2 1 2 2 0 1 2 2 2 2 2 2
2 2 2 2 0 0 2 2 2 2 2 2 1 1 1 1 0 10 1 1 1 1 1 1 2 2 2 2 1 0 2 2 1 2 2 2
2 2 2 2 2 2 0 0 2 2 2 2 1 1 1 1 1 1 10 0 1 1 1 1 2 2 2 1 2 2 0 1 2 2 2 2
2 2 2 2 2 2 0 0 2 2 2 2 1 1 1 1 1 1 0 10 1 1 1 1 2 2 2 2 2 2 1 0 2 2 1 2
2 2 2 2 2 2 2 2 0 0 2 2 1 1 1 1 1 1 1 1 10 0 1 1 2 2 2 2 2 1 2 2 0 1 2 2
2 2 2 2 2 2 2 2 0 0 2 2 1 1 1 1 1 1 1 1 0 10 1 1 2 2 2 2 2 2 2 2 1 0 2 1
2 2 2 2 2 2 2 2 2 2 0 0 1 1 1 1 1 1 1 1 1 1 10 0 2 2 2 2 2 2 2 1 2 2 0 1
2 2 2 2 2 2 2 2 2 2 0 0 1 1 1 1 1 1 1 1 1 1 0 10 2 2 2 2 2 2 2 2 2 1 1 0
0 1 1 2 2 2 2 2 2 2 2 2 0 1 1 2 2 2 2 2 2 2 2 2 10 1 0 1 1 1 1 1 1 1 1 1
1 0 2 2 1 2 2 2 2 2 2 2 1 0 2 2 1 2 2 2 2 2 2 2 1 10 1 1 0 1 1 1 1 1 1 1
1 2 0 1 2 2 2 2 2 2 2 2 1 2 0 1 2 2 2 2 2 2 2 2 0 1 10 1 1 1 1 1 1 1 1 1
2 2 1 0 2 2 1 2 2 2 2 2 2 2 1 0 2 2 1 2 2 2 2 2 1 1 1 10 1 1 0 1 1 1 1 1
2 1 2 2 0 1 2 2 2 2 2 2 2 1 2 2 0 1 2 2 2 2 2 2 1 0 1 1 10 1 1 1 1 1 1 1
2 2 2 2 1 0 2 2 1 2 2 2 2 2 2 2 1 0 2 2 1 2 2 2 1 1 1 1 1 10 1 1 0 1 1 1
2 2 2 1 2 2 0 1 2 2 2 2 2 2 2 1 2 2 0 1 2 2 2 2 1 1 1 0 1 1 10 1 1 1 1 1
2 2 2 2 2 2 1 0 2 2 1 2 2 2 2 2 2 2 1 0 2 2 1 2 1 1 1 1 1 1 1 10 1 1 0 1
2 2 2 2 2 1 2 2 0 1 2 2 2 2 2 2 2 1 2 2 0 1 2 2 1 1 1 1 1 0 1 1 10 1 1 1
2 2 2 2 2 2 2 2 1 0 2 1 2 2 2 2 2 2 2 2 1 0 2 1 1 1 1 1 1 1 1 1 1 10 1 0
2 2 2 2 2 2 2 1 2 2 0 1 2 2 2 2 2 2 2 1 2 2 0 1 1 1 1 1 1 1 1 0 1 1 10 1
2 2 2 2 2 2 2 2 2 1 1 0 2 2 2 2 2 2 2 2 2 1 1 0 1 1 1 1 1 1 1 1 1 0 1 10
0 2
0 3
0 4
0 5
0 6
0 7
0 8
0 9
0 10
0 11
1 2
1 3
1 4
1 5
1 6
1 7
1 8
1 9
1 10
1 11
2 4
2 5
2 6
2 7
2 8
2 9
2 10
2 11
3 4
3 5
3 6
3 7
3 8
3 9
3 10
3 11
4 6
4 7
4 8
4 9
4 10
4 11
5 6
5 7
5 8
5 9
5 10
5 11
6 8
6 9
6 10
6 11
7 8
7 9
7 10
7 11
8 10
8 11
9 10
9 11
0 2
0 3
0 4
0 5
0 6
0 7
0 8
0 9
0 10
0 11
1 2
1 3
1 4
1 5
1 6
1 7
1 8
1 9
1 10
1 11
2 4
2 5
2 6
2 7
2 8
2 9
2 10
2 11
3 4
3 5
3 6
3 7
3 8
3 9
3 10
3 11
4 6
4 7
4 8
4 9
4 10
4 11
5 6
5 7
5 8
5 9
5 10
5 11
6 8
6 9
6 10
6 11
7 8
7 9
7 10
7 11
8 10
8 11
9 10
9 11
0 1
0 3
0 4
0 5
0 6
0 7
0 8
0 9
0 10
0 11
1 2
1 3
1 5
1 6
1 7
1 8
1 9
1 10
1 11
2 3
2 4
2 5
2 6
2 7
2 8
2 9
2 10
2 11
3 4
3 5
3 7
3 8
3 9
3 10
3 11
4 5
4 6
4 7
4 8
4 9
4 10
4 11
5 6
5 7
5 9
5 10
5 11
6 7
6 8
6 9
6 10
6 11
7 8
7 9
7 11
8 9
8 10
8 11
9 10
10 11
13920159899931376014 3072
52 51 57 26 24 12 30 37 58 21 45 53 22 56 34 20 27 28 29 55 5 48 2 9 43 10 14 11 16 19 32 33 3 50 38 36 46 31 7 54 0 40 59 8 15 1 35 49 41 6 13 17 18 47 39 44 42 25 23 4
39 58 43 36 18 29 56 27 31 52 17 9 3 4 45 32 38 47 25 28 24 59 55 42 40 30 46 50 26 48 35 41 14 7 54 15 51 6 33 12 49 16 23 37 53 57 11 10 0 19 2 44 22 8 21 1 34 5 13 20
52 57 51 26 24 12 30 37 58 21 45 53 22 56 34 20 27 28 29 55 5 48 2 9 43 10 14 11 16 19 32 39 3 50 38 36 46 35 7 54 0 40 59 8 15 1 31 49 41 6 17 13 18 47 25 44 4 33 23 42
39 16 43 36 18 29 56 27 31 52 17 40 3 4 46 32 38 47 25 19 55 37 24 42 9 30 45 48 26 50 35 41 14 7 54 15 51 6 28 12 49 58 23 57 53 59 11 10 0 33 2 44 22 8 21 1 34 5 13 20
15494519106042493633 3072
49 23 19 36 45 26 6 59 37 32 17 40 53 47 35 21 10 55 48 34 54 9 56 52 41 46 51 43 30 58 38 13 31 44 3 16 2 57 8 42 33 20 0 11 50 24 7 14 27 18 15 22 4 28 25 1 29 39 12 5
55 38 42 31 10 53 50 37 28 27 59 44 51 49 6 56 9 19 21 52 57 40 36 3 23 14 0 33 45 2 58 24 17 5 18 34 15 11 32 8 47 25 54 16 22 13 26 30 43 20 7 35 41 46 29 4 39 1 48 12
49 23 19 36 45 26 6 27 31 32 17 40 53 47 35 21 10 55 48 34 54 9 56 52 41 46 51 43 30 58 38 13 37 44 3 16 2 57 8 42 33 20 0 11 50 24 7 14 59 18 15 22 4 28 25 1 29 39 12 5
55 38 42 31 10 58 50 37 28 27 59 44 51 49 6 56 9 19 21 52 57 40 34 3 23 14 0 33 45 2 53 24 17 5 18 36 15 11 32 8 47 25 54 16 22 13 26 30 43 20 7 12 41 46 29 4 39 1 48 35
7468169088472417331 3072
54 22 7 57 59 40 51 31 36 13 55 45 46 26 37 33 23 14 56 32 24 17 58 44 4 35 41 16 34 48 38 18 15 43 53 39 9 19 28 27 49 5 10 30 8 2 1 52 29 12 11 42 47 0 6 25 3 20 21 50
49 29 30 14 12 55 40 37 6 27 24 5 8 44 54 50 18 53 34 42 39 56 21 2 43 46 13 11 52 59 26 3 22 15 16 35 57 31 9 4 51 45 41 10 36 25 7 1 58 33 28 0 32 17 38 23 19 48 47 20
54 22 25 57 59 40 51 31 36 13 55 45 42 26 37 33 23 14 56 32 24 17 58 44 4 35 41 7 34 48 38 18 15 43 53 39 9 19 28 27 49 5 10 30 8 2 1 52 29 12 11 46 47 0 6 16 3 20 21 50
49 29 30 14 12 55 37 40 6 27 24 5 8 44 54 50 18 53 34 42 39 56 21 2 43 46 13 11 52 59 26 3 22 15 16 35 57 31 9 4 51 45 41 10 36 25 7 1 58 33 28 0 32 17 38 23 19 48 47 20
5737022957829503404 3072
59 42 35 5 24 34 55 20 45 48 50 41 56 57 27 28 46 31 14 53 16 54 19 36 1 47 7 38 4 58 25 44 2 9 32 15 18 40 29 49 23 0 33 6 22 52 12 26 43 8 30 3 13 21 17 39 51 10 37 11
43 54 26 28 59 55 4 47 11 10 42 44 5 33 52 9 34 40 27 21 32 13 57 58 23 0 51 2 56 37 17 48 50 41 12 7 19 24 18 6 46 49 8 14 1 22 16 15 25 3 35 53 45 20 36 29 39 38 31 30
59 42 35 5 24 34 55 20 45 48 50 41 56 57 27 28 46 31 14 53 16 54 19 36 1 47 7 38 4 58 25 44 2 9 32 15 18 40 29 49 23 0 33 6 22 52 12 26 43 8 30 3 13 21 17 39 51 10 37 11
43 54 26 28 59 55 4 47 11 10 42 44 5 33 52 9 34 40 27 21 32 13 57 58 23 0 51 2 56 37 17 48 50 41 12 7 19 24 18 6 46 49 8 14 1 22 16 15 25 3 35 53 45 20 36 29 39 38 31 30
3132081289410413887 3072
37 36 56 49 47 58 29 2 23 27 33 51 30 26 43 8 41 21 16 45 17 42 6 38 54 44 7 48 18 39 46 52 19 34 3 53 20 9 35 5 24 4 32 10 31 57 50 15 0 14 59 28 25 55 13 1 12 22 11 40
49 3 1 23 48 20 54 34 45 12 56 40 44 46 39 53 30 8 21 19 5 24 59 16 42 14 35 41 57 47 58 9 28 10 55 17 27 13 25 22 52 33 2 32 18 50 0 31 37 43 11 7 15 6 51 29 26 4 36 38
37 36 56 49 47 58 29 2 23 27 33 51 30 26 43 8 41 21 16 45 17 42 6 38 54 44 7 48 18 39 46 52 19 34 3 53 20 9 35 5 24 4 32 10 31 57 50 15 0 14 59 28 25 55 13 1 12 22 11 40
49 3 1 23 48 20 54 34 45 12 56 40 44 46 39 53 30 8 21 19 5 24 59 16 29 14 35 41 57 47 58 9 28 10 55 17 27 13 25 22 52 33 2 32 18 50 0 31 37 43 11 7 15 6 51 42 26 4 36 38
8351502530714881916 3072
37 48 30 59 50 25 11 21 0 57 49 17 55 29 20 56 27 46 36 32 9 44 19 13 54 51 18 1 40 58 45 41 5 12 42 52 23 16 26 31 7 14 24 4 34 2 15 53 3 35 6 28 47 22 38 8 33 39 43 10
38 45 17 30 25 16 37 48 41 36 46 49 57 7 43 26 56 52 39 14 47 58 50 51 28 11 6 44 18 0 40 31 59 53 5 3 32 20 13 42 1 24 9 55 34 22 12 23 54 2 15 27 10 35 4 29 21 8 19 33
37 48 34 59 50 21 11 25 0 57 49 17 29 55 20 52 27 56 36 32 9 44 19 13 54 51 18 1 23 58 45 41 5 12 42 46 40 16 26 31 7 14 24 4 30 2 15 53 3 35 6 39 47 22 38 8 33 28 43 10
38 45 26 30 25 16 37 52 59 36 50 49 57 7 43 24 56 3 41 14 54 58 46 4 28 11 48 44 18 0 40 31 39 53 5 27 32 20 13 42 1 6 9 55 34 22 12 23 47 2 15 17 10 35 51 29 21 8 19 33
15233921159889470286 3072
48 55 41 25 24 58 43 34 44 14 51 38 8 42 33 32 26 57 53 37 17 7 13 16 54 0 39 31 2 23 56 18 36 3 11 47 27 29 50 15 52 49 19 46 35 5 28 6 1 40 21 59 9 12 4 20 10 45 22 30
39 46 33 31 18 15 37 47 22 44 23 3 51 59 45 54 58 1 28 48 52 12 34 50 11 36 53 55 49 8 20 2 57 56 24 14 38 7 29 9 16 10 25 32 13 19 40 30 5 43 0 4 21 17 6 27 42 26 41 35
48 55 41 25 24 58 43 34 44 14 51 38 8 42 33 32 26 57 53 37 17 7 13 16 54 0 39 31 2 23 56 18 36 3 11 47 27 29 50 15 52 49 19 46 35 5 28 6 1 40 21 59 9 12 4 20 10 45 22 30
39 46 33 31 18 15 37 47 22 44 23 3 51 59 45 54 58 1 28 48 52 12 34 50 11 36 53 55 49 8 20 2 57 56 24 14 38 7 29 9 16 10 25 32 13 19 40 30 5 43 0 4 21 17 6 27 42 26 41 35
13248119838657357871 3072
53 52 18 32 59 21 12 42 26 29 47 48 24 55 16 33 34 43 37 39 5 50 40 27 19 56 30 7 58 35 41 8 45 51 10 15 22 6 9 17 31 36 0 13 20 57 49 25 54 2 44 11 46 28 38 14 3 4 1 23
14 59 48 7 29 16 1 56 39 22 32 37 43 23 26 35 57 9 49 6 55 12 54 38 42 36 18 40 4 8 15 45 53 47 46 31 58 34 50 5 28 27 51 41 33 19 24 13 20 21 0 52 10 3 25 44 30 2 17 11
53 52 18 32 59 21 12 42 26 29 47 48 24 55 16 33 34 43 37 25 5 50 40 27 19 56 30 7 58 35 41 8 45 9 10 15 22 6 51 17 31 36 0 13 20 57 49 39 54 2 44 11 46 28 38 14 3 4 1 23
14 59 48 7 29 16 1 56 39 22 32 37 43 23 26 35 57 9 49 6 55 12 54 38 42 36 18 40 4 8 15 45 53 47 46 31 58 34 50 5 28 27 51 41 33 19 24 13 20 21 0 52 10 3 25 44 30 2 17 11
12045531783117628988 3072
40 45 58 53 50 44 1 31 48 41 47 49 32 33 55 34 20 46 23 4 6 56 12 27 13 8 42 43 10 9 57 52 54 36 3 18 25 26 5 51 35 37 29 0 30 14 11 16 21 2 17 28 59 19 39 7 38 22 15 24
57 50 1 40 52 27 36 46 12 47 5 41 58 14 29 44 26 22 48 31 33 4 45 55 49 35 20 18 43 56 2 11 10 8 53 38 51 28 9 13 24 25 39 16 59 32 34 23 15 54 21 0 19 17 6 42 30 3 7 37
40 45 58 53 50 44 1 31 48 41 47 49 32 33 55 34 20 46 23 4 6 56 12 27 13 8 42 43 10 9 57 52 54 36 3 18 25 26 5 51 35 37 29 0 30 14 11 16 21 2 17 28 59 19 39 7 38 22 15 24
57 50 1 40 52 27 36 46 12 47 5 41 58 14 29 44 26 22 48 31 33 4 45 55 49 35 20 18 43 56 2 11 10 8 53 38 51 28 9 13 24 25 39 16 59 32 34 23 15 54 21 0 19 17 6 42 30 3 7 37
12444922697652639724 3072
36 45 50 31 39 54 24 27 43 52 22 0 32 23 58 41 13 35 19 56 38 37 59 47 46 18 6 7 34 48 5 49 12 2 15 44 1 20 55 53 4 14 29 16 8 11 25 9 51 57 26 10 21 3 40 33 17 28 30 42
58 26 27 39 31 1 47 56 51 12 46 55 9 33 21 22 53 52 42 28 23 57 37 34 13 40 32 43 44 0 35 15 45 54 6 36 59 49 19 4 30 48 14 25 50 29 38 10 2 17 16 3 41 24 5 8 18 11 20 7
36 45 50 31 39 11 24 27 37 52 22 5 32 21 58 20 13 35 19 56 57 15 59 47 46 18 6 7 34 48 0 26 12 2 43 44 23 41 55 53 4 14 29 16 8 54 25 9 51 38 49 10 1 3 40 33 17 28 30 42
58 26 27 39 31 35 47 3 51 12 46 24 9 33 21 22 53 52 42 28 23 57 37 34 13 40 32 43 44 0 55 15 45 54 6 36 59 49 19 4 30 48 14 25 50 29 38 10 2 17 16 7 41 11 5 8 18 1 20 56
7505572945824382462 3072
54 48 44 22 25 20 51 1 45 19 36 59 31 52 2 24 40 55 30 21 49 17 56 15 27 47 3 39 41 53 18 8 4 43 11 6 35 10 14 50 26 7 46 34 9 28 57 5 13 0 12 32 58 33 38 29 23 37 42 16
52 46 36 59 29 34 16 47 26 31 58 48 57 33 44 53 24 11 35 5 55 43 18 21 51 19 32 40 23 0 20 56 17 41 7 28 8 50 30 3 12 54 49 39 42 6 2 25 9 38 15 10 1 13 27 14 37 4 22 45
19 48 44 22 25 20 51 1 45 54 36 59 31 52 2 24 40 27 30 21 49 17 56 15 8 55 3 39 41 53 18 47 4 43 11 6 35 10 14 50 26 7 46 34 9 28 57 5 13 0 12 32 58 33 38 29 23 37 42 16
52 46 36 59 29 34 16 47 26 31 58 48 57 33 44 53 24 11 35 5 55 43 18 21 51 42 32 40 23 0 20 56 17 41 7 28 8 50 30 3 12 54 49 39 19 6 2 25 9 38 15 10 1 13 27 14 37 4 22 45
17407918196113264670 3072
25 56 0 42 39 33 43 19 40 23 14 51 32 57 34 44 53 45 58 20 54 9 38 47 36 35 5 12 41 49 13 55 18 4 7 24 59 6 48 31 30 17 15 28 1 22 16 52 27 8 11 46 26 10 21 50 3 2 37 29
43 46 44 33 50 41 16 30 48 38 57 55 54 8 58 47 29 22 28 24 11 36 32 35 5 0 59 14 53 18 40 19 20 2 52 13 27 31 26 37 7 4 6 10 51 34 25 39 15 12 21 23 49 45 9 3 17 1 42 56
25 56 0 42 39 33 43 19 40 23 14 51 32 57 34 44 53 20 58 45 54 9 38 47 36 35 5 12 41 49 13 55 18 46 7 52 59 6 48 31 30 17 15 28 1 22 16 24 27 8 11 4 26 10 21 50 3 2 37 29
43 46 58 1 41 50 16 30 48 38 57 44 54 8 55 47 29 22 28 24 17 36 32 35 53 0 59 34 5 18 40 19 20 2 52 13 27 31 26 37 7 4 6 10 51 33 25 39 15 3 21 23 49 14 9 12 11 45 42 56
3666925130053853356 3072
48 7 59 22 25 47 41 21 31 37 44 27 20 9 58 28 40 16 51 30 18 55 3 39 15 4 8 45 50 56 38 13 5 43 33 36 14 57 11 53 52 1 54 2 49 32 10 17 29 35 12 6 0 26 24 34 46 23 42 19
59 28 42 55 45 14 37 53 31 51 36 56 9 32 16 3 33 50 21 25 44 17 57 8 39 12 52 30 48 5 15 27 46 2 10 43 1 19 54 26 7 40 20 49 41 18 47 6 58 4 24 23 13 34 35 38 22 0 11 29
48 7 59 22 25 47 41 21 31 37 44 27 20 9 58 28 40 16 51 30 18 55 3 39 15 4 8 45 50 56 38 13 5 43 33 36 14 57 11 53 52 1 54 2 49 32 10 17 29 35 12 6 0 26 24 34 46 23 42 19
59 28 42 55 45 14 37 53 31 51 36 56 9 32 16 3 33 50 21 25 44 17 57 8 39 12 52 30 48 5 15 27 46 2 10 43 1 19 54 26 7 40 20 49 41 18 47 6 58 4 24 23 13 34 35 38 22 0 11 29
1532845475089481612 3072
57 32 31 24 58 47 36 26 13 6 43 59 44 55 29 38 41 14 54 20 2 49 39 18 42 46 23 12 8 5 16 33 40 37 48 45 56 50 27 15 25 30 34 19 17 1 28 52 35 9 4 0 11 21 3 53 7 22 10 51
37 0 57 34 36 55 27 42 28 17 49 21 23 25 45 4 30 40 9 31 51 56 8 44 18 11 35 24 43 33 46 41 58 16 48 5 19 6 50 26 12 39 15 13 1 54 7 20 2 38 32 53 52 59 10 29 22 14 47 3
57 32 31 24 58 47 36 26 13 6 43 59 44 55 29 38 41 14 54 20 2 49 39 18 42 46 23 12 8 5 16 33 40 37 48 45 56 50 27 15 25 30 34 19 17 1 28 52 35 9 4 0 11 21 3 53 7 22 10 51
37 0 57 34 36 55 27 42 28 17 49 21 23 25 45 4 30 40 9 31 51 56 8 44 18 11 35 24 43 33 46 41 58 16 48 5 19 6 50 26 12 39 15 13 1 54 7 20 2 38 32 53 52 59 10 29 22 14 47 3
7892328810099612639 3072
3 41 32 59 46 49 23 10 31 42 26 36 51 6 27 43 35 40 52 33 25 18 2 47 48 39 15 38 17 37 44 57 45 4 7 0 1 56 50 55 54 14 58 11 9 19 22 24 20 13 16 5 8 12 28 53 30 29 21 34
54 52 36 25 32 35 17 50 41 26 48 53 33 30 46 6 22 20 18 4 8 45 57 16 10 59 39 29 43 49 40 0 34 2 24 42 58 51 9 3 19 55 13 27 37 31 1 38 23 21 7 15 44 11 56 28 12 5 47 14
3 41 32 35 46 49 23 10 31 42 43 36 51 6 27 26 59 40 52 33 39 18 30 47 48 25 15 38 17 37 44 57 45 4 7 0 1 56 50 55 54 14 58 11 9 19 22 24 20 13 16 5 8 12 28 53 2 29 21 34
54 52 36 25 32 35 17 50 12 26 48 53 33 30 46 6 22 20 18 4 8 45 57 16 10 59 39 29 43 49 40 0 34 2 24 42 58 51 9 3 19 55 13 27 37 31 1 38 23 21 7 15 44 11 56 28 41 5 47 14
1724207497892760786 3072
54 53 35 0 57 51 46 22 28 45 59 58 24 55 20 21 36 1 43 30 15 32 3 11 39 13 48 40 8 19 44 18 14 5 38 42 56 33 4 37 25 16 49 41 23 50 7 29 9 34 10 17 6 26 12 52 31 27 47 2
34 48 54 58 7 24 49 35 37 18 43 36 56 32 53 51 3 57 31 26 27 5 20 55 33 30 39 13 44 28 14 8 59 23 9 16 19 1 52 50 10 42 46 15 22 0 47 40 17 38 45 6 41 11 25 21 12 2 4 29
54 53 35 0 57 51 46 22 28 45 59 58 24 55 20 21 36 11 43 30 15 32 3 1 39 13 48 40 8 19 44 18 14 5 38 42 56 33 4 37 25 16 49 41 23 50 7 29 9 34 10 17 6 26 12 52 31 27 47 2
34 48 54 58 42 24 49 35 37 18 43 36 56 32 53 51 3 57 31 26 46 5 20 55 33 30 39 22 44 28 14 21 59 23 9 16 19 1 52 50 10 13 27 15 7 0 47 40 17 38 45 6 41 11 25 8 12 2 4 29
