FACTOR_PERMUTATION_V1 12 16 1024 1 1
10 0 1 1 1 1 1 1 1 1 1 1 0 0 2 2 2 2 2 2 2 2 2 2 0 1 1 2 2 2 2 2 2 2 2 2
0 10 1 1 1 1 1 1 1 1 1 1 0 0 2 2 2 2 2 2 2 2 2 2 1 0 2 2 1 2 2 2 2 2 2 2
1 1 10 0 1 1 1 1 1 1 1 1 2 2 0 0 2 2 2 2 2 2 2 2 1 2 0 1 2 2 2 2 2 2 2 2
1 1 0 10 1 1 1 1 1 1 1 1 2 2 0 0 2 2 2 2 2 2 2 2 2 2 1 0 2 2 1 2 2 2 2 2
1 1 1 1 10 0 1 1 1 1 1 1 2 2 2 2 0 0 2 2 2 2 2 2 2 1 2 2 0 1 2 2 2 2 2 2
1 1 1 1 0 10 1 1 1 1 1 1 2 2 2 2 0 0 2 2 2 2 2 2 2 2 2 2 1 0 2 2 1 2 2 2
1 1 1 1 1 1 10 0 1 1 1 1 2 2 2 2 2 2 0 0 2 2 2 2 2 2 2 1 2 2 0 1 2 2 2 2
1 1 1 1 1 1 0 10 1 1 1 1 2 2 2 2 2 2 0 0 2 2 2 2 2 2 2 2 2 2 1 0 2 2 1 2
1 1 1 1 1 1 1 1 10 0 1 1 2 2 2 2 2 2 2 2 0 0 2 2 2 2 2 2 2 1 2 2 0 1 2 2
1 1 1 1 1 1 1 1 0 10 1 1 2 2 2 2 2 2 2 2 0 0 2 2 2 2 2 2 2 2 2 2 1 0 2 1
1 1 1 1 1 1 1 1 1 1 10 0 2 2 2 2 2 2 2 2 2 2 0 0 2 2 2 2 2 2 2 1 2 2 0 1
1 1 1 1 1 1 1 1 1 1 0 10 2 2 2 2 2 2 2 2 2 2 0 0 2 2 2 2 2 2 2 2 2 1 1 0
0 0 2 2 2 2 2 2 2 2 2 2 10 0 1 1 1 1 1 1 1 1 1 1 0 1 1 2 2 2 2 2 2 2 2 2
0 0 2 2 2 2 2 2 2 2 2 2 0 10 1 1 1 1 1 1 1 1 1 1 1 0 2 2 1 2 2 2 2 2 2 2
2 2 0 0 2 2 2 2 2 2 2 2 1 1 10 0 1 1 1 1 1 1 1 1 1 2 0 1 2 2 2 2 2 2 2 2
2 2 0 0 2 2 2 2 2 2 2 2 1 1 0 10 1 1 1 1 1 1 1 1 2 2 1 0 2 2 1 2 2 2 2 2
2 2 2 2 0 0 2 2 2 2 2 2 1 1 1 1 10 0 1 1 1 1 1 1 2 1 2 2 0 1 2 2 2 2 2 2
2 2 2 2 0 0 2 2 2 2 2 2 1 1 1 1 0 10 1 1 1 1 1 1 2 2 2 2 1 0 2 2 1 2 2 2
2 2 2 2 2 2 0 0 2 2 2 2 1 1 1 1 1 1 10 0 1 1 1 1 2 2 2 1 2 2 0 1 2 2 2 2
2 2 2 2 2 2 0 0 2 2 2 2 1 1 1 1 1 1 0 10 1 1 1 1 2 2 2 2 2 2 1 0 2 2 1 2
2 2 2 2 2 2 2 2 0 0 2 2 1 1 1 1 1 1 1 1 10 0 1 1 2 2 2 2 2 1 2 2 0 1 2 2
2 2 2 2 2 2 2 2 0 0 2 2 1 1 1 1 1 1 1 1 0 10 1 1 2 2 2 2 2 2 2 2 1 0 2 1
2 2 2 2 2 2 2 2 2 2 0 0 1 1 1 1 1 1 1 1 1 1 10 0 2 2 2 2 2 2 2 1 2 2 0 1
2 2 2 2 2 2 2 2 2 2 0 0 1 1 1 1 1 1 1 1 1 1 0 10 2 2 2 2 2 2 2 2 2 1 1 0
0 1 1 2 2 2 2 2 2 2 2 2 0 1 1 2 2 2 2 2 2 2 2 2 10 1 0 1 1 1 1 1 1 1 1 1
1 0 2 2 1 2 2 2 2 2 2 2 1 0 2 2 1 2 2 2 2 2 2 2 1 10 1 1 0 1 1 1 1 1 1 1
1 2 0 1 2 2 2 2 2 2 2 2 1 2 0 1 2 2 2 2 2 2 2 2 0 1 10 1 1 1 1 1 1 1 1 1
2 2 1 0 2 2 1 2 2 2 2 2 2 2 1 0 2 2 1 2 2 2 2 2 1 1 1 10 1 1 0 1 1 1 1 1
2 1 2 2 0 1 2 2 2 2 2 2 2 1 2 2 0 1 2 2 2 2 2 2 1 0 1 1 10 1 1 1 1 1 1 1
2 2 2 2 1 0 2 2 1 2 2 2 2 2 2 2 1 0 2 2 1 2 2 2 1 1 1 1 1 10 1 1 0 1 1 1
2 2 2 1 2 2 0 1 2 2 2 2 2 2 2 1 2 2 0 1 2 2 2 2 1 1 1 0 1 1 10 1 1 1 1 1
2 2 2 2 2 2 1 0 2 2 1 2 2 2 2 2 2 2 1 0 2 2 1 2 1 1 1 1 1 1 1 10 1 1 0 1
2 2 2 2 2 1 2 2 0 1 2 2 2 2 2 2 2 1 2 2 0 1 2 2 1 1 1 1 1 0 1 1 10 1 1 1
2 2 2 2 2 2 2 2 1 0 2 1 2 2 2 2 2 2 2 2 1 0 2 1 1 1 1 1 1 1 1 1 1 10 1 0
2 2 2 2 2 2 2 1 2 2 0 1 2 2 2 2 2 2 2 1 2 2 0 1 1 1 1 1 1 1 1 0 1 1 10 1
2 2 2 2 2 2 2 2 2 1 1 0 2 2 2 2 2 2 2 2 2 1 1 0 1 1 1 1 1 1 1 1 1 0 1 10
0 2
0 3
0 4
0 5
0 6
0 7
0 8
0 9
0 10
0 11
1 2
1 3
1 4
1 5
1 6
1 7
1 8
1 9
1 10
1 11
2 4
2 5
2 6
2 7
2 8
2 9
2 10
2 11
3 4
3 5
3 6
3 7
3 8
3 9
3 10
3 11
4 6
4 7
4 8
4 9
4 10
4 11
5 6
5 7
5 8
5 9
5 10
5 11
6 8
6 9
6 10
6 11
7 8
7 9
7 10
7 11
8 10
8 11
9 10
9 11
0 2
0 3
0 4
0 5
0 6
0 7
0 8
0 9
0 10
0 11
1 2
1 3
1 4
1 5
1 6
1 7
1 8
1 9
1 10
1 11
2 4
2 5
2 6
2 7
2 8
2 9
2 10
2 11
3 4
3 5
3 6
3 7
3 8
3 9
3 10
3 11
4 6
4 7
4 8
4 9
4 10
4 11
5 6
5 7
5 8
5 9
5 10
5 11
6 8
6 9
6 10
6 11
7 8
7 9
7 10
7 11
8 10
8 11
9 10
9 11
0 1
0 3
0 4
0 5
0 6
0 7
0 8
0 9
0 10
0 11
1 2
1 3
1 5
1 6
1 7
1 8
1 9
1 10
1 11
2 3
2 4
2 5
2 6
2 7
2 8
2 9
2 10
2 11
3 4
3 5
3 7
3 8
3 9
3 10
3 11
4 5
4 6
4 7
4 8
4 9
4 10
4 11
5 6
5 7
5 9
5 10
5 11
6 7
6 8
6 9
6 10
6 11
7 8
7 9
7 11
8 9
8 10
8 11
9 10
10 11
14875271919187675384 2048
52 57 51 26 24 12 30 40 46 21 58 53 22 56 50 39 27 28 29 55 5 48 2 9 43 10 14 11 16 19 18 25 3 34 38 36 45 35 7 54 0 37 59 8 15 1 31 49 41 44 17 32 13 47 20 6 4 33 23 42
37 12 57 36 18 29 8 27 31 52 17 51 3 4 46 32 38 47 25 19 55 39 58 42 9 30 45 48 26 22 7 40 14 35 54 15 50 5 28 13 49 6 23 24 53 59 11 43 0 33 2 44 41 16 21 1 34 10 56 20
52 57 51 26 24 12 30 40 46 21 58 53 22 56 50 39 27 28 29 55 5 48 2 9 43 10 14 11 16 19 18 20 3 34 38 36 45 35 7 54 0 37 59 8 15 1 31 49 41 44 17 32 13 47 23 6 4 33 25 42
37 12 57 36 18 29 8 27 31 52 17 51 43 4 46 32 38 47 25 19 55 39 58 42 9 30 45 48 26 22 7 40 14 35 54 15 50 5 28 13 49 6 23 24 53 59 11 3 0 33 2 44 41 16 21 1 34 10 56 20
12164227652107239575 2048
49 23 19 43 45 26 9 27 31 48 17 50 20 47 35 22 10 55 32 2 5 6 56 52 13 46 51 36 30 58 38 41 37 44 3 16 34 57 8 4 33 53 0 11 40 24 7 14 59 18 15 21 42 28 25 1 29 39 12 54
55 57 42 31 50 16 26 37 18 27 59 44 49 51 6 56 9 19 21 52 38 40 34 3 23 14 0 33 8 2 53 24 17 5 29 36 15 11 32 45 47 25 54 58 22 13 10 30 43 20 7 12 41 46 28 4 39 1 48 35
49 23 19 43 45 26 9 27 31 48 17 50 20 47 35 22 10 55 32 2 5 6 56 52 13 46 51 12 30 58 38 41 37 44 3 16 34 57 8 4 33 53 0 11 40 24 7 14 59 18 15 21 42 28 25 1 29 39 36 54
55 57 42 31 50 16 26 37 18 27 59 44 49 51 6 56 9 19 21 52 38 40 34 3 23 14 0 33 8 2 53 24 17 5 29 36 15 11 32 45 47 25 54 58 22 13 10 30 43 20 7 12 41 46 28 4 39 1 48 35
2827434984757998010 2048
54 22 3 57 59 40 52 31 36 13 55 41 56 26 28 33 23 14 42 32 24 17 58 44 4 35 16 7 34 48 38 18 47 43 53 25 8 19 49 27 11 5 10 30 9 2 1 37 29 12 39 46 15 0 6 45 51 20 21 50
49 29 30 14 13 55 27 40 6 51 24 16 8 34 54 50 18 53 19 42 39 56 21 2 37 46 12 11 52 9 26 3 22 15 5 35 57 31 59 4 23 45 38 10 36 25 7 1 58 33 28 0 32 47 41 43 44 48 17 20
54 22 3 57 59 40 52 31 36 13 55 41 56 26 28 33 23 14 42 32 24 17 58 44 4 35 16 7 34 48 38 18 47 43 53 25 8 19 49 27 11 5 10 30 9 2 1 37 29 12 39 46 15 0 6 45 51 20 21 50
49 29 30 14 13 55 27 40 6 51 24 16 8 34 54 50 18 53 19 42 39 56 21 2 37 46 12 11 52 59 26 3 22 15 5 35 57 31 9 4 23 45 38 10 36 25 7 1 58 33 28 0 32 47 41 43 44 48 17 20
4443312762573142182 2048
57 42 35 5 24 34 55 20 45 36 26 40 56 59 27 28 46 31 14 53 0 54 19 48 33 47 7 38 4 58 25 44 2 9 32 15 18 41 43 49 23 16 29 6 22 52 12 1 50 8 30 3 13 21 17 39 51 10 37 11
43 54 26 28 59 55 48 47 4 10 42 44 5 33 14 7 11 40 27 21 32 13 57 17 23 58 0 2 56 37 15 34 50 3 12 6 19 24 18 9 46 49 8 52 1 22 53 51 25 41 35 16 45 20 36 29 39 38 31 30
57 42 28 5 24 34 55 20 45 36 26 37 56 59 27 35 46 31 14 53 0 54 47 48 33 19 7 38 4 58 25 44 2 9 32 15 18 41 43 49 23 16 11 6 22 52 12 1 50 8 30 3 13 21 17 39 51 10 40 29
43 54 26 28 59 55 48 47 4 12 42 44 5 33 14 7 11 40 27 21 32 13 57 17 23 58 0 2 56 37 15 34 50 3 10 6 19 24 18 9 46 49 8 52 1 22 53 51 25 41 35 16 45 20 36 29 39 38 31 30
10362773241480214651 2048
37 36 56 9 59 58 29 2 23 44 33 51 30 26 43 8 41 21 16 45 17 42 6 38 54 27 25 19 18 39 46 52 48 34 3 53 20 49 35 5 24 4 32 10 31 57 50 15 0 14 47 28 7 55 13 1 12 22 11 40
49 6 1 23 48 20 54 34 45 12 56 39 44 57 22 42 30 8 43 19 5 24 59 16 29 14 35 40 13 17 58 9 41 10 55 47 27 46 25 28 52 15 2 32 18 50 0 31 37 21 11 7 33 3 51 53 26 4 36 38
37 36 56 9 59 58 29 2 30 44 33 51 23 26 43 8 41 21 16 45 17 42 6 38 54 27 25 19 18 39 46 52 48 34 3 53 20 49 35 5 24 4 32 10 31 57 50 15 0 14 47 28 7 55 13 1 12 22 11 40
49 6 1 23 48 20 54 34 45 12 56 39 44 57 22 42 30 8 43 19 5 24 59 16 29 14 35 40 13 17 58 9 41 10 55 47 27 46 25 28 52 15 2 32 18 50 0 31 37 21 11 7 33 3 51 53 26 4 36 38
231780421986300367 2048
37 48 34 59 50 21 11 25 0 57 49 17 29 55 20 52 27 40 36 32 9 44 19 13 54 51 18 1 23 58 45 41 5 12 42 46 56 16 26 31 7 14 24 4 30 2 15 53 3 35 6 39 47 22 38 8 33 28 43 10
38 45 26 36 25 16 37 52 59 30 50 49 57 7 43 24 56 3 41 14 54 58 46 4 28 11 48 44 18 0 40 31 39 53 5 27 32 20 13 42 1 6 9 55 34 22 12 23 47 2 15 17 10 35 51 29 21 8 19 33
37 48 34 59 50 21 11 25 0 57 49 17 29 55 20 52 27 40 36 32 9 44 19 13 54 51 18 1 23 58 45 41 5 12 42 46 56 16 26 31 7 14 24 4 30 2 15 53 3 35 6 39 47 22 38 8 33 28 43 10
38 45 26 36 25 16 37 52 59 30 50 49 57 7 43 24 56 3 41 14 54 58 46 4 28 11 48 44 18 0 40 31 39 53 5 27 32 20 13 42 1 6 9 55 34 22 12 23 47 2 15 17 10 35 51 29 21 8 19 33
7913080408997620211 2048
48 55 41 25 24 18 43 34 44 14 51 38 8 42 33 32 26 19 53 37 17 7 13 16 52 0 39 31 2 23 56 58 36 3 11 47 57 29 50 15 5 22 12 46 35 49 27 6 1 40 21 59 9 28 4 20 10 45 54 30
39 46 33 43 18 15 37 47 22 58 23 3 51 59 45 54 16 1 28 48 52 12 34 50 11 36 53 55 49 8 24 2 57 56 20 14 40 7 31 9 44 19 25 32 13 27 38 30 5 29 0 4 21 17 6 41 42 26 10 35
48 55 41 25 24 7 43 34 44 14 51 38 8 42 33 32 26 19 53 37 17 18 13 16 52 0 39 31 20 23 56 58 36 3 11 47 57 29 50 15 5 22 12 46 35 49 27 6 1 40 21 59 9 28 4 2 10 45 54 30
39 46 33 43 18 15 37 47 22 58 23 3 51 59 45 54 16 1 28 48 52 12 34 50 11 36 53 55 49 8 24 2 57 56 20 14 40 7 31 9 44 19 25 32 13 27 38 30 5 29 0 4 21 17 6 41 42 26 10 35
7855573605880388810 2048
53 52 18 32 59 21 12 42 9 29 47 48 24 55 16 33 34 43 37 39 5 30 40 27 19 56 50 7 58 35 41 14 45 20 25 15 22 6 57 17 31 36 0 13 26 51 49 23 54 2 44 11 46 28 38 8 3 4 1 10
17 59 48 5 29 58 25 56 14 22 32 37 43 7 26 4 18 9 49 35 55 12 54 38 42 36 3 40 6 8 15 45 53 47 46 31 16 34 50 23 28 27 51 41 33 19 24 13 20 21 0 52 10 57 1 44 30 2 39 11
53 52 18 32 59 21 12 42 9 29 47 48 24 55 16 33 34 43 37 7 5 30 40 27 19 8 50 39 58 35 41 14 3 20 25 15 22 6 57 17 31 36 0 13 26 51 49 23 54 2 44 11 46 28 38 56 45 4 1 10
40 27 48 5 28 39 25 56 14 22 32 37 43 8 26 4 18 9 49 35 55 12 54 38 42 36 3 17 6 7 15 45 53 47 46 31 16 59 50 23 29 34 51 41 33 19 24 13 20 21 0 52 10 57 1 44 30 2 58 11
10730531434671637318 2048
40 58 43 53 50 44 1 31 48 20 51 42 32 33 57 28 41 46 23 5 6 56 13 11 12 8 49 45 10 9 34 52 54 36 3 16 27 26 4 59 35 37 55 0 30 14 25 18 21 2 17 29 19 47 39 7 38 22 15 24
57 17 1 40 52 9 53 46 12 47 5 41 58 14 29 44 50 22 48 31 33 4 56 51 36 35 20 16 43 45 2 0 10 8 49 38 18 28 54 13 24 25 55 15 59 32 34 23 39 27 21 11 19 37 6 42 30 3 7 26
40 45 58 53 50 44 1 31 48 20 51 42 32 33 57 28 41 46 23 5 6 56 13 11 12 8 49 43 10 9 34 52 54 36 3 16 27 26 4 59 35 37 55 0 30 14 25 18 21 2 17 29 19 47 39 7 38 22 15 24
57 17 1 40 52 9 53 46 12 47 5 41 58 14 29 44 50 22 48 31 33 4 56 51 36 35 20 16 43 45 2 0 10 8 49 38 18 28 54 13 24 25 55 15 59 32 34 23 39 27 21 11 19 37 6 42 30 3 7 26
13495484443638922658 2048
36 45 50 25 39 11 24 27 37 52 22 5 32 12 58 20 13 35 49 59 16 15 56 47 46 18 6 7 34 48 0 26 55 2 43 44 23 41 21 17 4 14 29 57 8 54 31 9 51 38 19 10 1 3 40 33 53 28 30 42
58 26 27 37 31 35 47 1 32 12 46 25 8 34 21 22 53 52 42 28 23 57 39 16 13 40 51 30 44 0 55 15 45 54 5 36 59 49 19 4 33 48 7 24 50 29 38 10 2 17 43 14 41 11 6 9 18 3 20 56
36 45 50 49 39 11 37 27 24 52 22 5 32 12 58 20 13 35 25 59 57 14 56 47 46 18 6 7 34 48 0 26 55 2 43 44 23 41 21 17 4 15 29 16 8 54 31 9 51 38 19 10 1 3 40 33 53 28 30 42
58 26 27 37 31 35 47 1 32 12 46 25 8 34 21 22 53 52 42 28 43 57 39 7 13 40 51 30 44 0 55 15 45 54 5 36 59 49 19 4 33 48 16 24 50 29 38 10 2 17 23 14 41 11 6 9 18 3 20 56
9287430769496351972 2048
28 37 44 22 25 12 51 1 45 54 43 59 31 52 2 24 48 27 30 21 49 19 56 15 8 55 3 39 41 53 18 9 26 42 11 6 35 10 14 50 5 7 46 34 47 16 57 4 13 0 20 32 58 29 38 33 23 36 40 17
52 46 36 59 29 32 16 47 21 31 58 48 57 33 44 27 26 11 35 5 55 43 18 24 51 42 34 40 23 0 20 56 12 41 7 28 8 50 30 3 17 54 49 39 19 6 2 25 9 38 15 10 1 14 53 13 37 4 22 45
28 37 44 22 25 12 51 1 45 54 43 59 31 52 2 24 48 27 30 21 49 19 56 15 8 55 3 39 41 53 18 9 26 42 11 6 35 10 14 50 5 7 46 34 47 16 57 4 13 0 20 32 58 29 38 33 23 36 40 17
52 46 36 59 29 32 16 47 21 31 58 48 57 33 44 27 26 11 35 5 55 43 18 24 51 42 34 40 23 0 20 56 12 41 7 28 8 50 30 3 17 54 49 39 19 6 2 25 9 38 15 10 1 14 53 13 37 4 22 45
989872071884862727 2048
25 56 0 42 39 33 43 19 40 52 14 51 32 57 34 44 53 20 58 45 54 9 38 47 18 35 5 12 41 49 13 55 36 46 7 23 59 6 48 31 30 17 15 2 1 22 16 24 27 8 11 4 26 10 21 50 3 28 37 29
43 46 59 49 41 50 16 30 48 38 57 44 54 8 55 47 29 22 28 24 26 36 32 35 53 0 40 34 5 18 58 19 20 2 52 13 27 31 17 37 7 4 6 10 51 33 14 39 15 3 21 23 1 25 9 12 11 45 42 56
25 56 0 42 39 33 43 19 40 52 14 51 32 57 34 44 53 20 58 45 54 9 38 47 18 35 5 12 41 49 13 55 36 46 7 23 59 6 48 31 30 17 15 2 1 22 16 24 27 8 11 4 26 10 21 50 3 28 37 29
43 46 59 22 41 50 16 30 48 38 57 44 54 8 55 47 29 49 28 24 26 36 32 35 53 0 40 34 5 18 58 19 20 2 52 13 27 31 17 37 7 4 6 10 51 33 14 39 15 3 21 23 1 25 9 12 11 45 42 56
7627219690642467968 2048
48 7 59 22 38 47 41 21 31 23 44 27 20 9 58 29 40 16 4 53 18 55 3 39 15 51 8 45 43 56 25 13 5 50 33 36 14 57 11 30 52 1 54 2 49 32 17 10 28 35 12 6 0 26 24 34 46 42 37 19
59 28 42 55 45 10 37 53 31 51 36 56 9 49 2 3 33 47 21 25 44 17 57 6 39 38 52 30 48 5 12 27 46 16 14 43 1 19 54 26 7 40 20 32 41 18 50 8 58 4 24 23 13 34 35 15 22 0 11 29
48 7 59 22 38 47 41 21 31 23 44 27 20 9 58 29 26 16 4 53 18 55 3 39 15 51 8 45 43 56 25 13 5 50 33 36 14 57 11 30 52 1 54 2 49 32 17 10 28 35 12 6 0 40 24 34 46 42 37 19
59 28 42 55 45 10 37 53 31 51 36 56 9 49 2 3 33 47 21 25 44 17 57 6 39 38 52 30 48 5 12 27 46 16 14 43 1 19 54 26 7 40 20 32 41 18 50 8 58 4 24 23 13 34 35 15 22 0 11 29
7582362867259818415 2048
57 40 35 21 58 47 42 1 28 52 43 59 44 55 29 38 41 33 54 20 2 49 39 18 4 13 23 12 8 5 16 14 46 22 48 45 56 50 27 15 25 30 34 19 17 37 32 6 31 9 36 0 11 24 7 53 3 26 10 51
37 55 57 34 22 6 27 42 28 17 49 21 23 13 45 4 30 40 9 31 51 52 58 44 56 11 35 24 43 33 46 41 39 16 48 5 32 0 50 26 15 8 10 25 1 54 53 20 2 38 12 7 18 59 19 29 36 14 47 3
57 40 35 21 58 47 42 8 28 52 43 59 44 34 29 38 41 33 54 20 2 49 39 1 4 13 23 12 18 5 16 14 46 22 48 45 56 50 27 15 25 30 55 19 17 37 32 6 31 9 36 0 11 24 7 53 3 26 10 51
37 55 52 34 22 6 27 42 28 17 49 21 23 13 45 4 30 40 9 31 51 38 58 44 56 11 35 26 8 33 46 41 39 16 48 5 32 0 50 24 15 43 10 25 1 54 53 20 2 57 12 7 18 59 19 29 36 14 47 3
6723005860117397087 2048
10 41 35 32 46 49 23 3 31 42 36 43 25 6 30 26 15 40 21 45 39 18 7 47 48 27 33 38 17 37 44 57 53 4 59 0 1 56 50 55 54 14 58 29 9 52 22 24 20 19 16 51 8 12 11 5 2 28 13 34
54 52 36 59 32 35 17 31 12 26 23 6 33 30 46 53 28 20 18 4 8 45 57 16 10 48 39 29 43 49 2 0 34 40 19 42 25 51 9 3 24 55 13 27 37 58 1 38 50 21 7 15 44 11 56 41 22 5 47 14
10 41 35 32 46 49 23 3 31 42 36 43 25 6 30 26 15 40 21 45 39 18 7 47 48 27 33 38 17 37 44 57 53 4 59 0 1 56 50 55 54 14 58 29 9 52 22 24 20 19 16 51 8 12 11 5 2 28 13 34
54 52 36 59 32 35 17 31 12 26 23 6 33 30 46 53 28 20 18 4 8 45 57 16 10 48 39 29 43 49 2 0 34 40 19 42 25 51 9 3 24 55 13 27 37 58 1 38 50 21 7 15 44 11 56 41 22 5 47 14
1357988620497280026 2048
54 53 35 0 57 51 46 22 28 45 59 58 24 55 20 21 36 1 43 30 15 32 3 11 39 12 48 40 8 19 44 18 14 5 38 2 56 33 4 37 25 16 49 41 23 50 7 29 9 34 13 17 6 26 10 52 31 27 47 42
34 38 54 45 42 24 49 35 32 18 43 36 56 25 53 51 3 40 31 26 46 5 20 55 33 30 39 22 44 28 14 21 59 23 9 16 19 1 52 50 10 13 27 15 7 0 47 57 17 48 58 6 41 11 37 8 12 2 4 29
54 53 35 0 57 51 46 22 38 45 59 58 24 55 20 21 36 1 43 30 15 32 3 11 39 12 48 5 8 19 44 18 14 29 28 2 56 33 4 37 25 16 49 41 23 50 7 40 9 34 13 17 6 26 10 52 31 27 47 42
41 38 54 45 42 24 49 35 32 18 43 36 56 25 53 51 3 40 31 26 46 14 20 55 33 30 39 22 44 28 5 21 59 23 9 16 19 1 52 50 10 13 27 57 7 0 47 48 17 15 58 6 34 11 37 8 12 2 4 29
