FACTOR_PERMUTATION_V1 12 16 1024 1 1
10 0 1 1 1 1 1 1 1 1 1 1 0 0 2 2 2 2 2 2 2 2 2 2 0 1 1 2 2 2 2 2 2 2 2 2
0 10 1 1 1 1 1 1 1 1 1 1 0 0 2 2 2 2 2 2 2 2 2 2 1 0 2 2 1 2 2 2 2 2 2 2
1 1 10 0 1 1 1 1 1 1 1 1 2 2 0 0 2 2 2 2 2 2 2 2 1 2 0 1 2 2 2 2 2 2 2 2
1 1 0 10 1 1 1 1 1 1 1 1 2 2 0 0 2 2 2 2 2 2 2 2 2 2 1 0 2 2 1 2 2 2 2 2
1 1 1 1 10 0 1 1 1 1 1 1 2 2 2 2 0 0 2 2 2 2 2 2 2 1 2 2 0 1 2 2 2 2 2 2
1 1 1 1 0 10 1 1 1 1 1 1 2 2 2 2 0 0 2 2 2 2 2 2 2 2 2 2 1 0 2 2 1 2 2 2
1 1 1 1 1 1 10 0 1 1 1 1 2 2 2 2 2 2 0 0 2 2 2 2 2 2 2 1 2 2 0 1 2 2 2 2
1 1 1 1 1 1 0 10 1 1 1 1 2 2 2 2 2 2 0 0 2 2 2 2 2 2 2 2 2 2 1 0 2 2 1 2
1 1 1 1 1 1 1 1 10 0 1 1 2 2 2 2 2 2 2 2 0 0 2 2 2 2 2 2 2 1 2 2 0 1 2 2
1 1 1 1 1 1 1 1 0 10 1 1 2 2 2 2 2 2 2 2 0 0 2 2 2 2 2 2 2 2 2 2 1 0 2 1
1 1 1 1 1 1 1 1 1 1 10 0 2 2 2 2 2 2 2 2 2 2 0 0 2 2 2 2 2 2 2 1 2 2 0 1
1 1 1 1 1 1 1 1 1 1 0 10 2 2 2 2 2 2 2 2 2 2 0 0 2 2 2 2 2 2 2 2 2 1 1 0
0 0 2 2 2 2 2 2 2 2 2 2 10 0 1 1 1 1 1 1 1 1 1 1 0 1 1 2 2 2 2 2 2 2 2 2
0 0 2 2 2 2 2 2 2 2 2 2 0 10 1 1 1 1 1 1 1 1 1 1 1 0 2 2 1 2 2 2 2 2 2 2
2 2 0 0 2 2 2 2 2 2 2 2 1 1 10 0 1 1 1 1 1 1 1 1 1 2 0 1 2 2 2 2 2 2 2 2
2 2 0 0 2 2 2 2 2 2 2 2 1 1 0 10 1 1 1 1 1 1 1 1 2 2 1 0 2 2 1 2 2 2 2 2
2 2 2 2 0 0 2 2 2 2 2 2 1 1 1 1 10 0 1 1 1 1 1 1 2 1 2 2 0 1 2 2 2 2 2 2
2 2 2 2 0 0 2 2 2 2 2 2 1 1 1 1 0 10 1 1 1 1 1 1 2 2 2 2 1 0 2 2 1 2 2 2
2 2 2 2 2 2 0 0 2 2 2 2 1 1 1 1 1 1 10 0 1 1 1 1 2 2 2 1 2 2 0 1 2 2 2 2
2 2 2 2 2 2 0 0 2 2 2 2 1 1 1 1 1 1 0 10 1 1 1 1 2 2 2 2 2 2 1 0 2 2 1 2
2 2 2 2 2 2 2 2 0 0 2 2 1 1 1 1 1 1 1 1 10 0 1 1 2 2 2 2 2 1 2 2 0 1 2 2
2 2 2 2 2 2 2 2 0 0 2 2 1 1 1 1 1 1 1 1 0 10 1 1 2 2 2 2 2 2 2 2 1 0 2 1
2 2 2 2 2 2 2 2 2 2 0 0 1 1 1 1 1 1 1 1 1 1 10 0 2 2 2 2 2 2 2 1 2 2 0 1
2 2 2 2 2 2 2 2 2 2 0 0 1 1 1 1 1 1 1 1 1 1 0 10 2 2 2 2 2 2 2 2 2 1 1 0
0 1 1 2 2 2 2 2 2 2 2 2 0 1 1 2 2 2 2 2 2 2 2 2 10 1 0 1 1 1 1 1 1 1 1 1
1 0 2 2 1 2 2 2 2 2 2 2 1 0 2 2 1 2 2 2 2 2 2 2 1 10 1 1 0 1 1 1 1 1 1 1
1 2 0 1 2 2 2 2 2 2 2 2 1 2 0 1 2 2 2 2 2 2 2 2 0 1 10 1 1 1 1 1 1 1 1 1
2 2 1 0 2 2 1 2 2 2 2 2 2 2 1 0 2 2 1 2 2 2 2 2 1 1 1 10 1 1 0 1 1 1 1 1
2 1 2 2 0 1 2 2 2 2 2 2 2 1 2 2 0 1 2 2 2 2 2 2 1 0 1 1 10 1 1 1 1 1 1 1
2 2 2 2 1 0 2 2 1 2 2 2 2 2 2 2 1 0 2 2 1 2 2 2 1 1 1 1 1 10 1 1 0 1 1 1
2 2 2 1 2 2 0 1 2 2 2 2 2 2 2 1 2 2 0 1 2 2 2 2 1 1 1 0 1 1 10 1 1 1 1 1
2 2 2 2 2 2 1 0 2 2 1 2 2 2 2 2 2 2 1 0 2 2 1 2 1 1 1 1 1 1 1 10 1 1 0 1
2 2 2 2 2 1 2 2 0 1 2 2 2 2 2 2 2 1 2 2 0 1 2 2 1 1 1 1 1 0 1 1 10 1 1 1
2 2 2 2 2 2 2 2 1 0 2 1 2 2 2 2 2 2 2 2 1 0 2 1 1 1 1 1 1 1 1 1 1 10 1 0
2 2 2 2 2 2 2 1 2 2 0 1 2 2 2 2 2 2 2 1 2 2 0 1 1 1 1 1 1 1 1 0 1 1 10 1
2 2 2 2 2 2 2 2 2 1 1 0 2 2 2 2 2 2 2 2 2 1 1 0 1 1 1 1 1 1 1 1 1 0 1 10
0 2
0 3
0 4
0 5
0 6
0 7
0 8
0 9
0 10
0 11
1 2
1 3
1 4
1 5
1 6
1 7
1 8
1 9
1 10
1 11
2 4
2 5
2 6
2 7
2 8
2 9
2 10
2 11
3 4
3 5
3 6
3 7
3 8
3 9
3 10
3 11
4 6
4 7
4 8
4 9
4 10
4 11
5 6
5 7
5 8
5 9
5 10
5 11
6 8
6 9
6 10
6 11
7 8
7 9
7 10
7 11
8 10
8 11
9 10
9 11
0 2
0 3
0 4
0 5
0 6
0 7
0 8
0 9
0 10
0 11
1 2
1 3
1 4
1 5
1 6
1 7
1 8
1 9
1 10
1 11
2 4
2 5
2 6
2 7
2 8
2 9
2 10
2 11
3 4
3 5
3 6
3 7
3 8
3 9
3 10
3 11
4 6
4 7
4 8
4 9
4 10
4 11
5 6
5 7
5 8
5 9
5 10
5 11
6 8
6 9
6 10
6 11
7 8
7 9
7 10
7 11
8 10
8 11
9 10
9 11
0 1
0 3
0 4
0 5
0 6
0 7
0 8
0 9
0 10
0 11
1 2
1 3
1 5
1 6
1 7
1 8
1 9
1 10
1 11
2 3
2 4
2 5
2 6
2 7
2 8
2 9
2 10
2 11
3 4
3 5
3 7
3 8
3 9
3 10
3 11
4 5
4 6
4 7
4 8
4 9
4 10
4 11
5 6
5 7
5 9
5 10
5 11
6 7
6 8
6 9
6 10
6 11
7 8
7 9
7 11
8 9
8 10
8 11
9 10
10 11
17810703623536507269 7168
42 27 57 54 29 26 30 37 7 43 53 45 22 56 16 28 55 20 13 51 19 48 2 58 46 15 9 32 17 12 59 52 3 50 38 40 18 35 23 34 5 49 33 14 10 1 31 6 41 21 24 0 8 47 39 44 36 11 25 4
53 52 54 31 55 28 12 19 48 4 17 51 46 47 56 49 24 5 25 29 11 10 57 3 39 43 36 50 26 9 35 41 14 7 21 15 22 6 59 45 32 38 23 58 42 18 2 33 8 40 16 44 27 13 30 1 34 37 0 20
42 27 57 54 29 26 30 37 7 43 53 45 22 56 16 28 55 20 13 51 19 48 2 58 46 15 9 32 17 12 59 52 3 50 38 40 18 35 23 34 5 49 33 14 10 1 31 6 41 21 24 0 8 47 39 44 36 11 25 4
59 52 54 31 55 28 12 19 36 4 17 34 46 47 56 49 24 5 25 29 11 10 57 3 39 43 48 50 26 9 35 41 14 7 21 15 22 6 53 45 32 38 23 58 42 18 2 33 8 40 16 44 27 13 30 1 51 37 0 20
10609710714674067252 7168
49 9 19 24 45 34 46 23 37 32 17 40 29 35 47 12 36 55 48 26 50 59 56 52 41 4 6 43 30 58 38 3 53 51 13 44 39 57 8 15 7 22 0 11 54 5 28 16 27 18 10 1 14 20 25 33 31 2 21 42
55 38 42 58 10 14 1 37 34 22 43 44 8 49 53 56 48 19 20 52 57 40 36 46 23 33 0 6 45 2 54 25 17 5 51 28 31 11 32 27 47 16 59 24 3 13 15 30 18 21 7 35 41 4 29 9 39 26 50 12
49 9 19 24 45 34 46 23 37 32 17 40 29 35 47 12 36 55 48 26 50 59 56 52 41 4 6 43 30 58 38 3 53 51 13 44 39 57 8 15 7 22 0 11 54 5 28 16 27 18 10 1 14 20 25 33 31 2 21 42
55 38 42 58 10 14 1 37 34 22 43 44 8 49 53 56 48 19 20 52 57 40 36 46 23 33 0 6 45 2 54 25 17 5 51 28 31 11 32 27 47 16 59 24 3 13 15 30 18 21 7 35 41 4 29 9 39 26 50 12
13217501879513061972 7168
22 48 31 57 58 40 27 35 37 13 55 45 51 56 1 39 54 28 6 20 5 17 9 44 14 46 12 41 34 8 38 19 18 43 25 7 26 2 24 16 49 33 10 30 53 36 32 52 29 15 59 42 47 0 11 23 3 4 21 50
48 41 45 14 12 52 40 28 25 51 24 23 31 33 57 50 18 53 42 44 39 59 37 46 43 4 11 13 16 49 26 21 2 15 35 5 27 34 54 22 6 30 55 10 36 9 8 3 0 29 7 58 32 17 38 1 19 56 47 20
22 48 31 57 58 40 27 35 37 13 55 45 51 56 1 39 54 28 6 20 5 17 9 44 14 46 12 41 34 8 38 19 18 43 25 7 26 2 24 16 49 33 10 30 53 36 32 52 29 15 59 42 47 0 11 23 3 4 21 50
48 41 45 14 12 52 40 28 25 51 24 23 31 33 57 50 18 53 42 44 39 59 37 46 43 4 11 13 16 49 26 21 2 15 35 5 27 34 54 22 6 30 55 10 36 9 8 7 0 29 3 58 32 17 38 1 19 56 47 20
2805971721105911719 7168
45 42 35 58 24 34 55 20 12 48 50 41 32 57 27 28 29 46 43 53 6 5 19 14 8 47 25 52 4 54 17 44 39 9 56 15 18 59 31 49 10 21 33 16 22 1 0 36 40 38 30 3 13 23 7 2 51 26 37 11
44 54 20 37 46 55 4 58 31 10 12 52 53 33 15 9 34 50 24 21 32 57 42 59 30 0 23 40 56 18 28 48 13 45 3 7 19 27 17 6 51 49 8 5 1 22 16 47 25 41 2 14 26 35 36 29 39 38 11 43
45 42 35 58 24 34 55 20 12 48 50 41 32 57 27 28 29 46 43 53 8 5 19 14 6 47 25 52 4 54 17 44 39 9 56 15 18 59 31 49 10 21 33 16 22 1 0 36 40 38 30 3 13 23 7 2 51 26 37 11
44 54 20 37 46 55 4 58 31 10 12 52 53 33 15 9 34 50 24 21 32 57 42 59 30 0 23 40 56 18 28 48 13 45 3 7 19 27 17 6 51 49 8 5 1 22 16 47 25 41 2 14 26 35 36 29 39 38 11 43
13533555501533876553 7168
38 52 56 33 46 58 29 4 23 20 49 35 30 26 43 8 41 55 16 45 59 5 3 17 18 47 2 48 19 39 25 40 6 54 42 7 27 1 51 12 24 14 9 10 31 57 50 15 22 34 53 28 13 36 44 32 37 21 11 0
49 2 30 8 48 20 54 34 58 38 56 44 43 51 39 55 1 50 23 19 5 24 59 35 16 14 42 41 57 47 17 27 40 29 53 12 15 13 25 26 9 33 28 32 18 10 0 52 21 3 11 7 45 6 31 22 46 4 36 37
37 52 56 49 46 58 29 2 23 27 33 35 30 26 43 8 41 21 16 45 59 42 6 38 18 47 7 48 19 39 44 40 3 54 4 17 20 1 51 5 24 14 9 10 31 57 50 15 22 34 53 28 25 55 13 32 12 0 11 36
49 2 30 8 48 20 54 34 16 45 56 43 44 51 39 55 1 50 23 19 5 24 59 35 58 14 42 41 57 47 17 27 40 29 53 12 15 13 25 21 31 33 28 32 18 22 0 52 46 3 11 7 37 6 9 10 26 4 36 38
1570596823394319470 7168
22 52 30 59 18 25 34 23 43 57 39 13 55 51 24 56 36 46 27 32 7 44 19 54 11 21 50 9 8 6 45 41 5 12 42 49 20 17 48 31 16 14 58 1 26 2 15 53 3 35 0 28 47 4 38 40 33 37 29 10
49 18 17 30 25 56 37 57 44 36 21 48 6 27 43 20 33 31 39 14 47 5 8 46 59 11 38 12 51 50 40 52 32 53 9 3 54 34 58 2 29 24 0 55 4 26 16 28 41 42 15 7 10 35 1 19 23 13 22 45
22 52 30 59 18 25 34 23 43 57 39 13 55 51 24 56 36 46 27 32 7 44 19 54 11 21 50 9 40 6 45 41 5 12 42 49 20 17 48 31 16 14 58 1 26 2 15 53 3 35 0 28 47 4 38 8 33 37 29 10
49 18 17 30 25 56 37 57 44 36 21 48 6 27 43 20 33 31 39 14 47 5 8 46 59 11 38 16 51 50 40 52 32 53 9 3 54 34 58 2 19 24 0 55 4 26 12 28 41 42 15 7 10 35 1 29 23 13 22 45
8235858650037376970 7168
48 5 41 58 24 40 43 34 45 14 51 38 54 42 33 32 26 22 7 37 17 8 12 16 55 2 4 31 0 53 56 59 36 46 11 47 27 29 18 57 52 49 19 50 35 15 28 6 1 13 44 39 9 3 23 20 10 21 25 30
40 46 33 31 54 15 37 47 22 44 24 43 27 59 45 39 53 11 41 48 52 12 34 50 28 56 49 3 58 17 20 2 5 36 57 14 38 32 1 4 16 10 25 9 13 8 23 30 18 55 0 7 21 19 6 51 42 26 29 35
48 5 41 25 24 40 43 34 45 14 51 38 54 42 33 32 26 23 7 37 17 58 46 16 55 2 8 31 0 53 56 59 36 3 11 47 27 29 18 57 52 49 19 50 35 15 28 6 1 13 44 39 9 12 4 20 10 21 22 30
40 46 33 31 54 15 37 47 22 44 24 43 27 59 45 39 49 11 41 48 52 12 34 50 28 18 53 3 58 17 20 2 5 36 57 14 38 32 1 4 16 10 25 9 13 8 23 30 56 55 0 7 21 19 29 51 42 26 6 35
18240074124787078402 7168
53 52 18 32 59 21 39 42 26 29 45 48 24 55 58 33 34 13 37 20 5 50 40 41 14 56 30 44 35 7 47 8 46 51 10 15 22 6 27 17 31 36 0 54 12 9 49 25 11 43 16 1 57 28 38 19 3 4 2 23
12 59 48 7 35 30 54 56 39 22 32 37 43 23 26 50 57 41 49 6 55 14 1 38 44 36 18 40 4 8 15 21 16 3 46 31 58 34 17 5 28 27 51 9 33 19 24 13 20 0 10 52 11 45 25 53 42 2 47 29
53 52 18 32 59 21 39 42 26 29 45 48 24 55 58 33 34 13 37 20 5 50 40 9 14 56 30 44 35 7 41 8 46 51 10 15 22 6 27 17 31 36 0 43 12 57 49 25 11 54 16 1 47 28 38 19 3 4 2 23
12 59 48 7 35 30 54 56 39 22 32 37 43 23 26 50 57 41 49 6 55 14 1 38 44 36 18 40 4 8 15 21 16 2 46 31 58 34 17 5 28 27 51 9 33 19 24 13 20 29 0 52 11 45 25 53 47 3 42 10
15116612152931464756 7168
39 45 58 55 22 44 1 31 48 37 47 50 32 33 53 34 20 46 23 4 6 56 19 35 12 8 49 5 10 9 57 52 54 36 38 18 0 25 15 59 11 42 29 26 30 14 27 16 21 2 17 28 41 13 40 7 3 51 43 24
57 50 1 40 52 27 36 43 12 32 14 41 51 5 29 44 26 22 48 31 45 4 21 55 47 28 20 18 46 56 2 11 10 8 53 38 58 37 7 13 24 25 39 16 59 49 34 23 15 54 17 0 19 33 6 42 30 3 9 35
39 45 58 55 22 44 1 31 48 37 47 50 32 33 53 34 20 46 23 4 6 56 19 35 12 8 49 43 10 9 57 52 54 36 38 18 26 25 15 51 11 42 29 0 30 14 27 16 21 2 17 28 41 13 40 7 3 59 5 24
57 50 1 40 52 27 36 43 12 49 5 41 51 14 29 44 26 22 48 31 45 4 21 55 47 35 20 18 46 56 2 11 10 8 53 38 58 37 7 13 24 25 39 16 59 32 34 23 15 54 17 0 19 33 6 42 30 3 9 28
1235604914231623650 7168
36 44 50 31 39 33 24 27 47 52 22 5 32 16 58 41 42 35 53 21 59 18 56 19 13 43 6 7 34 49 9 45 12 2 15 48 17 10 55 37 4 11 29 57 8 14 25 0 51 26 38 20 3 1 40 54 23 28 30 46
58 26 15 39 19 28 47 3 51 12 46 55 9 33 27 21 49 52 42 7 23 57 36 13 5 40 32 43 44 0 35 31 45 54 24 37 59 53 11 4 1 48 18 25 22 29 38 50 8 16 14 56 41 17 6 2 34 10 20 30
36 44 50 31 39 18 24 27 47 52 22 5 32 57 58 41 42 35 53 21 59 54 56 19 13 43 6 7 34 49 9 45 12 2 15 48 17 10 55 37 4 11 29 16 8 14 25 0 51 26 38 20 3 1 40 33 23 28 30 46
58 26 15 39 1 28 47 3 51 12 46 55 9 33 27 19 49 52 42 7 23 57 36 13 5 40 32 43 44 0 35 31 45 54 24 37 59 53 11 4 21 48 14 25 22 29 38 50 8 16 18 56 41 17 6 2 34 10 20 30
8821324479381483061 7168
54 40 32 22 59 2 24 35 45 18 37 49 31 56 48 27 28 55 30 21 51 17 38 4 8 47 3 39 52 53 19 6 9 43 36 44 1 10 14 50 26 7 46 34 11 20 57 5 13 0 16 25 42 58 33 29 23 41 12 15
6 42 51 59 29 34 16 14 24 55 44 57 48 19 58 49 26 11 35 4 31 47 18 21 36 50 53 40 23 0 20 56 12 41 7 28 8 32 37 3 17 54 33 39 46 52 2 25 9 38 13 43 10 27 1 15 30 5 22 45
54 40 32 22 59 2 24 35 45 18 37 49 31 56 48 27 28 55 30 21 51 17 38 9 8 47 3 39 44 53 19 6 4 43 36 52 1 10 14 50 26 7 46 34 15 20 57 5 13 0 16 25 58 42 33 29 23 41 12 11
6 42 54 59 29 34 16 14 24 55 44 57 48 19 58 49 26 11 35 4 31 47 18 21 36 50 53 40 23 0 20 56 17 41 7 28 8 32 30 3 12 51 33 39 46 52 2 25 9 38 13 43 27 10 1 15 37 5 22 45
9013111901341554656 7168
25 56 0 45 20 48 43 19 40 31 12 51 11 57 34 44 53 42 22 46 52 9 13 58 50 35 5 36 41 49 29 55 18 38 7 24 59 6 14 54 30 17 15 39 1 26 16 23 27 8 32 4 2 10 21 33 47 3 37 28
43 46 55 33 49 41 16 30 48 23 57 44 54 8 58 47 28 22 29 24 19 36 32 39 5 15 59 17 53 18 40 31 21 2 52 13 27 56 45 11 7 4 6 10 51 37 25 35 0 12 14 38 50 26 9 3 20 34 42 1
25 56 0 45 20 48 43 19 40 31 12 51 11 57 34 44 53 42 22 46 52 9 13 58 50 35 5 36 41 49 29 55 18 3 7 24 59 6 14 54 30 17 15 39 1 26 16 23 27 8 32 4 28 10 21 33 47 38 37 2
43 46 55 33 50 41 16 30 48 38 57 44 54 8 58 47 28 22 29 24 19 36 32 35 5 15 59 17 53 18 40 31 21 2 52 13 27 56 45 11 7 4 6 10 51 37 25 39 0 12 14 23 49 26 9 3 20 34 42 1
6210385455621214308 7168
48 7 50 22 24 47 27 28 31 37 44 41 53 10 58 29 40 16 38 30 18 55 46 39 15 4 1 45 59 56 5 13 51 43 33 36 14 57 11 20 52 0 32 2 49 54 9 17 21 35 12 6 8 26 25 34 3 23 42 19
59 28 44 55 12 17 37 53 31 51 36 15 23 47 16 3 33 50 9 25 42 10 57 6 39 56 46 30 48 5 45 27 41 2 14 43 1 19 54 26 7 40 20 49 21 18 32 8 58 4 24 52 13 34 35 38 22 0 11 29
48 7 59 22 24 47 41 21 31 37 44 27 53 9 58 28 40 16 51 30 18 55 46 39 15 4 0 45 50 56 5 13 38 43 33 36 14 57 11 20 52 1 54 2 49 32 10 17 29 35 12 6 8 26 25 34 3 23 42 19
59 28 42 55 12 10 37 53 31 51 36 56 52 32 16 3 33 50 41 25 44 17 57 6 39 15 46 30 48 5 45 27 9 2 14 43 1 19 54 26 7 40 20 49 21 18 47 8 58 4 24 23 0 34 35 38 22 13 11 29
2710537546858329176 7168
57 55 23 49 26 47 36 34 45 32 43 59 44 50 29 38 35 22 31 20 2 5 39 0 42 54 30 18 8 13 16 40 46 37 48 21 17 58 27 51 52 33 25 19 56 1 28 6 9 41 12 4 11 24 3 53 7 15 10 14
37 38 57 34 39 55 53 42 10 17 49 21 4 25 52 23 30 40 9 31 51 56 8 44 18 11 35 24 43 50 46 41 58 0 48 5 33 6 12 19 16 36 14 13 1 54 7 20 2 26 32 15 45 59 28 29 22 27 47 3
57 55 23 49 26 47 36 34 45 32 43 59 44 50 29 38 35 22 31 20 2 5 39 0 42 54 30 18 8 13 16 40 46 37 48 21 17 58 27 51 52 33 25 19 56 1 28 6 9 41 12 4 11 24 3 53 7 15 10 14
37 38 57 34 39 55 53 42 10 17 49 21 4 25 52 23 30 40 9 31 51 56 8 44 18 11 35 24 43 50 46 41 58 0 48 5 33 6 12 19 16 36 14 13 1 54 7 20 2 26 32 15 45 59 28 29 22 27 47 3
14124136492866205149 7168
40 41 24 59 48 33 30 23 34 42 14 46 51 6 28 43 35 50 53 39 49 18 13 47 57 7 55 38 17 37 44 26 45 4 52 9 1 56 54 31 2 10 58 11 0 19 22 32 12 27 16 5 8 20 3 25 36 15 21 29
32 52 43 22 57 35 17 11 36 26 56 44 33 30 46 8 6 20 24 5 14 45 51 16 37 50 39 4 54 49 40 15 34 2 10 42 58 13 9 3 19 55 0 27 41 31 7 18 25 21 1 38 53 59 48 28 12 29 47 23
40 41 24 59 48 33 14 23 34 42 30 46 51 6 28 43 35 50 53 39 49 18 13 47 57 7 55 38 17 37 44 26 45 4 52 9 1 56 54 31 3 10 58 11 0 19 22 32 12 27 16 5 8 20 2 25 36 15 21 29
32 52 43 22 57 35 17 11 36 26 48 44 33 30 46 8 6 20 24 5 23 45 51 16 37 50 39 4 54 49 40 15 34 2 10 42 58 13 9 3 19 55 0 27 41 31 7 18 25 21 1 38 53 59 56 28 12 29 47 14
14044171489000549692 7168
54 52 35 33 32 51 21 22 38 49 59 18 30 55 40 24 42 46 43 20 15 57 3 12 39 13 48 34 8 14 41 45 2 47 36 44 56 6 4 37 25 17 16 26 23 50 7 1 9 29 10 53 58 28 11 5 31 27 19 0
18 40 48 26 45 21 49 35 37 34 43 24 8 32 53 51 27 50 31 56 25 57 41 55 36 33 16 5 44 30 10 7 59 23 3 13 19 1 52 9 14 42 46 15 47 0 22 39 17 38 58 6 28 11 54 20 12 2 4 29
54 52 35 33 32 51 46 22 38 49 59 58 30 55 40 21 42 24 43 20 15 57 3 12 39 13 48 34 8 14 41 45 2 47 36 44 56 6 4 37 25 17 16 26 23 50 7 1 9 29 10 53 18 28 11 5 31 27 19 0
18 40 48 26 7 21 49 35 37 34 43 24 45 32 53 51 27 50 31 56 25 57 41 55 36 33 16 5 44 30 10 8 59 23 3 13 19 1 52 9 14 42 46 15 47 0 22 39 17 38 58 6 28 11 54 20 12 2 4 29
