FACTOR_PERMUTATION_V1 12 16 1024 1 0.25
10 0 1 1 1 1 1 1 1 1 1 1 0 0 2 2 2 2 2 2 2 2 2 2 0 1 1 2 2 2 2 2 2 2 2 2
0 10 1 1 1 1 1 1 1 1 1 1 0 0 2 2 2 2 2 2 2 2 2 2 1 0 2 2 1 2 2 2 2 2 2 2
1 1 10 0 1 1 1 1 1 1 1 1 2 2 0 0 2 2 2 2 2 2 2 2 1 2 0 1 2 2 2 2 2 2 2 2
1 1 0 10 1 1 1 1 1 1 1 1 2 2 0 0 2 2 2 2 2 2 2 2 2 2 1 0 2 2 1 2 2 2 2 2
1 1 1 1 10 0 1 1 1 1 1 1 2 2 2 2 0 0 2 2 2 2 2 2 2 1 2 2 0 1 2 2 2 2 2 2
1 1 1 1 0 10 1 1 1 1 1 1 2 2 2 2 0 0 2 2 2 2 2 2 2 2 2 2 1 0 2 2 1 2 2 2
1 1 1 1 1 1 10 0 1 1 1 1 2 2 2 2 2 2 0 0 2 2 2 2 2 2 2 1 2 2 0 1 2 2 2 2
1 1 1 1 1 1 0 10 1 1 1 1 2 2 2 2 2 2 0 0 2 2 2 2 2 2 2 2 2 2 1 0 2 2 1 2
1 1 1 1 1 1 1 1 10 0 1 1 2 2 2 2 2 2 2 2 0 0 2 2 2 2 2 2 2 1 2 2 0 1 2 2
1 1 1 1 1 1 1 1 0 10 1 1 2 2 2 2 2 2 2 2 0 0 2 2 2 2 2 2 2 2 2 2 1 0 2 1
1 1 1 1 1 1 1 1 1 1 10 0 2 2 2 2 2 2 2 2 2 2 0 0 2 2 2 2 2 2 2 1 2 2 0 1
1 1 1 1 1 1 1 1 1 1 0 10 2 2 2 2 2 2 2 2 2 2 0 0 2 2 2 2 2 2 2 2 2 1 1 0
0 0 2 2 2 2 2 2 2 2 2 2 10 0 1 1 1 1 1 1 1 1 1 1 0 1 1 2 2 2 2 2 2 2 2 2
0 0 2 2 2 2 2 2 2 2 2 2 0 10 1 1 1 1 1 1 1 1 1 1 1 0 2 2 1 2 2 2 2 2 2 2
2 2 0 0 2 2 2 2 2 2 2 2 1 1 10 0 1 1 1 1 1 1 1 1 1 2 0 1 2 2 2 2 2 2 2 2
2 2 0 0 2 2 2 2 2 2 2 2 1 1 0 10 1 1 1 1 1 1 1 1 2 2 1 0 2 2 1 2 2 2 2 2
2 2 2 2 0 0 2 2 2 2 2 2 1 1 1 1 10 0 1 1 1 1 1 1 2 1 2 2 0 1 2 2 2 2 2 2
2 2 2 2 0 0 2 2 2 2 2 2 1 1 1 1 0 10 1 1 1 1 1 1 2 2 2 2 1 0 2 2 1 2 2 2
2 2 2 2 2 2 0 0 2 2 2 2 1 1 1 1 1 1 10 0 1 1 1 1 2 2 2 1 2 2 0 1 2 2 2 2
2 2 2 2 2 2 0 0 2 2 2 2 1 1 1 1 1 1 0 10 1 1 1 1 2 2 2 2 2 2 1 0 2 2 1 2
2 2 2 2 2 2 2 2 0 0 2 2 1 1 1 1 1 1 1 1 10 0 1 1 2 2 2 2 2 1 2 2 0 1 2 2
2 2 2 2 2 2 2 2 0 0 2 2 1 1 1 1 1 1 1 1 0 10 1 1 2 2 2 2 2 2 2 2 1 0 2 1
2 2 2 2 2 2 2 2 2 2 0 0 1 1 1 1 1 1 1 1 1 1 10 0 2 2 2 2 2 2 2 1 2 2 0 1
2 2 2 2 2 2 2 2 2 2 0 0 1 1 1 1 1 1 1 1 1 1 0 10 2 2 2 2 2 2 2 2 2 1 1 0
0 1 1 2 2 2 2 2 2 2 2 2 0 1 1 2 2 2 2 2 2 2 2 2 10 1 0 1 1 1 1 1 1 1 1 1
1 0 2 2 1 2 2 2 2 2 2 2 1 0 2 2 1 2 2 2 2 2 2 2 1 10 1 1 0 1 1 1 1 1 1 1
1 2 0 1 2 2 2 2 2 2 2 2 1 2 0 1 2 2 2 2 2 2 2 2 0 1 10 1 1 1 1 1 1 1 1 1
2 2 1 0 2 2 1 2 2 2 2 2 2 2 1 0 2 2 1 2 2 2 2 2 1 1 1 10 1 1 0 1 1 1 1 1
2 1 2 2 0 1 2 2 2 2 2 2 2 1 2 2 0 1 2 2 2 2 2 2 1 0 1 1 10 1 1 1 1 1 1 1
2 2 2 2 1 0 2 2 1 2 2 2 2 2 2 2 1 0 2 2 1 2 2 2 1 1 1 1 1 10 1 1 0 1 1 1
2 2 2 1 2 2 0 1 2 2 2 2 2 2 2 1 2 2 0 1 2 2 2 2 1 1 1 0 1 1 10 1 1 1 1 1
2 2 2 2 2 2 1 0 2 2 1 2 2 2 2 2 2 2 1 0 2 2 1 2 1 1 1 1 1 1 1 10 1 1 0 1
2 2 2 2 2 1 2 2 0 1 2 2 2 2 2 2 2 1 2 2 0 1 2 2 1 1 1 1 1 0 1 1 10 1 1 1
2 2 2 2 2 2 2 2 1 0 2 1 2 2 2 2 2 2 2 2 1 0 2 1 1 1 1 1 1 1 1 1 1 10 1 0
2 2 2 2 2 2 2 1 2 2 0 1 2 2 2 2 2 2 2 1 2 2 0 1 1 1 1 1 1 1 1 0 1 1 10 1
2 2 2 2 2 2 2 2 2 1 1 0 2 2 2 2 2 2 2 2 2 1 1 0 1 1 1 1 1 1 1 1 1 0 1 10
0 2
0 3
0 4
0 5
0 6
0 7
0 8
0 9
0 10
0 11
1 2
1 3
1 4
1 5
1 6
1 7
1 8
1 9
1 10
1 11
2 4
2 5
2 6
2 7
2 8
2 9
2 10
2 11
3 4
3 5
3 6
3 7
3 8
3 9
3 10
3 11
4 6
4 7
4 8
4 9
4 10
4 11
5 6
5 7
5 8
5 9
5 10
5 11
6 8
6 9
6 10
6 11
7 8
7 9
7 10
7 11
8 10
8 11
9 10
9 11
0 2
0 3
0 4
0 5
0 6
0 7
0 8
0 9
0 10
0 11
1 2
1 3
1 4
1 5
1 6
1 7
1 8
1 9
1 10
1 11
2 4
2 5
2 6
2 7
2 8
2 9
2 10
2 11
3 4
3 5
3 6
3 7
3 8
3 9
3 10
3 11
4 6
4 7
4 8
4 9
4 10
4 11
5 6
5 7
5 8
5 9
5 10
5 11
6 8
6 9
6 10
6 11
7 8
7 9
7 10
7 11
8 10
8 11
9 10
9 11
0 1
0 3
0 4
0 5
0 6
0 7
0 8
0 9
0 10
0 11
1 2
1 3
1 5
1 6
1 7
1 8
1 9
1 10
1 11
2 3
2 4
2 5
2 6
2 7
2 8
2 9
2 10
2 11
3 4
3 5
3 7
3 8
3 9
3 10
3 11
4 5
4 6
4 7
4 8
4 9
4 10
4 11
5 6
5 7
5 9
5 10
5 11
6 7
6 8
6 9
6 10
6 11
7 8
7 9
7 11
8 9
8 10
8 11
9 10
10 11
5923900652745423628 9216
42 35 57 54 29 26 36 37 7 43 53 45 34 56 16 28 55 20 13 51 19 48 2 58 46 14 9 32 17 15 59 52 3 50 38 40 18 22 23 1 5 49 33 12 10 27 25 6 41 21 24 0 8 47 39 44 30 11 31 4
59 52 54 38 25 28 12 19 48 4 17 51 46 53 31 49 24 5 56 29 39 10 57 3 11 43 36 50 26 9 35 41 14 7 21 15 22 6 47 45 32 55 23 58 42 18 34 33 8 40 16 44 27 13 30 1 2 37 0 20
42 27 57 54 29 26 36 37 7 43 53 45 34 56 16 28 55 20 13 51 19 48 2 58 46 14 9 32 17 15 59 52 3 50 38 40 18 22 23 1 5 49 33 12 10 35 25 6 41 21 24 0 8 47 39 44 30 11 31 4
59 52 54 38 25 28 12 19 48 4 17 51 46 53 31 49 24 5 56 29 39 10 57 3 11 43 36 50 26 9 35 41 14 7 21 15 22 6 47 45 32 55 23 58 42 18 34 33 8 40 16 44 27 13 30 1 2 37 0 20
15097094037918710836 9216
49 4 57 22 59 34 46 1 37 16 17 40 29 11 47 38 36 55 48 26 50 53 56 6 41 28 9 43 52 58 32 3 45 51 13 12 39 19 8 15 7 24 0 35 27 54 30 44 23 18 10 5 14 20 25 33 31 2 21 42
58 38 9 53 10 37 1 33 34 22 43 44 27 49 39 8 19 4 20 52 57 28 36 46 50 14 15 6 45 2 54 25 17 5 51 56 31 11 32 26 47 16 59 24 42 13 0 30 18 21 7 35 41 48 29 3 55 23 40 12
49 4 57 22 59 34 46 1 37 16 17 40 29 11 47 38 36 55 48 26 50 53 56 6 41 28 9 43 52 58 32 3 45 51 13 12 39 19 8 15 7 24 0 35 27 54 30 44 23 18 10 5 14 20 25 33 31 2 21 42
58 38 3 53 10 37 1 33 34 22 43 44 27 49 39 8 19 4 20 52 57 28 36 46 50 14 15 6 45 2 54 25 17 5 51 56 31 11 32 26 47 16 59 24 42 13 0 30 18 21 7 35 41 48 29 9 55 23 40 12
11307997560859728784 9216
4 48 31 27 58 40 47 35 37 13 55 45 51 56 1 59 54 28 32 20 5 17 9 44 14 46 39 41 57 8 38 18 19 43 25 2 26 7 24 16 49 33 10 30 53 36 52 6 29 15 12 42 34 0 11 23 3 22 21 50
48 41 45 14 12 52 40 28 25 51 24 23 44 33 57 50 18 53 42 31 39 59 37 46 43 4 11 13 16 49 26 2 1 15 35 21 27 34 54 22 6 5 55 10 36 9 8 30 0 29 7 56 32 17 38 3 19 58 47 20
4 48 31 27 58 40 47 35 37 13 55 45 51 56 1 59 54 28 32 20 5 17 9 44 14 46 39 41 57 8 38 18 19 43 25 2 26 7 24 16 49 33 10 30 53 36 52 6 29 15 12 42 34 0 11 23 3 22 21 50
48 41 45 14 12 52 40 28 25 51 24 23 44 33 57 50 18 53 42 31 39 59 37 46 43 4 11 13 16 49 26 2 1 15 35 21 27 34 54 22 6 5 55 10 36 9 8 30 0 29 7 56 32 17 38 3 19 58 47 20
15062806101279539226 9216
45 42 35 58 0 34 55 20 12 48 50 41 52 57 27 28 29 46 43 53 8 5 19 14 6 47 25 32 4 54 17 44 39 9 56 15 18 59 31 49 10 21 33 24 22 1 16 36 40 38 30 3 13 23 7 2 51 26 37 11
36 54 45 37 46 55 4 58 31 10 12 52 53 33 15 9 34 50 21 19 1 57 42 59 30 14 23 40 56 18 28 48 17 20 3 7 24 27 13 6 51 49 8 0 32 22 39 47 25 41 16 5 26 35 44 29 2 38 11 43
45 42 35 58 0 34 55 20 12 48 50 41 52 57 27 28 29 46 43 53 8 5 19 14 6 47 25 32 4 54 17 44 39 9 56 15 18 59 31 49 10 21 33 24 22 1 16 36 40 38 30 3 13 23 7 2 51 26 37 11
36 54 45 37 46 55 4 58 31 10 12 52 53 33 15 9 34 50 21 19 1 57 42 59 30 14 23 40 56 18 28 48 17 20 3 7 24 27 13 6 51 49 8 0 32 22 39 47 25 41 16 5 26 35 44 29 2 38 11 43
3722624648128049847 9216
38 52 56 33 46 58 29 4 23 20 49 35 30 26 43 8 41 40 16 45 59 5 3 34 18 47 2 48 19 53 27 36 6 54 42 7 25 1 51 13 24 15 9 10 31 57 50 14 22 17 39 28 12 55 44 32 37 21 11 0
49 2 30 8 48 20 54 34 58 43 41 44 52 51 39 55 11 50 23 19 5 24 59 35 16 14 42 56 57 47 17 9 40 29 53 12 15 13 25 26 46 33 28 32 18 22 0 38 21 3 31 7 45 6 1 10 27 4 36 37
38 52 56 33 46 58 29 4 23 20 49 35 30 26 43 8 41 36 16 45 59 5 3 34 18 47 2 48 19 53 27 40 6 54 42 7 25 1 51 13 24 15 9 10 31 57 50 14 22 17 39 28 12 55 44 32 37 21 11 0
49 2 30 8 48 20 54 34 58 52 41 44 43 51 39 55 11 50 23 19 5 24 59 35 16 14 42 56 57 47 17 9 40 29 53 12 15 13 25 26 46 33 28 32 18 22 0 38 21 3 31 7 45 6 1 10 27 4 36 37
1547103659781285994 9216
39 52 30 51 18 25 34 27 29 6 22 12 55 33 24 57 36 40 23 32 7 44 19 54 11 43 50 9 8 48 45 41 5 13 3 49 20 17 56 35 16 14 58 1 26 2 15 53 42 31 0 28 47 4 38 46 59 21 37 10
49 20 17 30 21 56 37 34 44 36 25 48 6 27 43 50 33 31 39 14 47 5 8 46 59 11 38 52 51 18 40 12 32 53 9 3 54 57 58 2 29 24 0 55 4 26 16 28 41 42 15 7 10 35 1 19 23 13 22 45
22 52 30 59 18 25 34 23 43 57 39 13 55 51 24 56 36 40 27 32 7 44 19 54 11 21 50 9 8 48 45 41 5 12 42 49 20 17 6 31 16 14 58 1 26 2 15 53 3 35 0 28 47 4 38 46 33 37 29 10
49 20 17 30 25 56 35 57 44 36 21 48 6 27 43 50 33 31 39 14 47 5 8 46 59 11 38 52 51 18 40 12 32 53 9 3 54 34 58 2 29 24 0 55 4 26 16 28 41 42 15 7 10 37 1 19 23 13 22 45
6162182980116257703 9216
48 5 41 58 24 40 43 46 45 30 51 38 54 42 33 32 26 20 7 37 17 8 12 16 55 2 4 31 0 53 56 59 36 13 11 47 27 29 18 35 52 49 19 25 57 15 28 6 1 34 44 39 9 3 23 50 10 21 22 14
54 44 33 31 40 12 41 47 22 55 15 42 27 59 45 39 53 11 37 48 52 36 34 50 28 56 49 3 51 17 20 2 5 58 57 14 6 32 1 4 16 21 25 9 13 8 23 30 24 18 0 7 46 19 38 10 43 26 29 35
48 5 41 58 24 40 43 34 45 14 51 38 54 42 33 32 26 22 7 37 17 8 12 16 55 2 4 31 0 53 56 59 36 46 11 47 27 29 18 57 52 49 19 50 35 15 28 6 1 13 44 39 9 3 23 20 10 21 25 30
40 46 33 31 54 15 41 47 22 44 24 43 27 59 45 39 53 11 37 48 52 36 34 50 28 56 49 3 58 13 20 2 5 12 57 14 38 32 1 4 16 10 25 9 17 8 23 30 18 55 0 7 21 19 6 51 42 26 29 35
6327940006645174634 9216
31 52 18 32 59 21 39 42 26 25 45 48 24 55 58 28 34 47 37 20 5 50 40 41 14 56 30 44 35 7 13 8 46 51 10 15 22 6 27 17 53 36 0 43 12 9 49 33 29 23 38 1 57 11 16 19 3 4 2 54
12 59 48 7 35 30 54 56 39 22 32 37 43 23 26 44 57 51 49 6 55 14 1 38 42 36 18 8 4 45 15 21 16 3 46 25 58 34 17 5 28 27 41 9 33 19 31 13 20 0 10 52 11 40 24 53 50 2 47 29
31 52 18 32 59 21 39 42 26 25 45 48 24 55 58 28 34 47 37 20 5 50 40 41 14 56 30 44 35 7 13 8 46 51 10 15 22 6 27 17 53 36 0 43 12 9 49 33 29 23 38 1 57 11 16 19 3 4 2 54
12 59 48 7 35 30 54 56 39 22 32 37 43 23 26 44 57 51 49 6 55 14 1 38 42 36 18 8 4 45 15 21 16 3 46 25 58 34 17 5 28 27 41 9 33 19 31 13 20 0 10 52 11 40 24 53 50 2 47 29
16342092578176056862 9216
39 45 58 55 22 44 1 31 48 37 47 50 32 33 53 34 20 2 23 4 6 56 19 35 12 46 49 5 10 9 57 52 54 36 38 18 8 25 15 27 11 42 29 26 30 14 59 16 21 0 17 28 41 13 40 7 3 51 43 24
57 50 1 40 52 27 36 43 12 32 14 41 51 5 21 44 58 19 48 31 45 4 29 56 47 35 20 18 46 55 2 11 10 8 53 38 26 37 7 13 24 25 39 16 59 49 34 23 15 54 17 0 22 33 6 42 30 3 9 28
39 45 58 55 22 44 1 31 48 37 47 50 32 33 53 34 20 46 23 4 6 56 19 35 12 8 49 5 10 9 57 52 54 36 38 18 0 25 15 59 11 42 29 26 30 14 27 16 21 2 17 28 41 13 40 7 3 51 43 24
57 50 1 40 52 27 36 43 12 32 14 41 51 5 21 44 58 22 48 31 45 4 29 56 47 35 20 18 46 55 2 11 10 8 53 38 26 37 7 13 24 25 39 16 59 49 34 23 15 54 17 0 19 33 6 42 30 3 9 28
13068644349500543120 9216
36 44 50 31 39 33 24 26 47 52 22 5 32 16 18 41 42 35 53 21 59 55 56 19 13 43 6 7 34 49 9 17 12 2 15 48 0 10 58 37 4 11 29 57 8 14 20 25 51 27 38 45 3 1 40 54 23 28 30 46
58 26 15 53 19 28 47 3 51 12 46 55 9 33 24 29 49 52 42 25 23 31 36 13 5 40 32 43 44 0 35 56 45 54 27 37 59 39 34 4 1 48 18 7 22 21 38 50 8 16 14 6 41 17 57 2 11 10 20 30
36 44 50 31 39 18 24 27 47 52 22 5 32 57 58 41 42 35 53 21 59 54 56 19 13 43 6 7 34 49 9 45 12 2 15 48 17 10 55 37 4 11 29 16 8 14 25 0 51 26 38 20 3 1 40 33 23 28 30 46
58 26 15 39 1 28 47 3 51 12 46 55 9 33 27 19 49 52 42 7 23 57 36 13 5 40 32 43 44 0 35 31 45 54 24 37 59 53 11 4 21 48 14 25 22 29 38 50 8 16 18 56 41 17 6 2 34 10 20 30
7590619934239370115 9216
54 40 52 22 59 2 24 35 45 29 38 49 55 56 58 27 37 31 30 21 51 4 28 17 8 39 3 48 32 53 19 6 9 43 36 44 1 10 14 50 26 7 46 34 11 20 57 5 13 0 16 25 42 47 33 18 23 41 12 15
6 42 51 59 28 34 16 17 22 55 44 57 48 30 58 27 26 11 35 4 31 13 18 37 36 50 53 20 23 0 21 56 43 41 7 33 8 32 40 3 14 54 19 39 47 52 2 25 9 38 46 12 10 49 1 15 29 5 24 45
54 40 52 22 59 2 24 35 45 29 38 49 55 56 58 27 37 31 30 21 51 4 28 17 8 39 3 48 32 53 19 6 9 43 36 44 1 10 14 50 26 7 46 34 11 20 57 5 13 0 16 25 42 47 33 18 23 41 12 15
6 42 51 59 28 34 16 17 22 55 44 57 48 30 58 27 26 11 35 4 31 13 18 37 36 50 53 20 23 0 21 56 43 41 7 33 8 32 40 3 14 54 19 39 47 52 2 25 9 38 46 12 10 49 1 15 29 5 24 45
15074898089113017116 9216
59 56 0 45 34 48 43 19 40 31 28 51 11 57 20 44 53 50 14 46 52 9 13 58 36 35 5 42 41 49 29 55 18 3 7 24 25 6 22 54 30 17 15 39 1 26 16 23 27 8 32 4 2 10 21 33 47 12 37 38
43 46 55 33 32 41 16 50 48 23 57 44 54 0 58 30 36 22 29 24 28 19 49 39 5 15 59 17 47 18 40 31 26 2 52 13 27 45 56 11 7 4 6 10 51 37 25 35 1 12 14 38 53 42 9 3 20 34 21 8
59 56 0 45 34 48 43 19 40 31 28 51 11 57 20 44 53 50 14 46 52 9 13 58 36 35 5 42 41 49 29 55 18 3 7 24 25 6 22 54 30 17 15 39 1 26 16 23 27 8 32 4 2 10 21 33 47 12 37 38
43 46 55 33 32 41 16 50 48 23 57 44 54 0 58 30 36 22 29 24 28 19 49 39 5 15 59 17 47 18 40 31 26 2 52 13 27 45 56 11 7 4 6 10 51 37 25 35 1 12 14 38 53 42 9 3 20 34 21 8
15781606629440954718 9216
44 7 50 22 24 33 27 28 31 37 38 23 53 10 58 29 40 47 48 30 18 55 46 41 15 14 1 45 59 56 5 13 51 43 16 20 39 57 11 4 52 0 32 2 49 54 9 17 21 35 12 6 8 26 25 34 3 36 42 19
59 28 44 49 12 17 37 53 31 51 36 15 23 47 57 3 33 50 2 25 42 10 16 6 39 56 46 30 48 5 45 55 41 9 26 43 1 19 54 14 7 40 18 27 21 20 32 8 58 4 24 52 13 34 35 38 22 0 11 29
44 7 50 22 24 33 27 28 31 37 38 23 53 10 58 29 40 47 48 30 18 55 46 41 15 14 1 45 59 56 5 13 51 43 16 20 39 57 11 4 52 0 32 2 49 54 9 17 21 35 12 6 8 26 25 34 3 36 42 19
59 28 44 49 12 17 37 53 31 51 36 15 23 47 57 3 33 50 2 25 42 10 16 6 39 56 46 30 48 5 45 55 41 9 26 43 1 19 54 14 7 40 18 27 21 20 32 8 58 4 24 52 13 34 35 38 22 0 11 29
9527527798370017102 9216
57 37 23 49 26 47 36 34 45 32 44 59 43 50 29 38 35 22 55 20 2 5 39 0 42 54 30 18 8 14 16 40 46 31 48 21 17 58 27 51 52 33 25 19 56 1 28 6 9 41 12 4 11 24 3 53 7 15 10 13
37 38 57 34 39 55 53 42 10 17 49 45 26 25 52 4 30 40 9 31 51 56 8 44 18 11 35 48 43 58 46 41 50 0 24 5 33 6 12 19 16 36 14 13 1 54 7 23 2 21 32 15 27 59 28 29 22 20 47 3
57 37 23 49 26 47 36 34 45 32 43 59 44 50 29 38 35 22 31 20 2 5 39 0 42 54 30 18 8 14 16 40 46 55 48 21 17 58 27 51 52 33 25 19 56 1 28 6 9 41 12 4 11 24 3 53 7 15 10 13
37 38 57 34 39 55 53 42 10 17 49 45 27 25 52 4 30 40 9 31 51 56 8 44 18 11 35 24 43 58 46 41 50 0 48 5 33 6 12 19 16 36 14 13 1 54 7 23 2 21 32 15 26 59 28 29 22 20 47 3
16708794401976265624 9216
23 41 24 59 48 33 36 43 34 42 46 14 51 6 40 28 47 50 53 39 49 7 13 57 35 18 55 38 17 37 44 26 3 4 52 9 1 56 54 31 2 10 58 11 0 19 22 32 12 27 16 5 8 20 45 25 30 15 21 29
32 52 43 22 57 35 26 11 36 16 55 44 33 30 46 34 13 20 24 5 14 45 54 18 37 50 39 4 51 59 40 15 9 2 10 42 58 1 19 3 48 56 0 27 41 31 7 17 25 21 29 38 53 49 8 28 12 6 47 23
40 41 24 59 48 33 14 23 34 42 30 46 51 6 28 43 35 50 53 39 49 18 13 47 57 7 55 38 17 37 44 26 45 4 52 9 1 56 54 31 3 10 58 11 0 19 22 32 12 27 16 5 8 20 2 25 36 15 21 29
32 52 43 22 57 35 17 11 36 26 48 44 33 30 46 8 6 20 24 5 23 45 51 16 37 50 39 4 54 49 40 15 34 2 10 42 58 13 9 3 19 55 0 27 41 31 7 18 25 21 1 38 53 59 56 28 12 29 47 14
2033808091571845238 9216
54 52 35 33 46 51 21 22 38 49 59 18 30 55 40 24 42 34 43 20 15 57 3 12 41 13 48 32 8 14 39 45 2 47 36 44 56 6 4 37 25 17 16 26 23 50 7 1 9 53 10 29 58 28 11 5 31 27 19 0
18 8 48 40 45 21 49 35 23 34 43 57 26 32 53 51 27 22 31 56 58 24 54 55 36 33 16 5 44 30 10 7 59 37 3 13 28 1 52 9 14 42 46 15 47 0 50 39 17 38 25 6 19 11 41 20 12 2 4 29
54 52 35 33 46 51 21 22 38 49 59 18 30 55 40 24 42 34 43 20 15 57 3 12 41 13 48 32 8 14 39 45 2 47 36 44 56 6 4 37 25 17 16 26 23 50 7 1 9 53 10 29 58 28 11 5 31 27 19 0
18 8 48 40 45 21 49 35 23 34 43 57 26 32 53 51 27 22 31 56 58 24 54 55 36 33 16 5 44 30 10 7 59 37 3 13 28 1 52 9 14 42 46 15 47 0 50 39 17 38 25 6 19 11 41 20 12 2 4 29
