FACTOR_PERMUTATION_V1 12 16 1024 1 0.25
10 0 1 1 1 1 1 1 1 1 1 1 0 0 2 2 2 2 2 2 2 2 2 2 0 1 1 2 2 2 2 2 2 2 2 2
0 10 1 1 1 1 1 1 1 1 1 1 0 0 2 2 2 2 2 2 2 2 2 2 1 0 2 2 1 2 2 2 2 2 2 2
1 1 10 0 1 1 1 1 1 1 1 1 2 2 0 0 2 2 2 2 2 2 2 2 1 2 0 1 2 2 2 2 2 2 2 2
1 1 0 10 1 1 1 1 1 1 1 1 2 2 0 0 2 2 2 2 2 2 2 2 2 2 1 0 2 2 1 2 2 2 2 2
1 1 1 1 10 0 1 1 1 1 1 1 2 2 2 2 0 0 2 2 2 2 2 2 2 1 2 2 0 1 2 2 2 2 2 2
1 1 1 1 0 10 1 1 1 1 1 1 2 2 2 2 0 0 2 2 2 2 2 2 2 2 2 2 1 0 2 2 1 2 2 2
1 1 1 1 1 1 10 0 1 1 1 1 2 2 2 2 2 2 0 0 2 2 2 2 2 2 2 1 2 2 0 1 2 2 2 2
1 1 1 1 1 1 0 10 1 1 1 1 2 2 2 2 2 2 0 0 2 2 2 2 2 2 2 2 2 2 1 0 2 2 1 2
1 1 1 1 1 1 1 1 10 0 1 1 2 2 2 2 2 2 2 2 0 0 2 2 2 2 2 2 2 1 2 2 0 1 2 2
1 1 1 1 1 1 1 1 0 10 1 1 2 2 2 2 2 2 2 2 0 0 2 2 2 2 2 2 2 2 2 2 1 0 2 1
1 1 1 1 1 1 1 1 1 1 10 0 2 2 2 2 2 2 2 2 2 2 0 0 2 2 2 2 2 2 2 1 2 2 0 1
1 1 1 1 1 1 1 1 1 1 0 10 2 2 2 2 2 2 2 2 2 2 0 0 2 2 2 2 2 2 2 2 2 1 1 0
0 0 2 2 2 2 2 2 2 2 2 2 10 0 1 1 1 1 1 1 1 1 1 1 0 1 1 2 2 2 2 2 2 2 2 2
0 0 2 2 2 2 2 2 2 2 2 2 0 10 1 1 1 1 1 1 1 1 1 1 1 0 2 2 1 2 2 2 2 2 2 2
2 2 0 0 2 2 2 2 2 2 2 2 1 1 10 0 1 1 1 1 1 1 1 1 1 2 0 1 2 2 2 2 2 2 2 2
2 2 0 0 2 2 2 2 2 2 2 2 1 1 0 10 1 1 1 1 1 1 1 1 2 2 1 0 2 2 1 2 2 2 2 2
2 2 2 2 0 0 2 2 2 2 2 2 1 1 1 1 10 0 1 1 1 1 1 1 2 1 2 2 0 1 2 2 2 2 2 2
2 2 2 2 0 0 2 2 2 2 2 2 1 1 1 1 0 10 1 1 1 1 1 1 2 2 2 2 1 0 2 2 1 2 2 2
2 2 2 2 2 2 0 0 2 2 2 2 1 1 1 1 1 1 10 0 1 1 1 1 2 2 2 1 2 2 0 1 2 2 2 2
2 2 2 2 2 2 0 0 2 2 2 2 1 1 1 1 1 1 0 10 1 1 1 1 2 2 2 2 2 2 1 0 2 2 1 2
2 2 2 2 2 2 2 2 0 0 2 2 1 1 1 1 1 1 1 1 10 0 1 1 2 2 2 2 2 1 2 2 0 1 2 2
2 2 2 2 2 2 2 2 0 0 2 2 1 1 1 1 1 1 1 1 0 10 1 1 2 2 2 2 2 2 2 2 1 0 2 1
2 2 2 2 2 2 2 2 2 2 0 0 1 1 1 1 1 1 1 1 1 1 10 0 2 2 2 2 2 2 2 1 2 2 0 1
2 2 2 2 2 2 2 2 2 2 0 0 1 1 1 1 1 1 1 1 1 1 0 10 2 2 2 2 2 2 2 2 2 1 1 0
0 1 1 2 2 2 2 2 2 2 2 2 0 1 1 2 2 2 2 2 2 2 2 2 10 1 0 1 1 1 1 1 1 1 1 1
1 0 2 2 1 2 2 2 2 2 2 2 1 0 2 2 1 2 2 2 2 2 2 2 1 10 1 1 0 1 1 1 1 1 1 1
1 2 0 1 2 2 2 2 2 2 2 2 1 2 0 1 2 2 2 2 2 2 2 2 0 1 10 1 1 1 1 1 1 1 1 1
2 2 1 0 2 2 1 2 2 2 2 2 2 2 1 0 2 2 1 2 2 2 2 2 1 1 1 10 1 1 0 1 1 1 1 1
2 1 2 2 0 1 2 2 2 2 2 2 2 1 2 2 0 1 2 2 2 2 2 2 1 0 1 1 10 1 1 1 1 1 1 1
2 2 2 2 1 0 2 2 1 2 2 2 2 2 2 2 1 0 2 2 1 2 2 2 1 1 1 1 1 10 1 1 0 1 1 1
2 2 2 1 2 2 0 1 2 2 2 2 2 2 2 1 2 2 0 1 2 2 2 2 1 1 1 0 1 1 10 1 1 1 1 1
2 2 2 2 2 2 1 0 2 2 1 2 2 2 2 2 2 2 1 0 2 2 1 2 1 1 1 1 1 1 1 10 1 1 0 1
2 2 2 2 2 1 2 2 0 1 2 2 2 2 2 2 2 1 2 2 0 1 2 2 1 1 1 1 1 0 1 1 10 1 1 1
2 2 2 2 2 2 2 2 1 0 2 1 2 2 2 2 2 2 2 2 1 0 2 1 1 1 1 1 1 1 1 1 1 10 1 0
2 2 2 2 2 2 2 1 2 2 0 1 2 2 2 2 2 2 2 1 2 2 0 1 1 1 1 1 1 1 1 0 1 1 10 1
2 2 2 2 2 2 2 2 2 1 1 0 2 2 2 2 2 2 2 2 2 1 1 0 1 1 1 1 1 1 1 1 1 0 1 10
0 2
0 3
0 4
0 5
0 6
0 7
0 8
0 9
0 10
0 11
1 2
1 3
1 4
1 5
1 6
1 7
1 8
1 9
1 10
1 11
2 4
2 5
2 6
2 7
2 8
2 9
2 10
2 11
3 4
3 5
3 6
3 7
3 8
3 9
3 10
3 11
4 6
4 7
4 8
4 9
4 10
4 11
5 6
5 7
5 8
5 9
5 10
5 11
6 8
6 9
6 10
6 11
7 8
7 9
7 10
7 11
8 10
8 11
9 10
9 11
0 2
0 3
0 4
0 5
0 6
0 7
0 8
0 9
0 10
0 11
1 2
1 3
1 4
1 5
1 6
1 7
1 8
1 9
1 10
1 11
2 4
2 5
2 6
2 7
2 8
2 9
2 10
2 11
3 4
3 5
3 6
3 7
3 8
3 9
3 10
3 11
4 6
4 7
4 8
4 9
4 10
4 11
5 6
5 7
5 8
5 9
5 10
5 11
6 8
6 9
6 10
6 11
7 8
7 9
7 10
7 11
8 10
8 11
9 10
9 11
0 1
0 3
0 4
0 5
0 6
0 7
0 8
0 9
0 10
0 11
1 2
1 3
1 5
1 6
1 7
1 8
1 9
1 10
1 11
2 3
2 4
2 5
2 6
2 7
2 8
2 9
2 10
2 11
3 4
3 5
3 7
3 8
3 9
3 10
3 11
4 5
4 6
4 7
4 8
4 9
4 10
4 11
5 6
5 7
5 9
5 10
5 11
6 7
6 8
6 9
6 10
6 11
7 8
7 9
7 11
8 9
8 10
8 11
9 10
10 11
10492096269873267031 14336
45 35 57 54 29 26 36 37 7 44 53 42 34 58 16 28 55 20 21 51 5 48 2 56 46 14 19 32 17 15 59 38 3 50 52 40 8 49 23 1 4 10 33 27 11 22 12 6 41 13 24 25 18 47 39 43 30 0 31 9
59 52 54 38 25 28 44 19 48 47 17 7 46 53 31 49 29 5 56 20 39 10 57 3 32 43 36 4 26 9 35 41 14 50 21 15 22 6 51 45 34 55 23 58 11 18 42 33 8 40 16 12 27 13 30 1 2 37 0 24
45 35 57 54 29 26 36 37 7 44 53 42 34 58 16 28 55 20 21 51 5 48 2 56 46 14 19 32 17 15 59 38 3 50 52 40 8 49 23 1 4 10 33 27 11 22 12 6 41 13 24 25 18 47 39 43 30 0 31 9
59 52 54 38 25 28 44 19 48 4 17 7 46 53 31 49 29 5 56 20 39 10 57 3 32 43 36 47 26 9 35 41 14 50 21 15 22 6 51 45 34 55 23 58 11 18 42 33 8 40 16 12 27 13 30 1 2 37 0 24
13403982200087763647 14336
49 5 22 57 59 34 46 1 37 44 17 40 29 11 47 38 36 55 48 26 50 53 56 6 41 28 9 43 52 58 32 3 45 51 13 12 39 19 8 15 7 24 0 35 27 54 30 16 23 18 25 4 14 20 10 33 31 2 21 42
58 38 52 53 22 13 1 33 46 36 43 44 54 49 40 8 19 9 20 31 57 28 14 34 50 37 15 7 45 2 27 25 17 5 51 56 32 11 4 26 47 16 59 24 42 10 0 30 18 21 6 35 41 48 39 3 55 23 29 12
49 5 22 57 59 34 46 1 37 44 17 40 29 11 47 38 36 55 48 26 50 53 56 6 41 28 9 43 52 58 32 3 45 51 13 12 39 19 8 15 7 24 0 35 27 54 30 16 23 18 25 4 14 20 10 33 31 2 21 42
58 38 52 53 22 13 1 33 46 36 43 44 54 49 40 8 19 9 20 31 57 28 14 34 50 37 15 7 45 2 27 25 17 5 51 56 32 11 4 26 47 16 59 24 42 10 0 30 18 21 6 35 41 48 39 3 55 23 29 12
3294421085252115384 14336
22 48 31 27 58 40 59 35 43 3 37 45 51 34 1 41 54 21 32 20 5 17 9 44 19 46 42 39 57 8 38 56 4 55 25 14 26 7 10 16 49 33 24 30 53 36 52 6 29 15 28 13 18 0 11 23 47 2 12 50
55 41 45 48 12 52 19 40 25 51 39 23 44 53 57 50 18 33 42 31 24 59 37 46 43 4 11 13 16 49 26 2 8 15 35 6 27 34 47 22 56 5 17 10 36 9 1 30 28 29 7 58 32 14 38 3 0 21 54 20
22 48 31 27 58 40 59 35 43 3 37 45 51 34 1 41 54 21 32 20 5 17 9 44 14 46 42 39 57 8 38 56 4 55 25 19 26 7 10 16 49 33 24 30 53 36 52 6 29 15 28 13 18 0 11 23 47 2 12 50
55 41 45 48 12 52 19 40 25 51 39 23 44 53 57 50 18 33 42 31 24 59 37 46 43 4 11 13 16 49 26 2 8 15 35 6 27 34 47 22 56 5 17 10 36 9 1 30 28 29 7 58 32 14 38 3 0 21 54 20
9946947356412695471 14336
45 42 35 58 0 34 55 20 43 48 50 41 52 57 27 28 29 46 37 53 8 5 19 14 6 12 25 32 4 54 17 44 39 9 56 15 18 59 31 49 10 3 33 24 22 1 16 36 40 38 30 21 13 23 2 7 51 26 47 11
44 54 45 37 46 55 4 58 31 10 12 52 53 33 15 9 41 50 21 19 1 57 42 59 14 30 47 40 56 18 38 22 17 20 3 7 24 27 13 6 51 49 8 0 32 23 36 48 25 34 16 5 26 35 39 29 2 28 11 43
45 42 35 58 0 34 55 20 43 48 50 41 52 57 27 28 29 46 37 53 8 5 19 14 6 12 25 32 4 54 17 44 39 9 56 15 18 59 31 49 10 3 33 24 22 1 16 36 40 38 30 21 13 23 2 7 51 26 47 11
44 54 45 37 46 55 4 58 31 10 12 52 53 33 15 9 41 50 21 19 1 57 42 59 14 30 47 40 56 18 38 22 17 20 3 7 24 27 13 6 51 49 8 0 32 23 36 48 25 34 16 5 26 35 39 29 2 28 11 43
11093764876225181147 14336
2 52 56 33 46 59 29 4 23 20 49 35 30 26 21 8 37 40 16 45 58 5 12 34 18 47 53 48 19 38 6 36 27 54 13 7 24 25 51 42 1 15 9 10 31 57 50 14 22 17 39 28 3 55 44 32 41 43 11 0
49 18 28 17 48 20 54 31 56 43 41 42 52 51 39 55 34 26 23 33 5 27 59 35 29 14 44 58 57 47 8 9 40 16 53 12 15 13 25 45 46 19 30 32 2 22 0 38 21 3 24 7 50 6 1 10 11 4 36 37
2 52 56 33 46 59 29 4 23 20 49 35 30 26 43 8 37 40 16 45 58 5 12 34 18 47 53 48 19 38 27 36 6 54 13 7 1 25 51 42 24 15 9 10 31 57 50 14 22 17 39 28 3 55 44 32 41 21 11 0
49 18 28 17 48 20 54 34 56 43 41 44 52 51 39 55 31 26 23 33 5 27 59 35 29 14 42 58 57 47 8 9 40 16 53 12 15 13 25 45 46 19 30 32 2 22 0 38 21 3 24 7 50 6 1 10 11 4 36 37
14192355976050900104 14336
39 52 30 51 18 25 34 27 29 6 22 12 55 33 24 45 36 43 21 32 7 19 9 54 42 40 50 44 56 48 59 41 5 13 3 49 20 16 8 35 17 14 58 1 26 2 15 53 11 31 0 28 47 4 38 46 37 23 57 10
49 20 17 30 21 56 37 31 42 36 25 48 6 27 43 50 59 34 39 14 47 5 33 46 8 11 38 52 58 18 40 12 44 53 9 3 54 51 32 2 29 24 0 55 4 26 16 28 41 57 15 7 10 35 1 19 23 13 22 45
39 52 30 51 18 25 34 27 29 6 22 12 55 33 24 45 36 43 21 32 7 19 9 31 42 40 50 44 56 48 59 41 5 13 3 49 20 16 8 35 17 14 58 1 26 2 15 53 11 54 0 28 47 4 38 46 37 23 57 10
49 20 17 30 21 56 37 34 42 36 25 48 6 27 43 50 59 31 39 14 47 5 33 46 8 11 38 52 58 18 40 12 44 53 9 3 54 51 32 2 29 24 0 55 4 26 16 28 41 57 15 7 10 35 1 19 23 13 22 45
17171920151123988647 14336
42 5 41 58 24 40 43 30 45 32 51 38 54 48 33 29 18 23 4 37 7 8 12 16 55 2 53 31 0 17 56 59 36 46 11 47 27 13 50 57 52 49 19 25 35 15 28 6 1 34 44 39 9 3 22 26 10 21 20 14
59 44 33 31 40 12 41 53 22 6 24 42 27 54 45 39 47 11 2 48 52 49 34 50 3 10 29 28 51 17 20 37 58 5 57 14 38 32 1 4 16 21 25 9 13 8 23 30 56 18 0 7 19 46 15 55 43 26 36 35
48 5 41 58 24 40 43 30 45 32 51 38 54 42 33 29 26 23 4 37 7 8 12 13 55 2 17 31 0 53 56 59 36 46 11 47 27 16 50 57 52 49 19 25 35 15 28 6 1 34 44 39 9 3 22 18 10 21 20 14
54 44 33 31 40 12 41 53 22 6 24 42 27 59 45 39 47 11 2 48 52 49 34 50 28 56 36 3 51 17 20 37 58 5 57 14 38 32 1 4 16 21 25 9 13 8 23 30 10 18 0 7 46 19 55 15 43 26 29 35
13046851402042547743 14336
54 52 18 32 59 21 39 42 26 20 45 48 24 55 58 28 34 47 37 25 5 9 40 41 14 56 30 44 35 7 13 8 46 51 10 15 22 6 27 17 53 36 0 43 12 50 49 33 29 23 38 1 57 11 19 16 3 4 2 31
12 59 48 7 35 30 54 56 39 22 32 37 43 19 26 44 57 51 49 6 55 14 1 38 42 36 18 8 4 50 15 21 16 3 46 53 58 34 17 5 28 27 41 9 33 23 31 13 20 10 0 52 11 40 24 25 47 2 45 29
54 52 18 32 59 21 39 42 26 20 45 48 24 55 58 28 34 47 37 25 5 9 40 41 14 56 30 44 35 7 13 8 46 51 10 15 27 6 22 17 53 36 0 43 12 50 49 33 29 23 38 1 57 11 19 16 3 4 2 31
12 59 48 7 35 30 54 56 39 22 32 37 43 19 26 44 57 51 49 6 55 14 1 38 42 36 18 8 4 50 15 21 16 3 46 53 58 34 17 5 28 27 41 9 33 23 31 13 20 10 0 52 11 40 24 25 47 2 45 29
9317944148560685819 14336
39 45 58 55 50 44 1 35 48 37 47 42 32 33 53 34 20 40 23 4 6 56 19 11 12 54 49 5 10 9 57 52 46 36 38 18 8 59 15 27 31 22 29 26 30 14 25 16 21 0 17 28 41 13 2 7 3 51 43 24
57 50 1 28 52 27 36 43 12 32 14 41 51 5 21 44 45 19 48 31 58 4 34 56 47 35 20 18 46 15 6 11 10 8 53 38 26 37 7 13 24 25 39 16 59 49 29 23 55 54 17 0 22 33 2 42 30 3 9 40
39 45 58 55 22 44 1 35 48 37 47 4 32 33 53 34 20 40 23 50 6 56 19 11 12 54 49 5 10 9 57 52 46 36 38 18 8 59 15 27 31 42 29 26 30 14 25 16 21 0 17 28 41 13 2 7 3 51 43 24
57 50 1 40 52 27 36 43 12 32 14 41 51 5 21 44 58 19 48 31 45 4 34 56 47 35 20 18 46 55 2 11 10 8 53 38 26 37 7 13 24 25 39 16 59 49 29 23 15 54 17 0 22 33 6 42 30 3 9 28
6782072155539065484 14336
36 44 50 31 39 33 10 26 47 52 22 54 32 16 34 41 42 35 53 21 19 55 56 40 46 43 6 7 58 49 9 12 59 2 15 48 0 24 18 37 4 11 29 57 8 14 20 25 51 27 38 45 3 1 17 5 23 28 30 13
58 26 15 53 19 28 37 3 51 12 46 38 9 33 55 29 41 52 42 32 23 31 36 13 5 40 39 43 44 0 35 57 10 54 7 47 59 25 34 4 1 48 18 2 22 21 24 50 8 16 14 6 49 17 56 27 11 45 20 30
36 44 50 31 39 33 10 26 47 52 22 5 32 16 34 41 42 51 53 21 59 55 56 12 46 43 6 7 18 49 9 40 19 2 15 48 0 24 58 37 4 11 29 57 8 14 20 25 35 27 38 45 3 1 17 54 23 28 30 13
58 26 15 53 19 28 37 3 51 12 46 24 9 33 55 29 41 52 42 32 23 31 36 13 5 40 39 43 44 0 35 57 10 54 7 47 59 25 34 4 1 48 18 2 22 21 38 50 8 16 14 6 49 17 56 27 11 45 20 30
11207733126723089474 14336
54 40 16 22 46 2 26 35 45 30 37 29 55 56 7 27 28 43 49 24 51 8 38 17 9 39 3 42 52 53 19 12 4 5 36 44 1 10 31 50 21 58 59 34 11 0 57 15 13 20 32 25 48 47 33 6 23 41 18 14
6 42 51 59 28 34 39 14 22 55 44 57 48 30 58 27 26 11 37 4 31 13 18 35 36 50 53 20 23 0 43 56 21 41 7 33 8 32 40 3 17 54 19 16 47 52 2 25 9 38 46 12 10 49 1 15 29 5 24 45
54 40 16 22 59 2 26 35 45 29 37 30 55 56 7 27 28 43 49 21 51 4 38 17 8 39 3 48 52 53 19 12 9 5 36 44 1 10 31 50 24 58 46 34 11 0 57 15 13 20 32 25 42 47 33 6 23 41 18 14
6 42 51 59 28 34 16 43 22 55 44 57 48 30 58 27 26 11 37 4 31 13 18 35 36 50 53 20 23 0 14 56 21 41 7 33 8 32 40 3 17 54 19 39 47 52 2 25 9 38 46 12 10 49 1 15 29 5 24 45
5782227138970696054 14336
25 56 0 45 34 48 43 19 40 31 37 55 11 27 20 44 53 36 14 46 52 9 13 58 50 35 6 42 51 49 29 41 18 3 7 24 59 5 22 54 30 17 15 32 1 26 16 23 57 8 39 4 2 10 21 33 47 12 28 38
43 46 55 33 32 41 16 50 48 23 57 44 54 0 58 47 36 22 29 24 19 42 49 39 5 15 59 17 53 18 40 31 26 1 52 13 27 45 56 11 7 4 6 10 51 37 25 28 2 12 14 38 30 21 9 3 20 34 35 8
25 56 0 45 34 48 43 19 40 31 37 55 11 27 20 44 53 36 14 46 52 9 13 58 50 35 6 42 51 49 29 41 18 3 7 24 59 5 22 54 30 17 15 32 1 26 16 23 57 8 39 4 2 10 21 33 47 12 28 38
43 46 55 33 32 41 16 50 48 23 57 44 54 0 58 47 36 22 29 24 19 42 49 39 5 15 59 17 53 18 40 31 26 1 52 13 27 45 56 11 7 4 6 10 51 37 25 28 2 12 14 38 30 21 9 3 20 34 35 8
9188882970176871318 14336
44 7 50 22 24 59 27 28 31 37 38 53 47 10 58 29 40 0 48 30 18 55 46 20 15 14 4 45 9 56 41 13 51 43 16 5 39 57 11 26 52 23 32 1 49 54 33 17 3 35 12 6 8 2 25 34 21 36 42 19
59 39 51 55 12 17 41 53 31 42 36 43 23 30 57 3 33 50 2 25 44 10 16 6 28 56 46 47 48 5 45 49 52 9 26 15 1 19 54 14 7 58 18 34 21 20 13 8 40 4 24 37 32 27 35 38 22 0 11 29
44 7 50 22 24 59 27 28 31 37 38 53 47 10 58 29 40 0 48 30 18 55 46 20 15 14 4 45 9 56 41 13 51 43 16 5 39 57 11 26 52 23 32 1 49 54 33 17 3 35 12 6 8 2 25 34 21 36 42 19
59 39 51 55 12 17 41 53 31 42 36 43 23 30 57 3 33 50 2 25 44 10 16 6 28 56 46 47 48 5 45 49 52 9 26 15 1 19 54 14 7 58 18 34 21 20 13 8 40 4 24 37 32 27 35 38 22 0 11 29
10239306267056107575 14336
57 37 49 5 26 47 36 34 21 32 44 59 46 58 29 38 35 22 23 20 2 55 39 0 42 54 30 18 8 14 16 40 43 50 48 45 17 31 27 51 52 33 25 19 56 1 28 6 9 41 12 4 11 24 3 53 7 15 10 13
37 52 57 34 39 55 43 42 10 17 49 12 26 21 54 4 30 40 9 31 51 38 8 44 18 11 35 48 53 58 46 41 50 0 24 5 33 6 45 19 16 36 14 13 1 56 7 23 2 25 32 15 27 59 28 29 22 20 47 3
57 37 49 5 26 47 36 34 21 32 44 59 46 58 29 38 35 22 23 20 2 55 39 0 42 54 30 18 8 14 16 40 43 50 48 45 17 31 27 51 52 33 25 19 56 1 28 6 9 41 12 4 11 24 3 53 7 15 10 13
37 52 57 34 39 55 43 42 10 17 49 12 26 21 54 4 30 40 9 31 51 38 8 44 18 11 35 48 53 58 46 41 50 0 24 5 33 6 45 19 16 36 14 13 1 56 7 23 2 25 32 15 27 59 28 29 22 20 47 3
4334619697647265799 14336
0 41 23 59 48 33 36 43 34 42 46 11 51 24 40 28 47 50 53 39 49 7 13 57 35 18 37 38 17 55 44 58 21 4 52 5 1 56 6 31 3 10 26 14 54 19 30 32 12 27 16 9 8 20 45 25 22 15 2 29
58 52 43 22 57 35 33 11 36 16 55 44 26 47 21 34 13 29 24 5 14 45 30 46 37 50 18 4 51 32 40 15 9 2 10 42 59 1 19 6 48 56 0 27 41 31 7 17 25 12 39 38 53 49 8 28 20 3 54 23
0 41 23 59 48 33 36 43 34 42 46 11 51 24 40 28 47 50 53 39 49 7 13 57 35 18 37 38 17 55 44 58 21 4 52 5 1 56 6 31 3 10 26 14 54 19 30 32 12 27 16 9 8 20 45 25 22 15 2 29
58 52 43 22 57 35 33 11 36 16 55 44 26 47 21 34 13 29 24 5 14 45 30 46 37 50 18 4 51 32 40 15 9 2 10 42 59 1 19 6 48 56 0 27 41 31 7 17 25 12 39 38 53 49 8 28 20 3 54 23
9080026704073621295 14336
54 52 35 33 20 46 21 50 38 49 59 18 42 37 34 24 30 40 43 22 15 57 3 12 4 13 48 28 8 14 39 45 41 9 36 44 56 6 2 23 25 17 16 26 5 51 7 1 47 53 27 29 58 32 11 55 31 10 19 0
18 8 48 40 45 21 53 35 30 34 43 52 26 32 49 51 27 22 31 56 58 24 54 55 36 33 39 5 44 23 10 7 59 37 3 13 28 19 57 9 14 42 46 15 47 0 50 16 11 38 25 6 1 17 41 20 12 2 4 29
54 52 35 33 20 46 21 51 38 49 59 18 42 37 34 24 30 40 43 22 15 57 3 12 4 13 48 28 8 14 39 45 41 9 36 44 56 6 2 23 25 17 16 26 55 50 7 1 47 53 27 29 58 32 11 5 31 10 19 0
18 8 48 40 45 21 53 35 30 34 43 52 26 32 49 51 27 22 31 56 58 24 54 55 36 33 39 5 44 23 10 7 59 37 3 13 28 19 57 9 14 42 46 15 47 0 50 16 11 38 25 6 1 17 41 20 12 2 4 29
