FACTOR_PERMUTATION_V1 12 16 1024 1 0.25
10 0 1 1 1 1 1 1 1 1 1 1 1 0 2 2 2 2 1 2 2 2 2 2 1 0 2 2 2 2 1 2 2 2 2 2
0 10 1 1 1 1 1 1 1 1 1 1 0 1 2 2 2 2 2 1 2 2 2 2 0 1 2 2 2 2 2 1 2 2 2 2
1 1 10 0 1 1 1 1 1 1 1 1 2 2 1 0 2 2 2 2 1 2 2 2 2 2 1 0 2 2 2 2 1 2 2 2
1 1 0 10 1 1 1 1 1 1 1 1 2 2 0 1 2 2 2 2 2 1 2 2 2 2 0 1 2 2 2 2 2 1 2 2
1 1 1 1 10 0 1 1 1 1 1 1 2 2 2 2 1 0 2 2 2 2 1 2 2 2 2 2 1 0 2 2 2 2 1 2
1 1 1 1 0 10 1 1 1 1 1 1 2 2 2 2 0 1 2 2 2 2 2 1 2 2 2 2 0 1 2 2 2 2 2 1
1 1 1 1 1 1 10 0 1 1 1 1 1 2 2 2 2 2 1 0 2 2 2 2 1 2 2 2 2 2 1 0 2 2 2 2
1 1 1 1 1 1 0 10 1 1 1 1 2 1 2 2 2 2 0 1 2 2 2 2 2 1 2 2 2 2 0 1 2 2 2 2
1 1 1 1 1 1 1 1 10 0 1 1 2 2 1 2 2 2 2 2 1 0 2 2 2 2 1 2 2 2 2 2 1 0 2 2
1 1 1 1 1 1 1 1 0 10 1 1 2 2 2 1 2 2 2 2 0 1 2 2 2 2 2 1 2 2 2 2 0 1 2 2
1 1 1 1 1 1 1 1 1 1 10 0 2 2 2 2 1 2 2 2 2 2 1 0 2 2 2 2 1 2 2 2 2 2 1 0
1 1 1 1 1 1 1 1 1 1 0 10 2 2 2 2 2 1 2 2 2 2 0 1 2 2 2 2 2 1 2 2 2 2 0 1
1 0 2 2 2 2 1 2 2 2 2 2 10 0 1 1 1 1 1 1 1 1 1 1 1 2 2 2 2 2 1 0 2 2 2 2
0 1 2 2 2 2 2 1 2 2 2 2 0 10 1 1 1 1 1 1 1 1 1 1 2 1 2 2 2 2 0 1 2 2 2 2
2 2 1 0 2 2 2 2 1 2 2 2 1 1 10 0 1 1 1 1 1 1 1 1 2 2 1 2 2 2 2 2 1 0 2 2
2 2 0 1 2 2 2 2 2 1 2 2 1 1 0 10 1 1 1 1 1 1 1 1 2 2 2 1 2 2 2 2 0 1 2 2
2 2 2 2 1 0 2 2 2 2 1 2 1 1 1 1 10 0 1 1 1 1 1 1 2 2 2 2 1 2 2 2 2 2 1 0
2 2 2 2 0 1 2 2 2 2 2 1 1 1 1 1 0 10 1 1 1 1 1 1 2 2 2 2 2 1 2 2 2 2 0 1
1 2 2 2 2 2 1 0 2 2 2 2 1 1 1 1 1 1 10 0 1 1 1 1 1 0 2 2 2 2 1 2 2 2 2 2
2 1 2 2 2 2 0 1 2 2 2 2 1 1 1 1 1 1 0 10 1 1 1 1 0 1 2 2 2 2 2 1 2 2 2 2
2 2 1 2 2 2 2 2 1 0 2 2 1 1 1 1 1 1 1 1 10 0 1 1 2 2 1 0 2 2 2 2 1 2 2 2
2 2 2 1 2 2 2 2 0 1 2 2 1 1 1 1 1 1 1 1 0 10 1 1 2 2 0 1 2 2 2 2 2 1 2 2
2 2 2 2 1 2 2 2 2 2 1 0 1 1 1 1 1 1 1 1 1 1 10 0 2 2 2 2 1 0 2 2 2 2 1 2
2 2 2 2 2 1 2 2 2 2 0 1 1 1 1 1 1 1 1 1 1 1 0 10 2 2 2 2 0 1 2 2 2 2 2 1
1 0 2 2 2 2 1 2 2 2 2 2 1 2 2 2 2 2 1 0 2 2 2 2 10 0 1 1 1 1 1 1 1 1 1 1
0 1 2 2 2 2 2 1 2 2 2 2 2 1 2 2 2 2 0 1 2 2 2 2 0 10 1 1 1 1 1 1 1 1 1 1
2 2 1 0 2 2 2 2 1 2 2 2 2 2 1 2 2 2 2 2 1 0 2 2 1 1 10 0 1 1 1 1 1 1 1 1
2 2 0 1 2 2 2 2 2 1 2 2 2 2 2 1 2 2 2 2 0 1 2 2 1 1 0 10 1 1 1 1 1 1 1 1
2 2 2 2 1 0 2 2 2 2 1 2 2 2 2 2 1 2 2 2 2 2 1 0 1 1 1 1 10 0 1 1 1 1 1 1
2 2 2 2 0 1 2 2 2 2 2 1 2 2 2 2 2 1 2 2 2 2 0 1 1 1 1 1 0 10 1 1 1 1 1 1
1 2 2 2 2 2 1 0 2 2 2 2 1 0 2 2 2 2 1 2 2 2 2 2 1 1 1 1 1 1 10 0 1 1 1 1
2 1 2 2 2 2 0 1 2 2 2 2 0 1 2 2 2 2 2 1 2 2 2 2 1 1 1 1 1 1 0 10 1 1 1 1
2 2 1 2 2 2 2 2 1 0 2 2 2 2 1 0 2 2 2 2 1 2 2 2 1 1 1 1 1 1 1 1 10 0 1 1
2 2 2 1 2 2 2 2 0 1 2 2 2 2 0 1 2 2 2 2 2 1 2 2 1 1 1 1 1 1 1 1 0 10 1 1
2 2 2 2 1 2 2 2 2 2 1 0 2 2 2 2 1 0 2 2 2 2 1 2 1 1 1 1 1 1 1 1 1 1 10 0
2 2 2 2 2 1 2 2 2 2 0 1 2 2 2 2 0 1 2 2 2 2 2 1 1 1 1 1 1 1 1 1 1 1 0 10
0 2
0 3
0 4
0 5
0 6
0 7
0 8
0 9
0 10
0 11
1 2
1 3
1 4
1 5
1 6
1 7
1 8
1 9
1 10
1 11
2 4
2 5
2 6
2 7
2 8
2 9
2 10
2 11
3 4
3 5
3 6
3 7
3 8
3 9
3 10
3 11
4 6
4 7
4 8
4 9
4 10
4 11
5 6
5 7
5 8
5 9
5 10
5 11
6 8
6 9
6 10
6 11
7 8
7 9
7 10
7 11
8 10
8 11
9 10
9 11
0 2
0 3
0 4
0 5
0 6
0 7
0 8
0 9
0 10
0 11
1 2
1 3
1 4
1 5
1 6
1 7
1 8
1 9
1 10
1 11
2 4
2 5
2 6
2 7
2 8
2 9
2 10
2 11
3 4
3 5
3 6
3 7
3 8
3 9
3 10
3 11
4 6
4 7
4 8
4 9
4 10
4 11
5 6
5 7
5 8
5 9
5 10
5 11
6 8
6 9
6 10
6 11
7 8
7 9
7 10
7 11
8 10
8 11
9 10
9 11
0 2
0 3
0 4
0 5
0 6
0 7
0 8
0 9
0 10
0 11
1 2
1 3
1 4
1 5
1 6
1 7
1 8
1 9
1 10
1 11
2 4
2 5
2 6
2 7
2 8
2 9
2 10
2 11
3 4
3 5
3 6
3 7
3 8
3 9
3 10
3 11
4 6
4 7
4 8
4 9
4 10
4 11
5 6
5 7
5 8
5 9
5 10
5 11
6 8
6 9
6 10
6 11
7 8
7 9
7 10
7 11
8 10
8 11
9 10
9 11
5923900652745423628 9216
31 40 26 57 38 3 13 33 53 59 51 55 23 27 32 2 46 45 16 36 7 8 10 39 50 54 14 44 30 37 58 24 42 47 6 11 28 25 52 9 4 17 49 34 15 22 29 5 41 21 56 19 35 18 43 48 1 0 12 20
45 34 48 51 3 53 36 54 21 2 46 57 39 31 50 28 17 42 24 5 19 10 1 38 55 14 7 59 30 49 52 13 56 0 40 12 27 8 37 25 44 11 41 6 26 18 15 32 16 20 33 58 29 9 35 23 4 47 43 22
31 40 26 57 38 3 13 33 53 59 51 43 23 27 32 2 46 45 16 36 7 8 10 39 50 54 49 44 14 37 58 24 4 47 6 11 28 25 52 9 42 17 30 34 15 22 29 5 41 21 56 19 35 18 55 48 1 0 12 20
45 34 48 59 3 53 2 54 21 36 46 57 39 31 50 20 33 42 24 5 19 10 1 38 22 55 7 51 30 49 52 13 56 0 40 12 27 8 37 25 44 11 41 6 26 18 15 32 16 28 17 58 29 9 35 23 4 47 43 14
15097094037918710836 9216
59 38 26 51 52 28 3 21 24 58 48 17 57 54 27 31 35 22 39 44 15 0 40 46 5 41 43 6 36 47 34 13 56 2 4 23 49 20 42 53 11 9 1 30 32 18 16 45 10 29 7 12 19 8 25 33 50 37 55 14
50 3 1 26 59 32 11 20 23 52 41 54 49 24 16 46 55 42 39 33 38 43 53 27 57 18 45 8 48 6 19 37 36 34 17 30 35 15 5 12 10 25 28 58 13 7 56 14 40 4 44 21 29 51 9 2 0 22 31 47
59 38 26 51 52 28 3 21 16 58 48 17 57 54 27 31 35 22 39 44 15 0 40 46 5 41 43 6 36 47 34 13 56 1 4 23 49 20 42 53 11 9 2 30 32 18 24 45 10 29 7 12 19 8 25 33 50 37 55 14
50 3 1 26 59 32 11 20 23 52 37 34 25 51 16 46 55 42 39 33 38 43 53 27 57 18 45 8 48 6 19 41 36 54 17 30 35 15 5 12 4 49 28 58 13 7 56 14 40 22 44 21 29 24 9 2 10 0 31 47
11307997560859728784 9216
54 37 44 58 24 9 26 29 33 30 41 56 28 23 47 25 11 50 13 48 6 15 7 16 51 18 53 21 49 34 19 46 38 4 3 55 40 22 17 39 52 5 32 57 42 2 14 0 35 10 36 45 8 43 1 12 20 31 27 59
48 28 1 15 46 0 27 36 54 33 50 39 11 30 6 38 47 10 24 26 19 58 41 2 43 5 21 12 3 8 16 55 14 56 49 45 25 57 40 53 52 20 22 59 42 44 35 17 37 29 7 32 34 18 13 23 4 9 31 51
54 44 43 39 24 9 26 29 35 30 41 16 28 23 47 25 31 13 50 48 6 17 7 38 51 18 53 21 49 34 19 45 57 2 3 37 33 27 15 40 52 5 32 46 42 4 14 0 36 10 56 58 8 55 1 12 20 11 22 59
57 1 33 15 46 0 27 36 8 37 26 39 11 30 44 38 47 23 24 50 19 58 41 43 31 2 13 5 3 54 16 55 12 56 49 42 22 48 40 53 52 20 9 14 6 21 35 17 59 29 7 32 34 25 45 28 4 10 18 51
15062806101279539226 9216
55 49 34 48 39 2 19 26 21 52 42 37 22 57 28 25 18 35 45 24 7 46 16 41 8 12 14 23 4 54 47 44 29 6 15 40 59 56 20 43 38 11 58 31 30 50 0 17 5 10 51 13 27 53 33 9 32 36 3 1
49 37 9 43 34 39 35 23 4 57 27 10 32 58 21 41 52 50 13 36 51 31 40 16 12 3 26 45 56 18 6 7 55 46 47 30 17 25 42 28 5 20 48 44 1 59 11 0 22 19 53 33 8 54 2 29 14 38 24 15
55 49 34 48 39 2 19 26 21 52 42 37 22 54 28 25 18 35 45 24 7 46 16 41 8 12 14 23 4 57 47 44 29 6 15 40 59 56 20 43 38 31 58 11 30 50 0 17 5 10 51 13 27 53 33 9 32 36 3 1
49 37 9 43 34 39 35 23 4 57 27 10 32 58 21 41 52 50 13 36 51 31 40 16 12 3 26 45 56 18 6 7 55 46 47 30 17 25 42 28 5 20 48 2 1 59 11 0 22 19 53 33 8 54 44 29 14 38 24 15
3722624648128049847 9216
44 59 43 1 20 34 22 41 53 6 42 58 16 50 23 35 52 36 45 27 4 18 9 33 19 26 48 54 51 31 46 38 15 0 3 12 14 8 29 37 25 55 57 24 7 17 10 32 11 56 28 49 2 13 47 39 40 21 5 30
39 54 22 58 21 27 37 9 32 29 52 51 20 23 59 12 26 33 13 48 19 8 10 46 1 50 45 38 42 3 28 6 47 18 57 17 56 7 14 15 5 31 4 35 44 49 11 53 55 16 34 41 40 43 25 24 30 2 36 0
44 59 43 1 20 34 22 41 53 6 42 58 16 50 23 35 52 36 45 27 4 18 9 33 19 26 48 54 51 31 46 38 15 0 3 12 14 8 29 37 25 55 57 24 7 17 10 32 11 56 28 49 2 13 47 39 40 21 5 30
39 54 22 58 21 27 37 9 32 29 52 51 20 23 59 12 26 33 13 48 19 8 10 46 1 50 45 38 42 3 28 6 47 18 57 17 56 7 14 15 5 31 4 35 44 49 11 53 55 16 34 41 40 43 25 24 30 2 36 0
1547103659781285994 9216
58 5 35 4 27 21 52 47 36 32 57 42 50 56 40 53 19 10 33 29 12 3 14 28 13 23 26 7 38 34 46 17 37 51 16 6 45 55 1 39 0 22 9 41 54 49 15 25 20 11 24 31 8 48 44 18 30 59 43 2
55 45 49 56 24 35 40 5 2 51 58 30 57 31 59 50 32 41 21 10 26 12 39 3 43 36 14 47 37 54 6 38 19 46 4 16 17 11 9 48 1 23 22 15 0 29 52 7 34 18 13 28 20 27 44 33 53 8 25 42
58 37 28 4 27 21 52 9 36 32 57 42 50 54 2 53 19 10 33 29 12 3 48 35 13 39 26 7 6 11 46 45 5 51 16 41 17 55 59 23 0 22 47 38 56 49 15 25 20 34 24 31 8 14 44 18 30 1 43 40
55 45 22 56 24 35 40 5 2 19 58 30 57 31 59 50 32 41 21 20 26 10 39 3 43 36 14 16 37 18 6 38 47 46 4 15 17 11 9 48 1 23 49 52 0 29 44 7 34 8 13 28 12 27 54 33 53 51 25 42
6162182980116257703 9216
50 41 5 58 28 27 42 2 44 53 43 48 51 25 34 10 33 54 20 38 39 19 56 9 6 21 36 1 14 32 17 46 37 55 3 16 0 18 35 47 15 24 29 31 8 4 22 13 57 12 49 59 40 45 52 7 11 23 26 30
3 22 41 57 58 34 23 31 48 54 33 40 32 38 36 47 13 49 15 0 14 18 19 20 50 37 59 6 8 55 1 53 44 12 16 43 35 24 5 42 25 17 10 56 11 45 4 30 7 46 21 52 2 9 29 39 28 51 26 27
50 41 5 58 28 27 42 2 44 53 43 48 51 25 34 10 33 54 20 38 39 19 56 9 6 21 36 1 14 32 17 46 37 55 3 16 0 18 35 47 15 24 29 31 8 4 22 13 57 12 49 59 40 45 52 7 11 23 26 30
3 22 41 57 58 34 23 31 48 54 33 40 32 38 36 47 13 49 15 0 14 18 19 20 50 37 59 6 8 55 1 53 44 12 16 43 35 24 5 42 25 17 10 56 11 45 4 30 7 46 21 52 2 9 29 39 28 51 26 27
6327940006645174634 9216
12 21 32 6 40 58 25 55 3 52 43 57 31 22 29 13 38 7 50 39 15 9 26 48 18 46 59 2 8 14 17 1 37 56 53 51 19 0 41 27 49 24 45 54 34 23 16 33 30 36 44 10 47 28 20 35 5 4 11 42
45 4 47 54 24 28 46 27 33 52 38 18 22 29 37 44 36 51 34 7 58 50 19 39 55 23 48 2 6 57 40 35 31 42 13 49 1 10 32 15 5 41 59 25 14 56 0 16 3 26 17 30 9 8 43 53 12 21 20 11
12 21 32 6 40 58 25 55 3 52 43 57 31 22 29 13 38 7 50 39 15 9 26 48 18 46 59 2 8 14 17 1 37 56 53 51 19 0 41 27 49 24 45 54 34 23 16 33 30 36 44 10 47 28 20 35 5 4 11 42
45 4 47 54 24 28 46 27 33 52 44 18 22 29 37 56 36 51 34 7 58 50 19 39 55 23 48 2 6 57 40 35 31 42 13 49 1 10 32 15 5 41 59 25 14 38 0 16 3 26 17 30 9 8 43 53 12 21 20 11
16342092578176056862 9216
37 40 6 8 27 31 29 51 13 53 45 50 36 25 35 47 12 52 33 1 57 58 46 2 0 22 7 14 59 48 18 19 43 23 28 3 5 49 15 34 20 11 10 32 56 9 42 55 30 17 44 38 41 21 54 24 4 26 16 39
42 6 16 27 31 34 2 58 33 57 15 35 26 41 24 44 29 39 50 49 59 7 22 25 40 55 3 38 4 52 12 56 51 46 37 11 32 28 23 19 17 5 45 13 54 30 48 10 47 18 8 36 1 20 53 9 21 14 0 43
37 40 6 8 27 31 29 51 13 53 45 50 36 25 35 47 12 52 33 1 57 58 46 2 0 22 7 14 59 48 18 19 43 23 28 3 5 49 15 34 20 11 10 32 56 9 42 55 30 17 44 38 41 21 54 24 4 26 16 39
42 6 16 27 31 34 2 58 33 57 15 35 26 41 24 44 29 36 50 49 59 7 22 25 40 55 3 38 4 52 12 56 51 46 37 11 32 28 23 19 17 5 45 13 54 30 48 10 47 18 8 39 1 20 53 9 21 14 0 43
13068644349500543120 9216
23 8 52 22 28 47 46 12 33 57 19 42 27 25 32 45 35 54 43 36 58 48 39 40 5 14 44 3 16 56 49 38 37 50 2 53 11 26 41 1 4 30 7 31 34 29 18 9 51 21 24 15 0 59 17 6 10 13 55 20
46 57 27 34 1 53 31 36 3 39 35 20 30 52 40 50 18 59 22 44 17 55 38 26 48 54 7 4 8 14 9 13 11 49 45 37 24 6 5 43 28 51 58 2 21 19 32 10 25 15 42 33 41 29 23 16 12 47 56 0
23 8 52 22 28 47 46 12 17 57 19 42 27 25 32 45 41 54 37 36 39 48 58 40 5 14 44 3 16 56 49 38 43 34 1 53 13 26 35 2 4 30 7 31 50 29 18 9 51 21 24 15 0 59 33 6 10 11 55 20
46 57 27 34 1 53 31 36 3 39 35 20 30 52 40 50 18 59 22 44 17 55 38 26 48 54 7 4 8 14 9 45 11 49 13 37 24 6 5 43 28 51 58 2 21 15 32 10 25 19 42 33 41 29 23 16 12 47 56 0
7590619934239370115 9216
20 5 14 34 27 46 29 59 38 37 21 36 32 22 56 33 2 47 54 17 51 52 7 55 50 18 3 39 41 58 16 6 1 43 48 11 53 9 23 28 25 26 35 44 19 0 45 4 13 42 12 30 40 8 10 49 31 57 15 24
2 44 20 1 58 27 55 3 53 32 36 43 59 35 24 8 29 26 17 51 57 40 42 31 54 45 0 10 15 18 9 56 12 30 4 39 41 7 50 48 11 5 22 13 6 19 52 25 16 33 34 47 49 28 46 38 21 14 23 37
20 5 14 34 27 46 29 59 38 37 21 36 32 22 56 33 2 41 54 17 51 52 7 55 50 18 3 39 47 58 16 6 1 43 48 11 53 9 23 28 25 26 35 44 19 0 45 4 13 42 12 30 40 8 10 49 31 57 15 24
2 44 20 1 58 27 55 3 53 32 36 43 45 35 24 8 29 26 17 51 57 40 42 31 54 59 0 10 15 18 9 56 12 30 4 39 41 7 50 48 11 5 22 13 6 19 52 25 16 33 34 47 49 28 46 38 21 14 23 37
15074898089113017116 9216
29 9 25 53 18 34 55 42 6 39 36 16 57 33 20 45 30 56 0 23 54 48 52 59 1 7 13 22 49 43 44 5 40 50 31 32 4 8 12 19 11 38 28 24 51 26 14 3 46 47 27 17 2 10 58 41 21 15 37 35
43 24 56 9 59 20 49 57 8 37 58 36 19 50 44 39 35 23 13 28 16 45 40 1 12 51 38 22 31 11 48 46 54 2 42 7 41 47 29 53 0 14 10 55 26 4 52 33 30 21 34 3 32 18 17 6 5 27 25 15
29 9 25 53 18 34 55 42 6 20 36 16 57 33 39 45 30 56 0 23 54 48 52 27 7 2 13 4 49 43 22 5 40 50 31 32 1 24 12 19 11 38 28 8 51 26 14 3 46 47 59 17 44 10 58 41 21 15 37 35
43 24 48 9 59 20 49 57 34 37 58 36 19 50 44 39 35 23 13 28 16 45 40 1 12 51 38 22 31 11 41 46 54 2 42 7 56 47 29 53 0 14 10 55 26 4 52 33 30 21 8 3 6 18 17 32 5 27 25 15
15781606629440954718 9216
6 44 35 53 59 37 30 8 38 45 52 4 32 58 28 21 41 27 14 15 17 40 12 39 51 3 25 23 19 55 26 33 18 36 43 57 46 24 5 20 22 49 7 56 10 42 1 11 13 31 47 48 29 9 34 0 54 2 16 50
27 52 11 49 57 32 40 9 45 20 41 21 50 15 10 59 31 26 44 33 38 6 58 42 23 14 8 43 17 46 30 55 35 36 12 4 25 13 56 37 1 51 34 18 19 29 53 0 3 47 48 39 2 7 24 28 22 16 5 54
6 44 35 53 59 37 30 34 38 45 52 4 32 58 28 21 41 27 14 15 17 50 12 39 51 3 25 23 19 55 26 33 18 36 43 57 46 24 5 40 22 49 7 56 10 42 1 11 13 31 47 48 29 9 8 0 54 2 16 20
27 52 31 49 57 32 40 9 45 20 41 46 50 15 10 59 11 26 21 33 38 6 58 42 23 14 8 43 17 56 30 55 35 36 12 4 25 13 44 5 1 19 34 18 51 29 53 0 3 47 48 39 2 7 24 28 22 16 54 37
9527527798370017102 9216
56 5 54 59 30 39 28 29 21 52 45 14 35 49 58 46 27 24 38 31 53 13 37 1 36 8 22 51 57 2 47 20 17 34 18 48 10 40 16 4 15 7 50 19 43 23 32 6 44 41 0 11 3 55 33 25 9 26 42 12
19 56 59 54 46 43 42 7 28 20 44 41 15 36 33 34 0 47 49 52 51 4 39 26 18 37 53 29 58 31 14 6 40 22 3 55 11 24 5 2 32 48 57 45 23 13 8 17 38 1 21 27 35 50 12 9 16 30 25 10
56 5 54 59 30 39 28 29 21 52 45 14 35 49 58 46 27 24 38 31 53 13 37 1 36 8 22 51 57 2 47 20 17 34 18 48 10 40 16 4 15 7 50 19 43 23 32 6 44 41 0 11 3 55 33 25 9 26 42 12
19 56 59 54 46 43 42 7 28 20 44 41 15 36 33 34 0 47 49 52 51 4 39 26 18 37 53 29 58 31 14 6 40 22 3 55 11 24 5 2 32 48 57 45 23 13 8 17 38 1 21 27 35 50 12 9 16 30 25 10
16708794401976265624 9216
59 52 8 49 26 32 37 45 30 21 58 36 24 27 17 43 56 47 31 11 12 3 42 34 22 15 44 23 29 5 35 13 9 40 18 53 25 57 28 14 51 7 16 33 46 50 10 48 1 41 2 38 20 0 39 54 55 19 6 4
52 39 57 58 29 23 50 36 21 1 19 44 56 49 47 38 42 26 55 28 10 24 53 8 40 45 3 51 14 34 46 35 4 37 6 12 22 59 7 2 31 54 18 9 15 30 20 5 41 0 33 16 43 13 32 25 11 48 17 27
59 52 54 49 26 32 37 45 30 21 58 36 24 27 17 43 56 47 31 11 12 3 42 34 22 15 44 23 29 5 35 13 9 40 18 55 25 57 28 14 51 7 16 33 46 50 10 48 1 41 2 38 20 0 39 8 53 19 6 4
52 39 57 58 29 55 50 36 21 1 19 44 56 49 47 38 42 26 23 28 10 24 53 8 40 45 3 51 14 34 46 35 9 37 6 12 22 59 7 2 31 54 18 4 15 30 20 5 41 0 33 16 43 13 32 25 11 48 17 27
2033808091571845238 9216
43 4 58 32 44 35 36 46 52 27 5 48 55 10 30 38 26 12 45 33 57 24 18 17 40 51 49 2 0 59 41 29 13 23 56 15 16 22 14 34 11 28 54 9 1 53 50 42 47 25 20 39 37 19 7 21 31 6 3 8
39 47 6 43 22 2 48 35 54 21 45 38 52 11 26 19 50 0 51 31 9 8 59 57 15 42 37 20 30 18 58 3 5 55 17 44 12 25 34 40 49 14 24 33 27 36 1 53 32 13 28 7 29 23 46 56 10 41 16 4
43 4 58 32 44 35 36 46 52 27 5 48 55 10 30 38 26 12 45 33 57 21 18 17 40 51 49 2 0 59 41 29 13 23 56 15 16 22 14 34 11 28 54 9 1 53 50 42 47 25 20 39 37 19 7 24 31 6 3 8
39 47 6 43 22 2 48 35 54 21 45 38 52 11 26 19 50 0 51 31 9 8 59 57 15 42 37 20 30 18 58 3 5 55 17 44 12 25 34 40 49 14 24 33 27 36 1 53 32 13 28 7 29 23 46 56 10 41 16 4
