FACTOR_PERMUTATION_V1 12 16 1024 1 0.25
10 0 1 1 1 1 1 1 1 1 1 1 1 0 2 2 2 2 1 2 2 2 2 2 1 0 2 2 2 2 1 2 2 2 2 2
0 10 1 1 1 1 1 1 1 1 1 1 0 1 2 2 2 2 2 1 2 2 2 2 0 1 2 2 2 2 2 1 2 2 2 2
1 1 10 0 1 1 1 1 1 1 1 1 2 2 1 0 2 2 2 2 1 2 2 2 2 2 1 0 2 2 2 2 1 2 2 2
1 1 0 10 1 1 1 1 1 1 1 1 2 2 0 1 2 2 2 2 2 1 2 2 2 2 0 1 2 2 2 2 2 1 2 2
1 1 1 1 10 0 1 1 1 1 1 1 2 2 2 2 1 0 2 2 2 2 1 2 2 2 2 2 1 0 2 2 2 2 1 2
1 1 1 1 0 10 1 1 1 1 1 1 2 2 2 2 0 1 2 2 2 2 2 1 2 2 2 2 0 1 2 2 2 2 2 1
1 1 1 1 1 1 10 0 1 1 1 1 1 2 2 2 2 2 1 0 2 2 2 2 1 2 2 2 2 2 1 0 2 2 2 2
1 1 1 1 1 1 0 10 1 1 1 1 2 1 2 2 2 2 0 1 2 2 2 2 2 1 2 2 2 2 0 1 2 2 2 2
1 1 1 1 1 1 1 1 10 0 1 1 2 2 1 2 2 2 2 2 1 0 2 2 2 2 1 2 2 2 2 2 1 0 2 2
1 1 1 1 1 1 1 1 0 10 1 1 2 2 2 1 2 2 2 2 0 1 2 2 2 2 2 1 2 2 2 2 0 1 2 2
1 1 1 1 1 1 1 1 1 1 10 0 2 2 2 2 1 2 2 2 2 2 1 0 2 2 2 2 1 2 2 2 2 2 1 0
1 1 1 1 1 1 1 1 1 1 0 10 2 2 2 2 2 1 2 2 2 2 0 1 2 2 2 2 2 1 2 2 2 2 0 1
1 0 2 2 2 2 1 2 2 2 2 2 10 0 1 1 1 1 1 1 1 1 1 1 1 2 2 2 2 2 1 0 2 2 2 2
0 1 2 2 2 2 2 1 2 2 2 2 0 10 1 1 1 1 1 1 1 1 1 1 2 1 2 2 2 2 0 1 2 2 2 2
2 2 1 0 2 2 2 2 1 2 2 2 1 1 10 0 1 1 1 1 1 1 1 1 2 2 1 2 2 2 2 2 1 0 2 2
2 2 0 1 2 2 2 2 2 1 2 2 1 1 0 10 1 1 1 1 1 1 1 1 2 2 2 1 2 2 2 2 0 1 2 2
2 2 2 2 1 0 2 2 2 2 1 2 1 1 1 1 10 0 1 1 1 1 1 1 2 2 2 2 1 2 2 2 2 2 1 0
2 2 2 2 0 1 2 2 2 2 2 1 1 1 1 1 0 10 1 1 1 1 1 1 2 2 2 2 2 1 2 2 2 2 0 1
1 2 2 2 2 2 1 0 2 2 2 2 1 1 1 1 1 1 10 0 1 1 1 1 1 0 2 2 2 2 1 2 2 2 2 2
2 1 2 2 2 2 0 1 2 2 2 2 1 1 1 1 1 1 0 10 1 1 1 1 0 1 2 2 2 2 2 1 2 2 2 2
2 2 1 2 2 2 2 2 1 0 2 2 1 1 1 1 1 1 1 1 10 0 1 1 2 2 1 0 2 2 2 2 1 2 2 2
2 2 2 1 2 2 2 2 0 1 2 2 1 1 1 1 1 1 1 1 0 10 1 1 2 2 0 1 2 2 2 2 2 1 2 2
2 2 2 2 1 2 2 2 2 2 1 0 1 1 1 1 1 1 1 1 1 1 10 0 2 2 2 2 1 0 2 2 2 2 1 2
2 2 2 2 2 1 2 2 2 2 0 1 1 1 1 1 1 1 1 1 1 1 0 10 2 2 2 2 0 1 2 2 2 2 2 1
1 0 2 2 2 2 1 2 2 2 2 2 1 2 2 2 2 2 1 0 2 2 2 2 10 0 1 1 1 1 1 1 1 1 1 1
0 1 2 2 2 2 2 1 2 2 2 2 2 1 2 2 2 2 0 1 2 2 2 2 0 10 1 1 1 1 1 1 1 1 1 1
2 2 1 0 2 2 2 2 1 2 2 2 2 2 1 2 2 2 2 2 1 0 2 2 1 1 10 0 1 1 1 1 1 1 1 1
2 2 0 1 2 2 2 2 2 1 2 2 2 2 2 1 2 2 2 2 0 1 2 2 1 1 0 10 1 1 1 1 1 1 1 1
2 2 2 2 1 0 2 2 2 2 1 2 2 2 2 2 1 2 2 2 2 2 1 0 1 1 1 1 10 0 1 1 1 1 1 1
2 2 2 2 0 1 2 2 2 2 2 1 2 2 2 2 2 1 2 2 2 2 0 1 1 1 1 1 0 10 1 1 1 1 1 1
1 2 2 2 2 2 1 0 2 2 2 2 1 0 2 2 2 2 1 2 2 2 2 2 1 1 1 1 1 1 10 0 1 1 1 1
2 1 2 2 2 2 0 1 2 2 2 2 0 1 2 2 2 2 2 1 2 2 2 2 1 1 1 1 1 1 0 10 1 1 1 1
2 2 1 2 2 2 2 2 1 0 2 2 2 2 1 0 2 2 2 2 1 2 2 2 1 1 1 1 1 1 1 1 10 0 1 1
2 2 2 1 2 2 2 2 0 1 2 2 2 2 0 1 2 2 2 2 2 1 2 2 1 1 1 1 1 1 1 1 0 10 1 1
2 2 2 2 1 2 2 2 2 2 1 0 2 2 2 2 1 0 2 2 2 2 1 2 1 1 1 1 1 1 1 1 1 1 10 0
2 2 2 2 2 1 2 2 2 2 0 1 2 2 2 2 0 1 2 2 2 2 2 1 1 1 1 1 1 1 1 1 1 1 0 10
0 2
0 3
0 4
0 5
0 6
0 7
0 8
0 9
0 10
0 11
1 2
1 3
1 4
1 5
1 6
1 7
1 8
1 9
1 10
1 11
2 4
2 5
2 6
2 7
2 8
2 9
2 10
2 11
3 4
3 5
3 6
3 7
3 8
3 9
3 10
3 11
4 6
4 7
4 8
4 9
4 10
4 11
5 6
5 7
5 8
5 9
5 10
5 11
6 8
6 9
6 10
6 11
7 8
7 9
7 10
7 11
8 10
8 11
9 10
9 11
0 2
0 3
0 4
0 5
0 6
0 7
0 8
0 9
0 10
0 11
1 2
1 3
1 4
1 5
1 6
1 7
1 8
1 9
1 10
1 11
2 4
2 5
2 6
2 7
2 8
2 9
2 10
2 11
3 4
3 5
3 6
3 7
3 8
3 9
3 10
3 11
4 6
4 7
4 8
4 9
4 10
4 11
5 6
5 7
5 8
5 9
5 10
5 11
6 8
6 9
6 10
6 11
7 8
7 9
7 10
7 11
8 10
8 11
9 10
9 11
0 2
0 3
0 4
0 5
0 6
0 7
0 8
0 9
0 10
0 11
1 2
1 3
1 4
1 5
1 6
1 7
1 8
1 9
1 10
1 11
2 4
2 5
2 6
2 7
2 8
2 9
2 10
2 11
3 4
3 5
3 6
3 7
3 8
3 9
3 10
3 11
4 6
4 7
4 8
4 9
4 10
4 11
5 6
5 7
5 8
5 9
5 10
5 11
6 8
6 9
6 10
6 11
7 8
7 9
7 10
7 11
8 10
8 11
9 10
9 11
5054002014036988053 12288
31 56 26 57 38 3 13 33 53 36 51 54 23 27 32 2 40 45 14 44 7 8 10 39 50 55 16 59 30 37 58 24 42 47 6 11 28 25 52 9 4 17 49 34 15 22 29 5 41 21 46 19 35 18 43 48 1 0 12 20
45 34 48 51 3 53 38 54 21 2 46 52 41 31 50 28 17 42 24 59 19 10 1 56 55 14 7 5 33 49 57 13 36 6 40 12 27 8 37 25 44 11 39 0 26 18 15 32 16 20 30 58 29 9 35 23 4 47 43 22
31 56 26 57 38 3 13 33 53 36 51 54 23 27 32 2 40 45 14 44 7 8 10 39 50 55 16 59 30 37 58 24 42 47 6 11 28 25 52 9 4 17 49 34 15 22 29 5 41 21 46 19 35 18 43 48 1 0 12 20
45 34 48 51 3 53 38 54 21 2 46 52 41 31 50 28 17 36 24 59 19 10 1 56 55 14 7 5 33 49 57 13 42 6 40 12 27 8 37 25 44 11 39 0 26 18 15 32 16 20 30 58 29 9 35 23 4 47 43 22
11286229722251118205 12288
59 38 26 51 52 2 3 21 30 58 48 17 57 54 27 31 35 22 28 44 15 0 40 46 5 41 43 9 36 47 34 13 56 55 4 23 49 20 42 53 11 6 1 25 32 18 16 7 10 29 45 12 19 8 24 33 50 37 39 14
4 3 1 26 59 32 33 20 23 52 40 41 49 24 16 46 55 42 39 11 57 43 53 14 38 10 45 8 48 6 19 37 36 54 17 30 35 15 5 12 0 25 28 58 13 7 56 51 18 50 44 21 29 27 9 2 34 22 31 47
59 38 26 51 52 2 3 21 30 58 48 17 57 54 27 31 35 22 28 44 15 0 40 46 5 41 43 9 36 47 34 13 56 55 4 23 49 20 42 53 11 6 1 25 32 18 16 7 10 29 45 12 19 8 24 33 50 37 39 14
4 3 1 26 59 32 33 20 23 52 41 40 49 24 16 46 55 42 39 11 57 43 53 14 38 10 45 8 48 6 19 37 36 54 17 30 35 15 5 12 0 25 28 58 13 7 56 51 18 50 44 21 29 27 9 2 34 22 31 47
15112846805585021699 12288
54 37 44 39 24 9 26 29 33 30 41 56 28 23 47 25 31 50 13 48 6 17 7 16 42 18 53 21 49 34 19 46 57 4 3 38 40 22 15 35 55 5 32 52 51 2 14 0 36 10 45 58 8 43 1 12 20 11 27 59
48 28 1 15 46 0 27 36 54 45 50 39 11 30 33 38 47 10 24 43 19 58 41 2 31 5 21 12 42 8 16 55 14 26 49 6 25 57 40 53 52 20 22 59 56 44 35 17 37 29 7 32 34 18 13 23 4 9 3 51
54 37 44 39 24 9 26 29 33 30 41 56 28 23 47 25 31 50 13 48 6 17 7 16 42 18 53 21 49 34 19 46 57 4 3 38 40 22 15 35 55 5 32 52 51 2 14 0 36 10 45 58 8 43 1 12 20 11 27 59
48 28 1 15 46 0 27 36 54 45 50 39 11 30 33 38 47 10 24 43 19 58 41 2 31 5 21 12 42 8 16 55 14 26 49 6 25 57 40 53 52 20 22 59 56 44 35 17 37 29 7 32 34 18 13 23 4 9 3 51
3974988948681354248 12288
55 49 34 48 39 2 19 26 21 52 42 37 22 57 28 24 18 35 45 25 7 46 16 41 8 12 14 23 4 54 47 44 29 6 15 40 59 56 20 43 38 11 58 31 30 50 0 17 5 10 1 13 27 53 33 9 32 36 3 51
49 37 9 45 34 25 35 23 24 57 27 39 32 22 21 41 52 50 13 4 51 31 40 16 12 3 58 43 56 18 6 7 55 46 47 30 17 10 42 28 5 20 48 44 1 59 11 0 26 19 53 33 8 54 2 29 14 38 36 15
55 49 34 48 39 2 19 26 21 52 42 37 22 57 28 24 18 35 45 25 7 46 16 41 8 12 14 23 4 54 47 44 29 6 15 40 59 56 20 43 38 11 58 31 30 50 0 17 5 10 1 13 27 53 33 9 32 36 3 51
49 37 9 45 34 25 35 23 24 57 27 39 32 22 21 41 52 50 13 4 51 31 40 16 12 3 58 43 56 18 6 7 55 46 44 30 17 10 42 28 5 20 48 47 1 59 11 0 26 19 53 33 8 54 2 29 14 38 36 15
9895055049507096828 12288
44 59 43 4 20 34 22 19 53 6 42 58 16 50 23 35 52 36 45 27 1 18 9 33 41 26 48 15 51 31 46 38 54 0 3 12 14 8 29 39 25 55 57 24 2 17 10 32 11 56 28 49 7 13 47 37 40 21 5 30
39 54 22 58 21 27 37 9 32 29 57 51 20 23 59 40 18 33 13 48 19 8 10 12 1 50 42 44 45 3 28 6 47 26 52 17 56 7 30 15 5 31 4 35 38 49 11 53 55 16 34 41 46 43 25 24 14 2 36 0
44 59 43 4 20 34 22 41 53 6 42 58 16 50 23 35 52 36 45 27 1 18 9 33 19 26 48 15 51 31 46 38 54 0 3 12 14 8 29 39 25 55 57 24 2 17 10 32 11 56 28 49 7 13 47 37 40 21 5 30
39 54 22 58 21 27 37 9 32 29 57 51 20 23 59 40 18 33 13 48 19 8 10 12 1 50 42 44 45 3 28 6 47 26 52 17 56 7 30 15 5 31 4 35 38 49 11 53 55 16 34 41 46 43 25 24 14 2 36 0
10038970473833917339 12288
58 37 35 49 9 21 32 47 36 52 57 42 50 56 40 53 19 25 33 29 12 3 14 28 13 23 26 7 6 34 46 17 5 51 16 41 45 55 48 39 0 22 27 38 54 4 15 10 20 11 24 31 8 1 44 18 30 59 43 2
55 45 49 56 24 35 51 5 20 40 58 30 57 17 31 50 32 2 21 10 26 12 39 3 43 36 14 7 37 54 6 41 19 46 4 16 59 11 9 48 1 23 22 53 0 29 52 47 34 18 13 28 38 27 44 33 8 15 25 42
58 37 35 49 9 21 32 47 36 52 57 42 50 56 40 53 19 25 33 29 12 3 14 28 13 23 26 7 6 34 46 17 5 51 16 41 45 55 48 39 0 22 27 38 54 4 15 10 20 11 24 31 8 1 44 18 30 59 43 2
55 45 49 56 24 35 51 5 20 40 58 30 57 17 31 50 32 41 21 10 26 12 39 3 43 36 14 7 37 54 6 2 19 46 4 16 59 11 9 48 1 23 22 53 0 29 52 47 34 18 13 28 38 27 44 33 8 15 25 42
4092135979104849407 12288
50 41 5 58 28 27 42 2 44 53 43 48 51 25 34 16 33 54 20 38 39 19 56 9 6 21 36 1 14 32 49 46 37 55 3 10 0 26 35 59 15 24 29 52 8 4 22 13 47 12 57 17 40 45 31 7 11 23 18 30
43 49 41 57 58 34 20 31 48 54 33 40 32 46 36 47 13 22 15 0 14 7 19 10 50 37 59 6 26 55 1 53 44 12 16 3 35 24 5 42 25 17 21 56 11 45 4 30 18 38 23 52 2 9 29 39 28 51 8 27
50 41 5 58 28 27 42 2 44 53 43 48 51 25 34 16 33 54 20 38 39 19 56 9 6 21 36 1 14 32 49 46 37 55 3 10 0 26 35 59 15 24 29 52 8 4 22 13 47 12 57 17 40 45 31 7 11 23 18 30
43 49 41 57 58 34 20 31 48 54 33 40 32 46 36 47 13 22 15 0 14 7 19 10 50 37 59 6 26 55 1 53 44 12 16 3 35 24 5 42 25 17 21 56 11 45 4 30 18 38 23 52 2 9 29 39 28 51 8 27
6215795705655550008 12288
12 21 32 45 40 58 26 55 3 52 43 57 31 22 30 13 38 7 50 39 15 9 25 48 18 42 59 2 8 14 17 1 37 56 53 51 19 0 41 27 49 24 6 54 34 23 16 33 29 36 44 10 47 28 20 35 5 4 11 46
13 4 47 54 24 28 56 27 33 52 38 18 22 29 37 44 50 51 35 7 58 46 19 39 55 23 48 36 6 57 40 34 31 42 45 49 1 10 32 15 5 41 59 25 14 2 0 16 3 26 17 30 9 8 43 53 12 21 20 11
12 21 32 45 40 58 26 55 3 52 43 57 31 22 30 13 38 7 50 39 15 9 25 48 18 46 59 2 8 14 17 1 37 56 53 51 19 0 41 27 49 24 6 54 34 23 16 33 29 36 44 10 47 28 20 35 5 4 11 42
13 4 47 54 24 28 56 27 33 52 38 18 22 29 37 44 50 51 35 7 58 46 19 39 55 23 48 2 6 57 40 34 31 42 45 49 1 10 32 15 5 41 59 25 14 36 0 16 3 26 17 30 9 8 43 53 12 21 20 11
12638559167008401603 12288
37 40 6 8 27 33 29 51 13 53 45 50 36 25 35 47 12 52 31 1 57 58 46 2 0 42 7 14 59 48 16 18 43 23 28 3 5 49 15 34 20 11 10 32 56 9 22 55 30 17 44 38 41 21 54 24 4 26 19 39
42 6 21 27 31 50 2 58 33 57 15 35 26 41 24 44 29 36 34 39 59 7 22 25 40 55 3 38 4 54 12 56 51 46 37 11 32 28 23 19 16 5 45 13 52 48 30 10 47 18 8 49 1 20 53 9 17 14 0 43
37 40 6 8 27 33 29 51 13 53 45 50 36 25 35 47 12 52 31 1 57 58 46 2 0 42 7 14 59 48 16 18 43 23 28 3 5 49 15 34 20 11 10 32 56 9 22 55 30 17 44 38 41 21 54 24 4 26 19 39
42 6 21 27 31 50 2 58 33 57 15 35 26 41 24 44 29 36 34 39 59 7 22 25 40 55 3 38 4 54 12 56 51 46 37 11 32 28 23 19 16 5 45 13 52 48 30 10 47 18 8 49 1 20 53 9 17 14 0 43
6627261347781743221 12288
23 3 52 22 29 47 46 12 33 38 19 42 27 25 56 28 32 54 43 36 58 48 39 40 5 14 44 8 16 35 59 6 37 50 2 53 11 26 41 1 4 30 7 31 34 13 18 9 51 21 24 15 0 49 17 57 10 45 55 20
46 57 27 34 1 39 31 36 14 53 47 20 30 52 12 59 40 35 22 44 17 55 38 26 48 54 7 4 8 50 9 11 13 49 45 37 24 6 5 43 28 51 58 2 21 19 32 10 25 15 42 33 41 3 23 16 18 29 56 0
23 3 52 22 29 47 46 12 33 38 19 42 27 25 56 28 32 54 43 36 58 48 39 40 5 14 44 8 16 35 59 6 37 50 2 53 11 26 41 1 4 30 7 31 34 13 18 9 51 21 24 15 0 49 17 57 10 45 55 20
46 57 27 34 1 39 31 36 14 53 47 20 30 52 40 59 18 35 22 44 17 55 38 26 48 54 7 4 8 50 9 13 11 49 45 37 24 6 5 43 28 51 58 2 21 19 32 10 25 15 42 33 41 3 23 16 12 29 56 0
6664506578856017427 12288
20 5 14 34 27 46 29 59 38 37 21 36 32 22 56 33 2 47 54 17 51 52 7 55 50 18 3 39 41 58 16 6 1 43 48 11 53 9 23 28 25 26 35 44 19 0 49 4 13 42 12 30 40 8 10 45 31 57 15 24
2 44 20 1 58 49 55 3 53 32 36 43 59 30 24 8 29 26 17 35 57 40 42 31 54 45 0 10 15 18 9 56 12 51 4 39 41 7 50 48 11 5 22 13 6 19 52 25 16 33 34 46 27 28 47 38 21 14 23 37
20 5 14 34 27 46 29 59 38 37 21 36 32 22 56 33 2 47 54 17 51 52 7 55 50 18 3 39 41 58 16 6 1 43 48 11 53 9 23 28 25 26 35 44 19 0 45 4 13 42 12 30 40 8 10 49 31 57 15 24
2 44 20 1 58 49 55 3 53 32 36 43 59 35 24 8 29 26 17 30 57 40 42 31 54 45 0 10 15 18 9 56 12 51 4 39 41 7 50 48 11 5 22 13 6 19 52 25 16 33 34 46 27 28 47 38 21 14 23 37
1626235077598484614 12288
29 9 25 53 18 34 55 42 6 39 36 16 57 33 20 47 30 56 0 23 54 48 52 59 2 7 13 22 49 43 38 5 40 50 31 32 4 1 12 19 11 44 28 24 51 26 14 3 46 45 27 17 8 10 58 41 21 15 37 35
43 24 56 57 59 20 49 35 8 37 58 36 19 50 44 33 9 23 13 28 16 45 40 3 12 51 38 22 31 10 48 46 54 2 42 7 41 27 29 53 0 14 11 55 26 4 52 39 30 21 34 1 32 18 17 6 5 47 25 15
29 9 25 53 18 34 55 42 6 39 36 12 57 33 20 47 30 56 0 23 54 48 52 59 2 7 13 22 49 43 44 5 40 50 31 32 4 1 16 19 11 38 28 24 51 26 14 3 46 45 27 17 8 10 58 41 21 15 37 35
43 24 56 57 59 20 49 35 8 37 58 36 19 50 44 33 9 23 13 28 16 45 40 3 12 51 38 22 31 10 48 46 54 2 42 7 41 27 29 53 0 14 11 55 26 4 52 39 30 21 34 1 32 18 17 6 5 47 25 15
14733219981479841734 12288
8 44 35 53 59 37 30 6 38 45 52 4 32 58 28 21 41 27 34 15 17 50 12 39 51 3 25 23 9 55 26 33 18 36 43 57 46 24 5 20 22 49 7 56 10 42 1 11 13 31 47 48 29 19 16 0 54 2 14 40
9 52 11 49 57 32 40 27 45 20 41 21 50 15 10 59 31 26 44 33 38 6 58 42 23 14 8 13 17 46 30 55 35 36 12 4 25 43 56 37 1 51 34 18 19 29 53 0 3 47 48 39 2 7 24 28 22 16 54 5
8 44 35 53 59 37 30 6 38 45 52 4 32 58 28 21 41 27 34 15 17 50 12 39 51 3 25 23 9 55 26 33 18 36 43 57 46 24 5 20 22 49 7 56 10 42 1 11 13 31 47 48 29 19 16 0 54 2 14 40
27 52 11 49 57 32 40 9 45 20 41 21 50 15 10 59 31 26 44 33 38 6 58 42 23 14 8 43 17 46 30 55 35 36 12 4 25 13 56 37 1 51 34 18 19 29 53 0 3 47 48 39 2 7 24 28 22 16 54 5
5151047319957011814 12288
56 9 54 25 48 39 28 29 21 52 45 14 35 49 58 46 27 24 38 30 59 13 37 1 36 8 22 51 31 2 47 20 17 34 18 57 10 40 16 4 15 0 50 19 43 23 32 6 44 41 7 11 3 55 33 53 5 26 42 12
19 56 59 54 46 43 42 7 28 20 44 41 15 30 58 33 0 47 49 52 51 4 39 26 18 37 55 29 34 31 14 6 40 22 3 53 11 24 5 2 32 48 57 45 23 13 8 17 38 1 21 27 35 50 12 9 16 36 25 10
56 9 54 25 48 39 28 29 21 52 45 14 35 49 58 46 27 24 38 30 59 13 37 1 36 8 22 51 31 2 47 20 17 34 18 57 10 40 16 4 15 0 50 19 43 23 32 6 44 41 7 11 3 55 33 53 5 26 42 12
19 56 59 54 46 43 42 7 28 20 44 41 15 30 58 33 0 47 49 52 51 4 39 26 18 37 55 29 34 31 14 6 40 22 3 53 11 24 5 2 32 48 57 45 23 13 8 17 38 1 21 27 35 50 12 9 16 36 25 10
11190302943015507534 12288
59 52 8 49 26 32 37 45 30 21 58 36 24 27 17 3 56 47 31 11 12 43 42 34 22 15 44 23 29 5 35 13 9 40 18 53 25 57 28 14 55 7 16 33 46 50 10 48 1 41 2 38 20 0 39 54 51 19 6 4
52 39 57 58 1 23 50 36 21 29 19 44 56 49 45 38 42 26 55 28 10 24 53 8 40 47 3 51 14 34 46 35 4 37 6 12 20 59 7 2 31 54 18 9 15 30 22 5 41 0 33 48 43 13 32 25 11 16 17 27
59 52 8 49 26 32 37 45 30 21 58 36 24 27 17 3 56 47 31 11 12 43 42 34 22 15 44 23 29 5 35 13 9 40 18 53 25 57 28 14 55 7 16 33 46 50 10 48 1 41 2 38 20 0 39 54 51 19 6 4
52 39 57 58 1 23 50 36 21 29 19 44 56 49 45 38 42 26 55 28 10 24 53 8 40 47 3 51 14 34 46 35 4 37 6 12 22 59 7 2 31 54 18 9 15 30 20 5 41 0 33 48 43 13 32 25 11 16 17 27
5087630154111474742 12288
5 4 58 32 44 35 36 46 52 27 43 48 55 10 30 22 26 12 45 33 57 24 18 17 40 51 49 2 0 59 41 29 13 23 56 15 6 38 14 34 11 28 54 8 1 53 50 42 47 25 20 39 37 19 7 21 31 16 3 9
39 47 6 43 22 3 48 35 54 10 45 38 52 44 26 19 50 0 51 31 9 8 59 57 15 42 37 56 30 18 58 2 5 55 49 11 12 25 34 40 17 14 24 33 27 36 1 53 32 13 28 7 29 23 46 20 21 41 16 4
5 4 58 32 44 35 36 46 52 27 43 48 55 10 30 22 26 12 45 33 57 24 18 17 40 51 49 2 0 59 41 29 13 23 56 15 6 38 14 34 11 28 54 8 1 53 50 42 47 25 20 39 37 19 7 21 31 16 3 9
39 47 6 43 22 2 48 35 54 10 45 38 52 44 26 19 50 0 51 31 9 8 59 57 15 42 37 56 30 18 58 3 5 55 49 11 12 25 34 40 17 14 24 33 27 36 1 53 32 13 28 7 29 23 46 20 21 41 16 4
