FACTOR_PERMUTATION_V1 12 16 1024 1 0.25
10 0 1 1 1 1 1 1 1 1 1 1 1 0 2 2 2 2 1 2 2 2 2 2 1 0 2 2 2 2 1 2 2 2 2 2
0 10 1 1 1 1 1 1 1 1 1 1 0 1 2 2 2 2 2 1 2 2 2 2 0 1 2 2 2 2 2 1 2 2 2 2
1 1 10 0 1 1 1 1 1 1 1 1 2 2 1 0 2 2 2 2 1 2 2 2 2 2 1 0 2 2 2 2 1 2 2 2
1 1 0 10 1 1 1 1 1 1 1 1 2 2 0 1 2 2 2 2 2 1 2 2 2 2 0 1 2 2 2 2 2 1 2 2
1 1 1 1 10 0 1 1 1 1 1 1 2 2 2 2 1 0 2 2 2 2 1 2 2 2 2 2 1 0 2 2 2 2 1 2
1 1 1 1 0 10 1 1 1 1 1 1 2 2 2 2 0 1 2 2 2 2 2 1 2 2 2 2 0 1 2 2 2 2 2 1
1 1 1 1 1 1 10 0 1 1 1 1 1 2 2 2 2 2 1 0 2 2 2 2 1 2 2 2 2 2 1 0 2 2 2 2
1 1 1 1 1 1 0 10 1 1 1 1 2 1 2 2 2 2 0 1 2 2 2 2 2 1 2 2 2 2 0 1 2 2 2 2
1 1 1 1 1 1 1 1 10 0 1 1 2 2 1 2 2 2 2 2 1 0 2 2 2 2 1 2 2 2 2 2 1 0 2 2
1 1 1 1 1 1 1 1 0 10 1 1 2 2 2 1 2 2 2 2 0 1 2 2 2 2 2 1 2 2 2 2 0 1 2 2
1 1 1 1 1 1 1 1 1 1 10 0 2 2 2 2 1 2 2 2 2 2 1 0 2 2 2 2 1 2 2 2 2 2 1 0
1 1 1 1 1 1 1 1 1 1 0 10 2 2 2 2 2 1 2 2 2 2 0 1 2 2 2 2 2 1 2 2 2 2 0 1
1 0 2 2 2 2 1 2 2 2 2 2 10 0 1 1 1 1 1 1 1 1 1 1 1 2 2 2 2 2 1 0 2 2 2 2
0 1 2 2 2 2 2 1 2 2 2 2 0 10 1 1 1 1 1 1 1 1 1 1 2 1 2 2 2 2 0 1 2 2 2 2
2 2 1 0 2 2 2 2 1 2 2 2 1 1 10 0 1 1 1 1 1 1 1 1 2 2 1 2 2 2 2 2 1 0 2 2
2 2 0 1 2 2 2 2 2 1 2 2 1 1 0 10 1 1 1 1 1 1 1 1 2 2 2 1 2 2 2 2 0 1 2 2
2 2 2 2 1 0 2 2 2 2 1 2 1 1 1 1 10 0 1 1 1 1 1 1 2 2 2 2 1 2 2 2 2 2 1 0
2 2 2 2 0 1 2 2 2 2 2 1 1 1 1 1 0 10 1 1 1 1 1 1 2 2 2 2 2 1 2 2 2 2 0 1
1 2 2 2 2 2 1 0 2 2 2 2 1 1 1 1 1 1 10 0 1 1 1 1 1 0 2 2 2 2 1 2 2 2 2 2
2 1 2 2 2 2 0 1 2 2 2 2 1 1 1 1 1 1 0 10 1 1 1 1 0 1 2 2 2 2 2 1 2 2 2 2
2 2 1 2 2 2 2 2 1 0 2 2 1 1 1 1 1 1 1 1 10 0 1 1 2 2 1 0 2 2 2 2 1 2 2 2
2 2 2 1 2 2 2 2 0 1 2 2 1 1 1 1 1 1 1 1 0 10 1 1 2 2 0 1 2 2 2 2 2 1 2 2
2 2 2 2 1 2 2 2 2 2 1 0 1 1 1 1 1 1 1 1 1 1 10 0 2 2 2 2 1 0 2 2 2 2 1 2
2 2 2 2 2 1 2 2 2 2 0 1 1 1 1 1 1 1 1 1 1 1 0 10 2 2 2 2 0 1 2 2 2 2 2 1
1 0 2 2 2 2 1 2 2 2 2 2 1 2 2 2 2 2 1 0 2 2 2 2 10 0 1 1 1 1 1 1 1 1 1 1
0 1 2 2 2 2 2 1 2 2 2 2 2 1 2 2 2 2 0 1 2 2 2 2 0 10 1 1 1 1 1 1 1 1 1 1
2 2 1 0 2 2 2 2 1 2 2 2 2 2 1 2 2 2 2 2 1 0 2 2 1 1 10 0 1 1 1 1 1 1 1 1
2 2 0 1 2 2 2 2 2 1 2 2 2 2 2 1 2 2 2 2 0 1 2 2 1 1 0 10 1 1 1 1 1 1 1 1
2 2 2 2 1 0 2 2 2 2 1 2 2 2 2 2 1 2 2 2 2 2 1 0 1 1 1 1 10 0 1 1 1 1 1 1
2 2 2 2 0 1 2 2 2 2 2 1 2 2 2 2 2 1 2 2 2 2 0 1 1 1 1 1 0 10 1 1 1 1 1 1
1 2 2 2 2 2 1 0 2 2 2 2 1 0 2 2 2 2 1 2 2 2 2 2 1 1 1 1 1 1 10 0 1 1 1 1
2 1 2 2 2 2 0 1 2 2 2 2 0 1 2 2 2 2 2 1 2 2 2 2 1 1 1 1 1 1 0 10 1 1 1 1
2 2 1 2 2 2 2 2 1 0 2 2 2 2 1 0 2 2 2 2 1 2 2 2 1 1 1 1 1 1 1 1 10 0 1 1
2 2 2 1 2 2 2 2 0 1 2 2 2 2 0 1 2 2 2 2 2 1 2 2 1 1 1 1 1 1 1 1 0 10 1 1
2 2 2 2 1 2 2 2 2 2 1 0 2 2 2 2 1 0 2 2 2 2 1 2 1 1 1 1 1 1 1 1 1 1 10 0
2 2 2 2 2 1 2 2 2 2 0 1 2 2 2 2 0 1 2 2 2 2 2 1 1 1 1 1 1 1 1 1 1 1 0 10
0 2
0 3
0 4
0 5
0 6
0 7
0 8
0 9
0 10
0 11
1 2
1 3
1 4
1 5
1 6
1 7
1 8
1 9
1 10
1 11
2 4
2 5
2 6
2 7
2 8
2 9
2 10
2 11
3 4
3 5
3 6
3 7
3 8
3 9
3 10
3 11
4 6
4 7
4 8
4 9
4 10
4 11
5 6
5 7
5 8
5 9
5 10
5 11
6 8
6 9
6 10
6 11
7 8
7 9
7 10
7 11
8 10
8 11
9 10
9 11
0 2
0 3
0 4
0 5
0 6
0 7
0 8
0 9
0 10
0 11
1 2
1 3
1 4
1 5
1 6
1 7
1 8
1 9
1 10
1 11
2 4
2 5
2 6
2 7
2 8
2 9
2 10
2 11
3 4
3 5
3 6
3 7
3 8
3 9
3 10
3 11
4 6
4 7
4 8
4 9
4 10
4 11
5 6
5 7
5 8
5 9
5 10
5 11
6 8
6 9
6 10
6 11
7 8
7 9
7 10
7 11
8 10
8 11
9 10
9 11
0 2
0 3
0 4
0 5
0 6
0 7
0 8
0 9
0 10
0 11
1 2
1 3
1 4
1 5
1 6
1 7
1 8
1 9
1 10
1 11
2 4
2 5
2 6
2 7
2 8
2 9
2 10
2 11
3 4
3 5
3 6
3 7
3 8
3 9
3 10
3 11
4 6
4 7
4 8
4 9
4 10
4 11
5 6
5 7
5 8
5 9
5 10
5 11
6 8
6 9
6 10
6 11
7 8
7 9
7 10
7 11
8 10
8 11
9 10
9 11
14776011896303512959 19456
31 8 56 57 38 21 13 33 53 36 14 47 23 10 32 39 40 45 51 44 7 26 46 2 42 55 16 59 4 37 49 6 50 54 24 11 28 27 52 9 30 17 58 34 15 22 29 5 41 3 25 19 35 18 43 48 1 0 12 20
45 34 48 51 3 53 38 54 21 2 46 52 41 1 50 28 17 42 24 59 19 31 10 56 36 14 7 5 33 49 57 13 55 6 40 12 27 8 37 25 29 16 39 0 26 18 15 32 11 20 30 58 44 9 35 23 4 47 43 22
31 8 56 57 38 21 13 33 53 36 14 47 23 25 32 39 40 45 51 44 7 26 46 2 42 55 16 59 4 37 49 6 50 54 24 11 28 27 52 9 30 17 58 34 15 22 29 5 41 3 10 19 35 18 43 48 1 0 12 20
45 34 48 51 3 53 38 54 21 2 46 52 41 1 50 28 17 42 24 59 19 31 10 56 36 14 7 5 33 49 57 13 55 6 40 12 27 8 37 25 29 16 39 0 26 18 15 32 11 20 30 58 44 9 35 23 4 47 43 22
4038870622491725284 19456
59 28 26 51 52 2 3 21 32 58 48 17 57 54 27 33 35 0 36 13 15 22 40 46 5 41 43 7 12 47 34 44 56 55 4 23 49 37 42 53 11 9 1 25 31 18 16 6 10 29 45 38 19 8 24 30 50 20 39 14
4 3 34 26 59 32 45 20 23 52 40 41 49 24 16 46 55 42 22 11 47 43 53 51 38 10 33 8 48 6 1 37 13 54 17 30 35 58 5 12 0 25 28 15 19 7 56 14 18 50 44 21 29 27 9 39 36 2 31 57
59 28 26 51 52 2 3 21 32 58 48 17 57 54 27 33 35 0 36 13 15 22 40 46 5 41 43 7 12 47 34 44 56 55 4 23 49 37 42 53 11 9 1 25 31 18 16 6 10 29 45 38 19 8 24 30 50 20 39 14
4 3 34 26 59 32 45 20 23 52 40 41 49 24 16 46 55 42 22 11 47 43 53 51 38 10 33 8 48 6 13 37 1 54 17 30 35 58 5 12 0 25 28 15 19 7 56 14 18 50 44 21 29 27 9 39 36 2 31 57
4502516600849392322 19456
54 37 45 26 24 9 39 29 1 30 41 56 28 23 47 33 31 18 13 48 6 17 7 16 42 27 55 21 49 34 19 46 57 4 3 38 40 22 15 35 53 0 32 52 51 2 14 5 36 10 44 58 8 43 25 12 20 11 50 59
48 35 0 15 46 1 37 36 54 45 50 39 11 30 33 38 47 27 24 43 19 58 41 7 31 5 21 12 42 8 16 55 14 26 49 6 25 57 40 53 52 20 22 59 56 44 28 17 10 34 3 32 29 18 13 23 4 9 2 51
54 37 45 26 24 9 39 29 1 30 41 56 28 23 47 33 31 18 13 48 6 17 7 16 42 27 55 21 49 34 19 46 57 4 3 38 40 22 15 35 53 0 32 52 51 2 14 5 36 10 44 58 8 43 25 12 20 11 50 59
48 35 0 15 46 1 37 36 54 45 50 39 11 30 33 38 47 27 24 43 19 58 41 7 31 5 21 12 42 8 16 55 14 26 49 6 25 57 40 53 52 20 22 59 56 44 28 17 10 34 3 32 29 18 13 23 4 9 2 51
12815314914651501511 19456
55 49 34 48 39 2 19 26 21 52 42 37 22 57 28 24 18 35 45 25 7 13 16 41 8 12 14 23 6 0 47 46 29 4 15 40 59 56 20 43 38 11 58 31 30 50 5 17 54 10 1 44 27 53 33 9 32 36 3 51
53 37 56 45 34 25 35 23 36 57 27 39 32 22 21 41 31 50 13 43 51 52 40 16 12 3 58 4 9 18 6 7 55 46 44 30 17 10 42 28 5 20 48 54 1 59 11 0 26 19 33 49 8 47 2 29 14 38 24 15
55 49 34 48 39 2 19 26 21 52 42 37 22 57 28 24 18 35 45 25 7 13 16 41 8 12 14 23 6 0 47 46 29 4 15 40 59 56 20 43 38 11 58 31 30 50 5 17 54 10 1 44 27 53 33 9 32 36 3 51
53 37 56 45 34 25 35 23 36 57 27 39 32 22 21 41 31 50 13 43 51 52 40 16 12 3 58 4 9 18 6 7 55 46 44 30 17 10 42 28 5 20 48 54 1 59 11 0 26 19 33 49 8 47 2 29 14 38 24 15
2665452024253724433 19456
45 57 52 4 20 34 22 19 53 2 3 58 12 50 16 35 43 36 32 27 0 18 9 33 41 26 48 15 55 17 46 38 51 23 42 1 14 8 29 39 25 54 59 24 6 31 10 44 11 56 28 49 7 13 47 37 40 21 5 30
49 54 22 34 29 55 37 9 32 21 57 51 20 23 45 40 18 33 3 48 19 8 10 12 31 26 42 39 59 44 28 6 13 50 52 17 56 7 30 15 5 1 4 35 38 43 11 53 27 16 58 41 46 47 25 24 14 2 36 0
45 57 52 4 20 34 22 19 53 2 3 58 12 50 16 35 43 36 32 27 0 18 9 33 41 26 48 15 54 17 46 38 51 23 42 1 14 8 29 39 25 55 59 24 6 31 10 44 11 56 28 49 7 13 47 37 40 21 5 30
49 54 22 34 29 55 37 9 32 21 57 51 20 23 45 40 18 33 3 48 19 8 10 12 31 26 42 39 59 44 28 6 13 50 52 17 56 7 30 15 5 1 4 35 38 43 11 53 27 16 58 41 46 47 25 24 14 2 36 0
12046092455284511441 19456
58 37 35 49 9 21 32 47 36 52 51 42 48 56 40 53 19 10 33 29 12 7 14 38 13 23 26 3 6 34 46 17 5 57 16 41 45 55 50 39 0 22 27 28 54 4 15 24 20 11 25 31 1 8 44 18 30 59 43 2
55 45 49 56 24 11 51 5 20 40 58 36 57 17 31 50 32 41 21 10 26 12 47 3 43 48 14 7 37 54 6 2 19 46 30 16 59 35 39 4 8 23 22 53 0 29 52 9 34 18 13 28 44 27 38 33 1 15 25 42
58 37 35 49 9 21 32 47 36 52 51 42 48 56 40 53 19 10 33 29 12 3 14 38 13 23 26 7 6 34 46 17 5 57 16 41 45 55 50 39 0 22 27 28 54 4 15 24 20 11 25 31 1 8 44 18 30 59 43 2
55 45 49 56 24 11 51 5 20 40 58 36 57 17 31 50 32 41 21 10 26 12 47 3 43 48 14 7 37 54 6 2 19 46 30 16 59 35 39 4 8 23 22 53 0 29 52 9 34 18 13 28 44 27 38 33 1 15 25 42
6315211635368763284 19456
50 1 5 58 28 27 42 38 44 53 43 48 51 25 34 16 33 54 20 41 39 19 56 2 6 21 36 9 14 35 49 46 37 55 3 10 0 26 32 59 15 24 29 52 18 4 22 13 47 12 57 17 40 45 31 7 11 23 8 30
43 42 41 57 58 34 20 31 48 54 33 40 32 46 36 47 13 22 4 23 14 7 19 10 50 37 59 6 26 55 1 53 44 12 16 3 35 24 5 49 25 17 0 56 11 45 15 30 18 38 21 52 2 9 29 39 28 51 8 27
50 1 5 58 28 27 42 38 44 53 43 48 51 25 34 16 33 54 20 41 39 19 56 2 6 21 36 9 14 35 49 46 37 55 3 10 0 26 32 59 15 24 29 52 18 4 22 13 47 12 57 17 40 45 31 7 11 23 8 30
43 42 41 57 58 34 20 31 48 54 33 40 32 46 36 47 13 22 4 23 14 7 19 10 50 37 59 6 26 55 1 53 44 12 16 3 35 24 5 49 25 17 0 56 11 45 15 30 18 38 21 52 2 9 29 39 28 51 8 27
10750590686373796393 19456
12 21 32 45 40 58 30 55 3 52 43 57 31 22 50 13 38 7 26 39 15 9 25 48 18 42 59 2 8 14 17 1 37 56 53 51 41 0 19 27 49 24 6 54 34 23 16 33 29 36 44 10 47 28 20 35 5 4 11 46
13 36 47 54 25 28 34 27 33 52 38 18 22 29 37 44 50 51 26 7 58 46 19 39 55 23 48 2 6 57 40 35 31 42 45 49 30 10 32 15 5 41 24 59 14 4 0 16 3 56 17 1 9 8 43 53 12 21 20 11
12 21 32 45 40 58 30 55 3 52 43 57 31 22 50 13 38 7 26 39 15 9 25 48 18 42 59 2 8 14 17 1 37 56 53 51 41 0 19 27 49 24 6 54 34 23 16 33 29 36 44 10 47 28 20 35 5 4 11 46
13 36 47 54 25 28 34 27 33 52 38 18 22 29 37 44 50 51 26 7 58 46 19 39 55 23 48 2 6 57 40 35 31 42 45 49 30 10 32 15 5 41 24 59 14 4 0 16 3 56 17 1 9 8 43 53 12 21 20 11
12466944635940219922 19456
37 40 6 8 27 33 29 51 13 53 47 50 36 25 35 45 12 52 31 1 57 17 46 2 0 42 7 14 59 48 16 19 43 23 28 3 5 49 15 34 20 11 10 32 56 9 22 55 30 58 44 38 41 21 54 24 4 26 18 39
42 6 21 41 31 50 20 58 33 57 15 29 25 27 24 44 35 36 34 49 59 7 22 26 40 55 3 38 4 54 12 56 51 45 37 11 32 28 23 19 16 5 46 13 52 30 48 10 47 18 8 39 1 2 53 9 17 14 0 43
37 40 6 8 27 33 29 51 13 53 47 50 36 25 35 45 12 52 31 1 57 17 46 2 0 42 7 14 59 48 16 19 43 23 28 3 5 49 15 34 20 11 10 32 56 9 22 55 30 58 44 38 41 21 54 24 4 26 18 39
42 6 21 41 31 50 2 58 33 57 15 29 25 27 24 44 35 36 34 49 59 7 22 26 40 55 3 38 4 54 12 56 51 45 37 11 32 28 23 19 16 5 46 13 52 30 48 10 47 18 8 39 1 20 53 9 17 14 0 43
6513389422834140276 19456
23 8 52 22 29 47 46 12 33 38 19 42 27 25 56 28 32 54 43 36 58 48 39 40 55 51 44 3 16 35 59 6 37 50 2 53 15 26 41 1 4 30 7 31 34 13 18 9 14 21 24 11 0 45 49 57 10 17 5 20
46 57 27 1 24 39 31 36 14 53 29 56 52 30 12 35 40 59 22 44 17 55 38 26 48 54 7 4 8 50 9 13 11 49 45 37 25 34 5 21 28 51 58 2 43 15 6 10 20 19 42 33 41 3 23 16 18 47 32 0
23 8 52 22 29 47 46 12 33 38 19 42 27 25 56 28 32 54 43 36 58 48 39 40 5 51 44 3 16 35 59 6 37 50 2 53 15 26 41 1 4 30 7 31 34 13 18 9 14 21 24 11 0 45 49 57 10 17 55 20
46 57 27 1 24 39 31 36 14 53 29 56 52 30 12 35 40 59 22 44 17 55 38 26 48 54 7 4 8 50 9 13 11 49 45 37 25 34 5 21 28 51 58 2 43 15 6 10 20 19 42 33 41 3 23 16 18 47 32 0
15183930731146601359 19456
39 37 16 46 27 34 29 59 38 4 21 42 32 22 56 33 2 47 54 17 51 52 7 55 50 15 3 20 41 58 18 6 1 43 48 14 53 9 23 28 25 26 35 44 19 0 49 5 13 36 12 30 40 8 10 45 31 57 11 24
53 44 20 30 58 17 55 3 2 32 36 43 59 1 24 8 29 26 49 51 57 54 42 31 40 13 7 10 15 18 9 56 12 35 4 33 41 0 50 48 11 5 22 45 6 19 52 25 16 39 34 46 27 28 47 38 21 14 23 37
39 37 16 46 27 34 29 59 38 4 21 42 32 22 56 33 2 47 54 17 51 52 7 55 50 15 3 20 41 58 18 6 1 43 48 14 53 9 23 28 25 26 35 44 19 0 49 5 13 36 12 30 40 8 10 45 31 57 11 24
53 44 20 30 58 17 55 3 2 32 36 43 59 1 24 8 29 26 49 51 57 54 42 31 40 13 7 10 15 18 9 56 12 35 4 33 41 0 50 48 11 5 22 45 6 19 52 25 16 39 34 46 27 28 47 38 21 14 23 37
708956876077161250 19456
29 9 25 53 27 32 55 42 6 39 36 16 57 33 45 47 30 40 0 23 54 48 18 59 2 7 43 22 50 13 44 5 56 49 20 28 4 1 12 19 11 52 34 24 51 26 14 3 46 31 38 17 8 10 58 41 21 15 37 35
43 24 56 53 59 36 30 35 8 37 57 38 14 50 44 33 41 23 13 28 9 45 58 3 12 51 20 22 31 10 19 46 54 2 42 7 25 55 29 40 0 16 11 27 26 4 52 39 48 21 34 1 32 18 17 6 5 47 49 15
29 9 25 53 18 32 55 42 6 39 36 16 57 33 45 47 30 56 0 23 54 48 27 59 2 7 13 22 50 43 44 5 40 49 31 28 4 1 12 19 11 52 34 24 51 26 14 3 46 20 38 17 8 10 58 41 21 15 37 35
43 6 57 56 59 36 30 35 8 37 53 38 14 50 44 33 41 23 13 28 9 45 40 3 12 51 20 22 31 10 19 46 54 2 42 7 25 27 29 58 0 16 11 55 26 4 52 39 48 21 34 1 32 18 17 24 5 47 49 15
3305181218190596927 19456
8 44 35 23 59 37 30 6 38 46 52 4 32 58 28 21 41 27 34 15 14 50 12 39 51 3 43 25 19 55 26 33 18 36 53 57 45 24 5 40 22 49 7 56 10 42 1 11 16 31 47 48 29 9 13 0 54 2 17 20
9 52 30 49 57 32 40 27 45 37 41 21 50 6 20 59 31 26 44 33 38 53 58 42 23 14 8 13 17 46 36 55 35 4 12 48 25 43 56 10 1 51 34 18 19 29 15 0 3 47 11 39 2 7 24 28 22 16 54 5
8 44 35 23 59 37 30 6 38 45 52 4 32 58 28 21 41 27 34 15 17 50 12 39 51 3 25 53 19 55 26 33 18 36 43 57 46 24 5 40 22 49 7 56 10 42 1 11 16 31 47 48 29 9 13 0 54 2 14 20
9 52 11 49 57 32 40 27 45 37 41 21 50 6 10 59 31 26 44 33 38 53 58 42 23 14 8 13 17 46 48 55 35 36 12 4 25 43 56 20 1 51 34 18 19 29 15 0 3 47 30 39 2 7 24 28 22 16 54 5
9187074885126788972 19456
56 9 54 25 48 39 28 29 21 52 45 14 35 49 58 46 27 24 38 30 59 13 37 1 36 8 42 51 31 2 44 20 17 50 18 57 10 40 16 4 15 0 34 19 43 23 32 6 47 41 7 11 3 55 33 53 5 26 22 12
57 56 59 54 46 43 42 7 28 20 44 41 15 30 58 11 0 47 49 52 51 4 39 26 18 37 25 31 29 33 14 6 40 22 3 53 34 24 5 2 32 17 19 45 23 13 8 48 38 1 21 27 35 50 12 9 16 36 55 10
56 9 54 25 48 39 28 29 21 52 45 14 35 49 58 46 27 24 38 30 59 13 37 1 36 8 42 51 31 2 44 20 17 50 18 57 10 40 16 4 15 0 34 19 43 23 32 6 47 41 7 11 3 55 33 53 5 26 22 12
19 56 59 54 46 43 42 7 28 20 44 41 15 30 58 11 0 47 49 52 51 4 39 26 18 37 25 29 31 33 14 6 40 22 3 53 34 24 5 2 32 17 57 45 23 13 8 48 38 1 21 27 35 50 12 9 16 36 55 10
14883704847098739268 19456
59 52 8 7 26 32 23 45 30 21 58 36 24 27 17 3 56 41 31 11 2 43 42 34 14 15 6 37 29 5 35 13 9 40 18 53 25 57 12 22 55 49 16 33 46 50 10 48 1 47 44 38 20 0 39 54 51 19 28 4
52 39 57 58 1 23 55 36 21 29 19 44 54 49 47 38 42 26 50 28 10 24 53 8 40 45 3 51 14 34 46 35 4 37 6 12 22 59 7 2 31 56 18 9 15 30 20 5 41 0 33 48 32 13 43 25 11 16 17 27
59 52 8 7 26 32 37 45 30 21 58 36 24 27 17 3 56 41 31 11 2 43 42 34 14 15 6 23 29 5 35 13 9 40 18 53 25 57 12 22 55 49 16 33 46 50 10 48 1 47 28 38 20 0 39 54 51 19 44 4
52 39 57 58 1 23 55 36 21 29 19 44 54 49 47 38 42 26 50 28 10 24 53 8 40 45 3 51 14 34 46 35 4 37 6 12 22 59 7 2 31 56 18 9 15 30 20 5 41 0 33 48 32 13 43 25 11 16 17 27
17611622017155023111 19456
7 4 58 32 44 35 36 46 52 27 43 48 55 10 30 57 26 12 45 33 22 24 18 17 40 51 49 37 9 59 41 29 13 23 56 15 6 38 14 34 11 28 54 8 1 53 19 42 47 25 20 39 2 50 5 21 31 16 3 0
39 47 6 43 22 7 48 35 54 10 45 38 30 44 26 19 50 0 51 31 9 8 59 56 15 42 37 57 52 18 58 2 5 55 49 11 12 25 34 40 21 14 24 33 27 36 1 53 32 13 28 3 29 23 46 20 17 41 16 4
5 4 58 32 44 35 36 46 52 27 43 48 55 10 30 57 26 12 45 33 22 24 18 17 40 51 49 2 9 59 41 29 13 23 56 15 6 38 14 34 11 28 54 8 1 53 50 42 47 25 20 39 37 19 7 21 31 16 3 0
39 47 6 43 22 7 48 35 54 10 45 38 30 44 26 19 50 0 51 31 9 8 59 57 15 42 37 56 52 18 58 2 5 55 49 11 12 25 34 40 17 14 24 33 27 36 1 53 32 13 28 3 29 23 46 20 21 41 16 4
