FACTOR_PERMUTATION_V1 20 1 23 1 3.25
18 0 1 1 1 1 1 1 1 1 1 1 1 1 1 1 1 1 1 1 0 0 2 2 2 2 2 2 2 2 2 2 2 2 2 2 2 2 2 2 0 0 2 2 2 2 2 2 2 2 2 2 2 2 2 2 2 2 2 2
0 18 1 1 1 1 1 1 1 1 1 1 1 1 1 1 1 1 1 1 0 0 2 2 2 2 2 2 2 2 2 2 2 2 2 2 2 2 2 2 0 0 2 2 2 2 2 2 2 2 2 2 2 2 2 2 2 2 2 2
1 1 18 0 1 1 1 1 1 1 1 1 1 1 1 1 1 1 1 1 2 2 0 0 2 2 2 2 2 2 2 2 2 2 2 2 2 2 2 2 2 2 0 0 2 2 2 2 2 2 2 2 2 2 2 2 2 2 2 2
1 1 0 18 1 1 1 1 1 1 1 1 1 1 1 1 1 1 1 1 2 2 0 0 2 2 2 2 2 2 2 2 2 2 2 2 2 2 2 2 2 2 0 0 2 2 2 2 2 2 2 2 2 2 2 2 2 2 2 2
1 1 1 1 18 0 1 1 1 1 1 1 1 1 1 1 1 1 1 1 2 2 2 2 0 0 2 2 2 2 2 2 2 2 2 2 2 2 2 2 2 2 2 2 0 0 2 2 2 2 2 2 2 2 2 2 2 2 2 2
1 1 1 1 0 18 1 1 1 1 1 1 1 1 1 1 1 1 1 1 2 2 2 2 0 0 2 2 2 2 2 2 2 2 2 2 2 2 2 2 2 2 2 2 0 0 2 2 2 2 2 2 2 2 2 2 2 2 2 2
1 1 1 1 1 1 18 0 1 1 1 1 1 1 1 1 1 1 1 1 2 2 2 2 2 2 0 0 2 2 2 2 2 2 2 2 2 2 2 2 2 2 2 2 2 2 0 0 2 2 2 2 2 2 2 2 2 2 2 2
1 1 1 1 1 1 0 18 1 1 1 1 1 1 1 1 1 1 1 1 2 2 2 2 2 2 0 0 2 2 2 2 2 2 2 2 2 2 2 2 2 2 2 2 2 2 0 0 2 2 2 2 2 2 2 2 2 2 2 2
1 1 1 1 1 1 1 1 18 0 1 1 1 1 1 1 1 1 1 1 2 2 2 2 2 2 2 2 0 0 2 2 2 2 2 2 2 2 2 2 2 2 2 2 2 2 2 2 0 0 2 2 2 2 2 2 2 2 2 2
1 1 1 1 1 1 1 1 0 18 1 1 1 1 1 1 1 1 1 1 2 2 2 2 2 2 2 2 0 0 2 2 2 2 2 2 2 2 2 2 2 2 2 2 2 2 2 2 0 0 2 2 2 2 2 2 2 2 2 2
1 1 1 1 1 1 1 1 1 1 18 0 1 1 1 1 1 1 1 1 2 2 2 2 2 2 2 2 2 2 0 0 2 2 2 2 2 2 2 2 2 2 2 2 2 2 2 2 2 2 0 0 2 2 2 2 2 2 2 2
1 1 1 1 1 1 1 1 1 1 0 18 1 1 1 1 1 1 1 1 2 2 2 2 2 2 2 2 2 2 0 0 2 2 2 2 2 2 2 2 2 2 2 2 2 2 2 2 2 2 0 0 2 2 2 2 2 2 2 2
1 1 1 1 1 1 1 1 1 1 1 1 18 0 1 1 1 1 1 1 2 2 2 2 2 2 2 2 2 2 2 2 0 0 2 2 2 2 2 2 2 2 2 2 2 2 2 2 2 2 2 2 0 0 2 2 2 2 2 2
1 1 1 1 1 1 1 1 1 1 1 1 0 18 1 1 1 1 1 1 2 2 2 2 2 2 2 2 2 2 2 2 0 0 2 2 2 2 2 2 2 2 2 2 2 2 2 2 2 2 2 2 0 0 2 2 2 2 2 2
1 1 1 1 1 1 1 1 1 1 1 1 1 1 18 0 1 1 1 1 2 2 2 2 2 2 2 2 2 2 2 2 2 2 0 0 2 2 2 2 2 2 2 2 2 2 2 2 2 2 2 2 2 2 0 0 2 2 2 2
1 1 1 1 1 1 1 1 1 1 1 1 1 1 0 18 1 1 1 1 2 2 2 2 2 2 2 2 2 2 2 2 2 2 0 0 2 2 2 2 2 2 2 2 2 2 2 2 2 2 2 2 2 2 0 0 2 2 2 2
1 1 1 1 1 1 1 1 1 1 1 1 1 1 1 1 18 0 1 1 2 2 2 2 2 2 2 2 2 2 2 2 2 2 2 2 0 0 2 2 2 2 2 2 2 2 2 2 2 2 2 2 2 2 2 2 0 0 2 2
1 1 1 1 1 1 1 1 1 1 1 1 1 1 1 1 0 18 1 1 2 2 2 2 2 2 2 2 2 2 2 2 2 2 2 2 0 0 2 2 2 2 2 2 2 2 2 2 2 2 2 2 2 2 2 2 0 0 2 2
1 1 1 1 1 1 1 1 1 1 1 1 1 1 1 1 1 1 18 0 2 2 2 2 2 2 2 2 2 2 2 2 2 2 2 2 2 2 0 0 2 2 2 2 2 2 2 2 2 2 2 2 2 2 2 2 2 2 0 0
1 1 1 1 1 1 1 1 1 1 1 1 1 1 1 1 1 1 0 18 2 2 2 2 2 2 2 2 2 2 2 2 2 2 2 2 2 2 0 0 2 2 2 2 2 2 2 2 2 2 2 2 2 2 2 2 2 2 0 0
0 0 2 2 2 2 2 2 2 2 2 2 2 2 2 2 2 2 2 2 18 0 1 1 1 1 1 1 1 1 1 1 1 1 1 1 1 1 1 1 0 0 2 2 2 2 2 2 2 2 2 2 2 2 2 2 2 2 2 2
0 0 2 2 2 2 2 2 2 2 2 2 2 2 2 2 2 2 2 2 0 18 1 1 1 1 1 1 1 1 1 1 1 1 1 1 1 1 1 1 0 0 2 2 2 2 2 2 2 2 2 2 2 2 2 2 2 2 2 2
2 2 0 0 2 2 2 2 2 2 2 2 2 2 2 2 2 2 2 2 1 1 18 0 1 1 1 1 1 1 1 1 1 1 1 1 1 1 1 1 2 2 0 0 2 2 2 2 2 2 2 2 2 2 2 2 2 2 2 2
2 2 0 0 2 2 2 2 2 2 2 2 2 2 2 2 2 2 2 2 1 1 0 18 1 1 1 1 1 1 1 1 1 1 1 1 1 1 1 1 2 2 0 0 2 2 2 2 2 2 2 2 2 2 2 2 2 2 2 2
2 2 2 2 0 0 2 2 2 2 2 2 2 2 2 2 2 2 2 2 1 1 1 1 18 0 1 1 1 1 1 1 1 1 1 1 1 1 1 1 2 2 2 2 0 0 2 2 2 2 2 2 2 2 2 2 2 2 2 2
2 2 2 2 0 0 2 2 2 2 2 2 2 2 2 2 2 2 2 2 1 1 1 1 0 18 1 1 1 1 1 1 1 1 1 1 1 1 1 1 2 2 2 2 0 0 2 2 2 2 2 2 2 2 2 2 2 2 2 2
2 2 2 2 2 2 0 0 2 2 2 2 2 2 2 2 2 2 2 2 1 1 1 1 1 1 18 0 1 1 1 1 1 1 1 1 1 1 1 1 2 2 2 2 2 2 0 0 2 2 2 2 2 2 2 2 2 2 2 2
2 2 2 2 2 2 0 0 2 2 2 2 2 2 2 2 2 2 2 2 1 1 1 1 1 1 0 18 1 1 1 1 1 1 1 1 1 1 1 1 2 2 2 2 2 2 0 0 2 2 2 2 2 2 2 2 2 2 2 2
2 2 2 2 2 2 2 2 0 0 2 2 2 2 2 2 2 2 2 2 1 1 1 1 1 1 1 1 18 0 1 1 1 1 1 1 1 1 1 1 2 2 2 2 2 2 2 2 0 0 2 2 2 2 2 2 2 2 2 2
2 2 2 2 2 2 2 2 0 0 2 2 2 2 2 2 2 2 2 2 1 1 1 1 1 1 1 1 0 18 1 1 1 1 1 1 1 1 1 1 2 2 2 2 2 2 2 2 0 0 2 2 2 2 2 2 2 2 2 2
2 2 2 2 2 2 2 2 2 2 0 0 2 2 2 2 2 2 2 2 1 1 1 1 1 1 1 1 1 1 18 0 1 1 1 1 1 1 1 1 2 2 2 2 2 2 2 2 2 2 0 0 2 2 2 2 2 2 2 2
2 2 2 2 2 2 2 2 2 2 0 0 2 2 2 2 2 2 2 2 1 1 1 1 1 1 1 1 1 1 0 18 1 1 1 1 1 1 1 1 2 2 2 2 2 2 2 2 2 2 0 0 2 2 2 2 2 2 2 2
2 2 2 2 2 2 2 2 2 2 2 2 0 0 2 2 2 2 2 2 1 1 1 1 1 1 1 1 1 1 1 1 18 0 1 1 1 1 1 1 2 2 2 2 2 2 2 2 2 2 2 2 0 0 2 2 2 2 2 2
2 2 2 2 2 2 2 2 2 2 2 2 0 0 2 2 2 2 2 2 1 1 1 1 1 1 1 1 1 1 1 1 0 18 1 1 1 1 1 1 2 2 2 2 2 2 2 2 2 2 2 2 0 0 2 2 2 2 2 2
2 2 2 2 2 2 2 2 2 2 2 2 2 2 0 0 2 2 2 2 1 1 1 1 1 1 1 1 1 1 1 1 1 1 18 0 1 1 1 1 2 2 2 2 2 2 2 2 2 2 2 2 2 2 0 0 2 2 2 2
2 2 2 2 2 2 2 2 2 2 2 2 2 2 0 0 2 2 2 2 1 1 1 1 1 1 1 1 1 1 1 1 1 1 0 18 1 1 1 1 2 2 2 2 2 2 2 2 2 2 2 2 2 2 0 0 2 2 2 2
2 2 2 2 2 2 2 2 2 2 2 2 2 2 2 2 0 0 2 2 1 1 1 1 1 1 1 1 1 1 1 1 1 1 1 1 18 0 1 1 2 2 2 2 2 2 2 2 2 2 2 2 2 2 2 2 0 0 2 2
2 2 2 2 2 2 2 2 2 2 2 2 2 2 2 2 0 0 2 2 1 1 1 1 1 1 1 1 1 1 1 1 1 1 1 1 0 18 1 1 2 2 2 2 2 2 2 2 2 2 2 2 2 2 2 2 0 0 2 2
2 2 2 2 2 2 2 2 2 2 2 2 2 2 2 2 2 2 0 0 1 1 1 1 1 1 1 1 1 1 1 1 1 1 1 1 1 1 18 0 2 2 2 2 2 2 2 2 2 2 2 2 2 2 2 2 2 2 0 0
2 2 2 2 2 2 2 2 2 2 2 2 2 2 2 2 2 2 0 0 1 1 1 1 1 1 1 1 1 1 1 1 1 1 1 1 1 1 0 18 2 2 2 2 2 2 2 2 2 2 2 2 2 2 2 2 2 2 0 0
0 0 2 2 2 2 2 2 2 2 2 2 2 2 2 2 2 2 2 2 0 0 2 2 2 2 2 2 2 2 2 2 2 2 2 2 2 2 2 2 18 0 1 1 1 1 1 1 1 1 1 1 1 1 1 1 1 1 1 1
0 0 2 2 2 2 2 2 2 2 2 2 2 2 2 2 2 2 2 2 0 0 2 2 2 2 2 2 2 2 2 2 2 2 2 2 2 2 2 2 0 18 1 1 1 1 1 1 1 1 1 1 1 1 1 1 1 1 1 1
2 2 0 0 2 2 2 2 2 2 2 2 2 2 2 2 2 2 2 2 2 2 0 0 2 2 2 2 2 2 2 2 2 2 2 2 2 2 2 2 1 1 18 0 1 1 1 1 1 1 1 1 1 1 1 1 1 1 1 1
2 2 0 0 2 2 2 2 2 2 2 2 2 2 2 2 2 2 2 2 2 2 0 0 2 2 2 2 2 2 2 2 2 2 2 2 2 2 2 2 1 1 0 18 1 1 1 1 1 1 1 1 1 1 1 1 1 1 1 1
2 2 2 2 0 0 2 2 2 2 2 2 2 2 2 2 2 2 2 2 2 2 2 2 0 0 2 2 2 2 2 2 2 2 2 2 2 2 2 2 1 1 1 1 18 0 1 1 1 1 1 1 1 1 1 1 1 1 1 1
2 2 2 2 0 0 2 2 2 2 2 2 2 2 2 2 2 2 2 2 2 2 2 2 0 0 2 2 2 2 2 2 2 2 2 2 2 2 2 2 1 1 1 1 0 18 1 1 1 1 1 1 1 1 1 1 1 1 1 1
2 2 2 2 2 2 0 0 2 2 2 2 2 2 2 2 2 2 2 2 2 2 2 2 2 2 0 0 2 2 2 2 2 2 2 2 2 2 2 2 1 1 1 1 1 1 18 0 1 1 1 1 1 1 1 1 1 1 1 1
2 2 2 2 2 2 0 0 2 2 2 2 2 2 2 2 2 2 2 2 2 2 2 2 2 2 0 0 2 2 2 2 2 2 2 2 2 2 2 2 1 1 1 1 1 1 0 18 1 1 1 1 1 1 1 1 1 1 1 1
2 2 2 2 2 2 2 2 0 0 2 2 2 2 2 2 2 2 2 2 2 2 2 2 2 2 2 2 0 0 2 2 2 2 2 2 2 2 2 2 1 1 1 1 1 1 1 1 18 0 1 1 1 1 1 1 1 1 1 1
2 2 2 2 2 2 2 2 0 0 2 2 2 2 2 2 2 2 2 2 2 2 2 2 2 2 2 2 0 0 2 2 2 2 2 2 2 2 2 2 1 1 1 1 1 1 1 1 0 18 1 1 1 1 1 1 1 1 1 1
2 2 2 2 2 2 2 2 2 2 0 0 2 2 2 2 2 2 2 2 2 2 2 2 2 2 2 2 2 2 0 0 2 2 2 2 2 2 2 2 1 1 1 1 1 1 1 1 1 1 18 0 1 1 1 1 1 1 1 1
2 2 2 2 2 2 2 2 2 2 0 0 2 2 2 2 2 2 2 2 2 2 2 2 2 2 2 2 2 2 0 0 2 2 2 2 2 2 2 2 1 1 1 1 1 1 1 1 1 1 0 18 1 1 1 1 1 1 1 1
2 2 2 2 2 2 2 2 2 2 2 2 0 0 2 2 2 2 2 2 2 2 2 2 2 2 2 2 2 2 2 2 0 0 2 2 2 2 2 2 1 1 1 1 1 1 1 1 1 1 1 1 18 0 1 1 1 1 1 1
2 2 2 2 2 2 2 2 2 2 2 2 0 0 2 2 2 2 2 2 2 2 2 2 2 2 2 2 2 2 2 2 0 0 2 2 2 2 2 2 1 1 1 1 1 1 1 1 1 1 1 1 0 18 1 1 1 1 1 1
2 2 2 2 2 2 2 2 2 2 2 2 2 2 0 0 2 2 2 2 2 2 2 2 2 2 2 2 2 2 2 2 2 2 0 0 2 2 2 2 1 1 1 1 1 1 1 1 1 1 1 1 1 1 18 0 1 1 1 1
2 2 2 2 2 2 2 2 2 2 2 2 2 2 0 0 2 2 2 2 2 2 2 2 2 2 2 2 2 2 2 2 2 2 0 0 2 2 2 2 1 1 1 1 1 1 1 1 1 1 1 1 1 1 0 18 1 1 1 1
2 2 2 2 2 2 2 2 2 2 2 2 2 2 2 2 0 0 2 2 2 2 2 2 2 2 2 2 2 2 2 2 2 2 2 2 0 0 2 2 1 1 1 1 1 1 1 1 1 1 1 1 1 1 1 1 18 0 1 1
2 2 2 2 2 2 2 2 2 2 2 2 2 2 2 2 0 0 2 2 2 2 2 2 2 2 2 2 2 2 2 2 2 2 2 2 0 0 2 2 1 1 1 1 1 1 1 1 1 1 1 1 1 1 1 1 0 18 1 1
2 2 2 2 2 2 2 2 2 2 2 2 2 2 2 2 2 2 0 0 2 2 2 2 2 2 2 2 2 2 2 2 2 2 2 2 2 2 0 0 1 1 1 1 1 1 1 1 1 1 1 1 1 1 1 1 1 1 18 0
2 2 2 2 2 2 2 2 2 2 2 2 2 2 2 2 2 2 0 0 2 2 2 2 2 2 2 2 2 2 2 2 2 2 2 2 2 2 0 0 1 1 1 1 1 1 1 1 1 1 1 1 1 1 1 1 1 1 0 18
0 2
0 3
0 4
0 5
0 6
0 7
0 8
0 9
0 10
0 11
0 12
0 13
0 14
0 15
0 16
0 17
0 18
0 19
1 2
1 3
1 4
1 5
1 6
1 7
1 8
1 9
1 10
1 11
1 12
1 13
1 14
1 15
1 16
1 17
1 18
1 19
2 4
2 5
2 6
2 7
2 8
2 9
2 10
2 11
2 12
2 13
2 14
2 15
2 16
2 17
2 18
2 19
3 4
3 5
3 6
3 7
3 8
3 9
3 10
3 11
3 12
3 13
3 14
3 15
3 16
3 17
3 18
3 19
4 6
4 7
4 8
4 9
4 10
4 11
4 12
4 13
4 14
4 15
4 16
4 17
4 18
4 19
5 6
5 7
5 8
5 9
5 10
5 11
5 12
5 13
5 14
5 15
5 16
5 17
5 18
5 19
6 8
6 9
6 10
6 11
6 12
6 13
6 14
6 15
6 16
6 17
6 18
6 19
7 8
7 9
7 10
7 11
7 12
7 13
7 14
7 15
7 16
7 17
7 18
7 19
8 10
8 11
8 12
8 13
8 14
8 15
8 16
8 17
8 18
8 19
9 10
9 11
9 12
9 13
9 14
9 15
9 16
9 17
9 18
9 19
10 12
10 13
10 14
10 15
10 16
10 17
10 18
10 19
11 12
11 13
11 14
11 15
11 16
11 17
11 18
11 19
12 14
12 15
12 16
12 17
12 18
12 19
13 14
13 15
13 16
13 17
13 18
13 19
14 16
14 17
14 18
14 19
15 16
15 17
15 18
15 19
16 18
16 19
17 18
17 19
0 2
0 3
0 4
0 5
0 6
0 7
0 8
0 9
0 10
0 11
0 12
0 13
0 14
0 15
0 16
0 17
0 18
0 19
1 2
1 3
1 4
1 5
1 6
1 7
1 8
1 9
1 10
1 11
1 12
1 13
1 14
1 15
1 16
1 17
1 18
1 19
2 4
2 5
2 6
2 7
2 8
2 9
2 10
2 11
2 12
2 13
2 14
2 15
2 16
2 17
2 18
2 19
3 4
3 5
3 6
3 7
3 8
3 9
3 10
3 11
3 12
3 13
3 14
3 15
3 16
3 17
3 18
3 19
4 6
4 7
4 8
4 9
4 10
4 11
4 12
4 13
4 14
4 15
4 16
4 17
4 18
4 19
5 6
5 7
5 8
5 9
5 10
5 11
5 12
5 13
5 14
5 15
5 16
5 17
5 18
5 19
6 8
6 9
6 10
6 11
6 12
6 13
6 14
6 15
6 16
6 17
6 18
6 19
7 8
7 9
7 10
7 11
7 12
7 13
7 14
7 15
7 16
7 17
7 18
7 19
8 10
8 11
8 12
8 13
8 14
8 15
8 16
8 17
8 18
8 19
9 10
9 11
9 12
9 13
9 14
9 15
9 16
9 17
9 18
9 19
10 12
10 13
10 14
10 15
10 16
10 17
10 18
10 19
11 12
11 13
11 14
11 15
11 16
11 17
11 18
11 19
12 14
12 15
12 16
12 17
12 18
12 19
13 14
13 15
13 16
13 17
13 18
13 19
14 16
14 17
14 18
14 19
15 16
15 17
15 18
15 19
16 18
16 19
17 18
17 19
0 2
0 3
0 4
0 5
0 6
0 7
0 8
0 9
0 10
0 11
0 12
0 13
0 14
0 15
0 16
0 17
0 18
0 19
1 2
1 3
1 4
1 5
1 6
1 7
1 8
1 9
1 10
1 11
1 12
1 13
1 14
1 15
1 16
1 17
1 18
1 19
2 4
2 5
2 6
2 7
2 8
2 9
2 10
2 11
2 12
2 13
2 14
2 15
2 16
2 17
2 18
2 19
3 4
3 5
3 6
3 7
3 8
3 9
3 10
3 11
3 12
3 13
3 14
3 15
3 16
3 17
3 18
3 19
4 6
4 7
4 8
4 9
4 10
4 11
4 12
4 13
4 14
4 15
4 16
4 17
4 18
4 19
5 6
5 7
5 8
5 9
5 10
5 11
5 12
5 13
5 14
5 15
5 16
5 17
5 18
5 19
6 8
6 9
6 10
6 11
6 12
6 13
6 14
6 15
6 16
6 17
6 18
6 19
7 8
7 9
7 10
7 11
7 12
7 13
7 14
7 15
7 16
7 17
7 18
7 19
8 10
8 11
8 12
8 13
8 14
8 15
8 16
8 17
8 18
8 19
9 10
9 11
9 12
9 13
9 14
9 15
9 16
9 17
9 18
9 19
10 12
10 13
10 14
10 15
10 16
10 17
10 18
10 19
11 12
11 13
11 14
11 15
11 16
11 17
11 18
11 19
12 14
12 15
12 16
12 17
12 18
12 19
13 14
13 15
13 16
13 17
13 18
13 19
14 16
14 17
14 18
14 19
15 16
15 17
15 18
15 19
16 18
16 19
17 18
17 19
7479882223114070593 0
157 69 145 39 36 138 106 168 167 93 155 63 60 126 86 124 149 97 178 121 132 171 164 143 88 43 40 103 116 85 98 81 66 113 76 65 150 136 147 123 78 101 90 119 96 31 28 87 16 71 110 15 166 23 20 169 175 9 6 158 94 144 139 105 102 140 135 89 125 177 10 115 62 33 50 7 108 59 26 107 104 45 18 148 64 146 100 128 173 99 165 17 163 57 12 120 153 91 137 67 14 170 84 160 131 11 58 156 34 61 74 13 56 73 8 49 46 95 92 25 117 162 142 3 51 141 111 52 47 22 0 80 54 179 83 32 161 30 159 72 35 68 176 53 109 174 29 172 134 48 4 133 21 44 55 70 79 130 77 5 27 37 19 118 129 42 127 114 75 154 41 152 38 24 2 112 122 1 82 151
130 177 174 123 150 159 58 75 114 57 70 105 94 111 100 51 48 91 82 162 54 152 129 53 173 119 78 160 46 146 137 45 135 73 108 140 4 161 172 3 26 170 165 25 153 81 116 128 149 115 74 124 127 143 132 154 112 93 106 77 12 109 72 11 84 35 32 99 141 1 155 49 139 113 110 168 34 158 40 156 131 31 178 134 102 29 14 47 24 67 42 97 118 9 60 117 44 17 30 89 86 41 64 27 80 63 6 79 76 144 50 126 175 33 167 71 28 120 163 43 95 19 176 39 15 68 13 166 87 164 157 104 20 151 148 66 37 98 5 62 65 125 122 23 61 2 85 38 83 16 36 179 171 96 169 10 107 0 59 138 103 136 121 92 22 90 52 8 7 55 101 21 147 88 145 56 142 69 18 133
157 69 145 39 36 138 106 168 167 93 155 63 60 126 86 124 149 97 178 121 132 171 164 143 88 43 40 103 116 85 98 81 66 113 76 65 150 136 147 123 78 101 90 119 96 31 28 87 16 71 110 15 166 23 20 169 175 9 6 158 94 144 139 105 102 140 135 89 125 177 10 115 62 33 50 7 108 59 26 107 104 45 18 148 64 146 100 128 173 99 165 17 163 57 12 120 153 91 137 67 14 170 84 160 131 11 58 156 34 61 74 13 56 73 8 49 46 95 92 25 117 162 142 3 51 141 111 52 47 22 0 80 54 179 83 32 161 30 159 72 35 68 176 53 109 174 29 172 134 48 4 133 21 44 55 70 79 130 77 5 27 37 19 118 129 42 127 114 75 154 41 152 38 24 2 112 122 1 82 151
130 177 174 123 150 159 58 75 114 57 70 105 94 111 100 51 48 91 82 162 54 152 129 53 173 119 78 160 46 146 137 45 135 73 108 140 4 161 172 3 26 170 165 25 153 81 116 128 149 115 74 124 127 143 132 154 112 93 106 77 12 109 72 11 84 35 32 99 141 1 155 49 139 113 110 168 34 158 40 156 131 31 178 134 102 29 14 47 24 67 42 97 118 9 60 117 44 17 30 89 86 41 64 27 80 63 6 79 76 144 50 126 175 33 167 71 28 120 163 43 95 19 176 39 15 68 13 166 87 164 157 104 20 151 148 66 37 98 5 62 65 125 122 23 61 2 85 38 83 16 36 179 171 96 169 10 107 0 59 138 103 136 121 92 22 90 52 8 7 55 101 21 147 88 145 56 142 69 18 133
