FACTOR_PERMUTATION_V1 12 16 1024 1 0.25
10 0 1 1 1 1 1 1 1 1 1 1 0 0 2 2 2 2 2 2 2 2 2 2 0 1 1 2 2 2 2 2 2 2 2 2
0 10 1 1 1 1 1 1 1 1 1 1 0 0 2 2 2 2 2 2 2 2 2 2 1 0 2 2 1 2 2 2 2 2 2 2
1 1 10 0 1 1 1 1 1 1 1 1 2 2 0 0 2 2 2 2 2 2 2 2 1 2 0 1 2 2 2 2 2 2 2 2
1 1 0 10 1 1 1 1 1 1 1 1 2 2 0 0 2 2 2 2 2 2 2 2 2 2 1 0 2 2 1 2 2 2 2 2
1 1 1 1 10 0 1 1 1 1 1 1 2 2 2 2 0 0 2 2 2 2 2 2 2 1 2 2 0 1 2 2 2 2 2 2
1 1 1 1 0 10 1 1 1 1 1 1 2 2 2 2 0 0 2 2 2 2 2 2 2 2 2 2 1 0 2 2 1 2 2 2
1 1 1 1 1 1 10 0 1 1 1 1 2 2 2 2 2 2 0 0 2 2 2 2 2 2 2 1 2 2 0 1 2 2 2 2
1 1 1 1 1 1 0 10 1 1 1 1 2 2 2 2 2 2 0 0 2 2 2 2 2 2 2 2 2 2 1 0 2 1 2 2
1 1 1 1 1 1 1 1 10 0 1 1 2 2 2 2 2 2 2 2 0 1 1 2 2 2 2 2 2 1 2 2 0 1 2 2
1 1 1 1 1 1 1 1 0 10 1 1 2 2 2 2 2 2 2 2 1 0 2 1 2 2 2 2 2 2 2 1 1 0 2 2
1 1 1 1 1 1 1 1 1 1 10 0 2 2 2 2 2 2 2 2 1 2 0 1 2 2 2 2 2 2 2 2 2 2 0 0
1 1 1 1 1 1 1 1 1 1 0 10 2 2 2 2 2 2 2 2 2 1 1 0 2 2 2 2 2 2 2 2 2 2 0 0
0 0 2 2 2 2 2 2 2 2 2 2 10 0 1 1 1 1 1 1 1 1 1 1 0 1 1 2 2 2 2 2 2 2 2 2
0 0 2 2 2 2 2 2 2 2 2 2 0 10 1 1 1 1 1 1 1 1 1 1 1 0 2 2 1 2 2 2 2 2 2 2
2 2 0 0 2 2 2 2 2 2 2 2 1 1 10 0 1 1 1 1 1 1 1 1 1 2 0 1 2 2 2 2 2 2 2 2
2 2 0 0 2 2 2 2 2 2 2 2 1 1 0 10 1 1 1 1 1 1 1 1 2 2 1 0 2 2 1 2 2 2 2 2
2 2 2 2 0 0 2 2 2 2 2 2 1 1 1 1 10 0 1 1 1 1 1 1 2 1 2 2 0 1 2 2 2 2 2 2
2 2 2 2 0 0 2 2 2 2 2 2 1 1 1 1 0 10 1 1 1 1 1 1 2 2 2 2 1 0 2 2 1 2 2 2
2 2 2 2 2 2 0 0 2 2 2 2 1 1 1 1 1 1 10 0 1 1 1 1 2 2 2 1 2 2 0 1 2 2 2 2
2 2 2 2 2 2 0 0 2 2 2 2 1 1 1 1 1 1 0 10 1 1 1 1 2 2 2 2 2 2 1 0 2 1 2 2
2 2 2 2 2 2 2 2 0 1 1 2 1 1 1 1 1 1 1 1 10 1 0 1 2 2 2 2 2 1 2 2 0 2 1 2
2 2 2 2 2 2 2 2 1 0 2 1 1 1 1 1 1 1 1 1 1 10 1 0 2 2 2 2 2 2 2 1 2 0 2 1
2 2 2 2 2 2 2 2 1 2 0 1 1 1 1 1 1 1 1 1 0 1 10 1 2 2 2 2 2 2 2 2 1 2 0 1
2 2 2 2 2 2 2 2 2 1 1 0 1 1 1 1 1 1 1 1 1 0 1 10 2 2 2 2 2 2 2 2 2 1 1 0
0 1 1 2 2 2 2 2 2 2 2 2 0 1 1 2 2 2 2 2 2 2 2 2 10 1 0 1 1 1 1 1 1 1 1 1
1 0 2 2 1 2 2 2 2 2 2 2 1 0 2 2 1 2 2 2 2 2 2 2 1 10 1 1 0 1 1 1 1 1 1 1
1 2 0 1 2 2 2 2 2 2 2 2 1 2 0 1 2 2 2 2 2 2 2 2 0 1 10 1 1 1 1 1 1 1 1 1
2 2 1 0 2 2 1 2 2 2 2 2 2 2 1 0 2 2 1 2 2 2 2 2 1 1 1 10 1 1 0 1 1 1 1 1
2 1 2 2 0 1 2 2 2 2 2 2 2 1 2 2 0 1 2 2 2 2 2 2 1 0 1 1 10 1 1 1 1 1 1 1
2 2 2 2 1 0 2 2 1 2 2 2 2 2 2 2 1 0 2 2 1 2 2 2 1 1 1 1 1 10 1 1 0 1 1 1
2 2 2 1 2 2 0 1 2 2 2 2 2 2 2 1 2 2 0 1 2 2 2 2 1 1 1 0 1 1 10 1 1 1 1 1
2 2 2 2 2 2 1 0 2 1 2 2 2 2 2 2 2 2 1 0 2 1 2 2 1 1 1 1 1 1 1 10 1 0 1 1
2 2 2 2 2 1 2 2 0 1 2 2 2 2 2 2 2 1 2 2 0 2 1 2 1 1 1 1 1 0 1 1 10 1 1 1
2 2 2 2 2 2 2 1 1 0 2 2 2 2 2 2 2 2 2 1 2 0 2 1 1 1 1 1 1 1 1 0 1 10 1 1
2 2 2 2 2 2 2 2 2 2 0 0 2 2 2 2 2 2 2 2 1 2 0 1 1 1 1 1 1 1 1 1 1 1 10 0
2 2 2 2 2 2 2 2 2 2 0 0 2 2 2 2 2 2 2 2 2 1 1 0 1 1 1 1 1 1 1 1 1 1 0 10
0 2
0 3
0 4
0 5
0 6
0 7
0 8
0 9
0 10
0 11
1 2
1 3
1 4
1 5
1 6
1 7
1 8
1 9
1 10
1 11
2 4
2 5
2 6
2 7
2 8
2 9
2 10
2 11
3 4
3 5
3 6
3 7
3 8
3 9
3 10
3 11
4 6
4 7
4 8
4 9
4 10
4 11
5 6
5 7
5 8
5 9
5 10
5 11
6 8
6 9
6 10
6 11
7 8
7 9
7 10
7 11
8 10
8 11
9 10
9 11
0 2
0 3
0 4
0 5
0 6
0 7
0 8
0 9
0 10
0 11
1 2
1 3
1 4
1 5
1 6
1 7
1 8
1 9
1 10
1 11
2 4
2 5
2 6
2 7
2 8
2 9
2 10
2 11
3 4
3 5
3 6
3 7
3 8
3 9
3 10
3 11
4 6
4 7
4 8
4 9
4 10
4 11
5 6
5 7
5 8
5 9
5 10
5 11
6 8
6 9
6 10
6 11
7 8
7 9
7 10
7 11
8 9
8 11
9 10
10 11
0 1
0 3
0 4
0 5
0 6
0 7
0 8
0 9
0 10
0 11
1 2
1 3
1 5
1 6
1 7
1 8
1 9
1 10
1 11
2 3
2 4
2 5
2 6
2 7
2 8
2 9
2 10
2 11
3 4
3 5
3 7
3 8
3 9
3 10
3 11
4 5
4 6
4 7
4 8
4 9
4 10
4 11
5 6
5 7
5 9
5 10
5 11
6 7
6 8
6 9
6 10
6 11
7 8
7 10
7 11
8 9
8 10
8 11
9 10
9 11
9682781678323183351 12288
59 51 49 25 44 5 28 43 45 16 42 48 35 52 58 33 55 20 10 21 18 8 39 15 32 38 53 50 54 56 9 17 3 14 40 2 0 6 23 31 47 36 34 57 19 1 22 37 30 12 24 29 26 46 41 11 13 7 4 27
42 38 24 49 54 35 52 17 29 32 59 14 56 26 21 4 28 46 55 6 11 30 8 27 43 36 15 2 7 18 57 40 58 3 5 22 37 25 50 9 47 44 16 1 23 41 53 31 0 33 39 20 34 48 10 45 51 13 19 12
59 51 49 25 44 5 28 43 45 16 42 48 35 52 58 33 55 20 10 21 0 8 39 15 32 38 53 50 54 56 9 17 3 14 40 2 18 6 23 31 47 36 34 57 19 1 22 37 30 12 24 29 26 46 41 11 13 7 4 27
42 40 24 49 54 35 52 17 29 32 59 12 56 26 21 4 28 46 55 6 11 30 8 27 43 36 15 2 7 18 57 38 58 3 5 22 37 25 50 9 47 44 16 1 23 41 53 31 0 33 39 20 34 48 10 45 51 13 19 14
8060384111870107832 12288
45 50 14 0 35 28 20 54 43 57 12 47 27 58 1 31 42 26 52 38 56 29 44 40 9 55 49 2 51 48 17 24 37 8 39 15 18 5 23 3 34 33 10 59 19 32 4 53 46 25 41 6 7 16 13 21 22 30 11 36
47 44 52 58 40 9 34 35 19 13 50 7 22 11 15 46 27 42 39 30 41 55 54 16 29 6 12 36 48 8 20 14 45 37 24 31 59 26 18 33 5 3 43 28 23 10 57 4 0 56 32 21 49 1 17 38 2 53 51 25
45 50 14 0 35 28 20 54 43 57 12 47 27 58 1 31 42 26 52 38 56 29 44 40 9 55 49 2 51 48 17 24 37 8 39 15 18 5 23 3 34 33 10 59 19 32 4 53 46 25 41 6 7 16 13 21 22 30 11 36
47 44 52 58 40 9 34 35 19 13 50 7 22 11 15 46 27 42 39 30 41 55 54 16 29 6 12 36 48 8 20 14 45 37 24 31 59 26 18 33 5 3 43 28 23 10 57 4 0 56 32 21 49 1 17 38 2 53 51 25
2589780814463464417 12288
57 40 49 53 29 44 46 27 2 23 41 5 22 8 26 42 33 47 39 52 15 32 58 25 4 43 45 50 59 51 17 38 3 37 10 13 19 20 54 34 48 56 24 31 14 7 55 11 12 6 16 28 35 18 1 9 0 21 30 36
37 30 57 2 58 33 10 51 42 15 50 16 45 54 35 38 9 31 25 22 34 59 48 17 20 46 14 7 6 44 3 27 4 56 39 36 23 49 32 13 0 43 11 8 47 26 19 24 53 41 55 18 12 21 52 28 29 5 40 1
57 40 22 53 29 44 46 27 12 23 41 16 49 8 26 47 33 42 28 52 15 32 58 37 4 10 45 50 59 51 31 38 3 43 25 13 19 0 54 34 48 56 24 17 14 7 55 11 2 6 5 20 35 18 1 9 39 21 30 36
37 30 57 41 58 33 10 4 42 15 50 16 45 54 35 38 9 31 25 22 34 55 48 17 20 46 14 7 6 18 3 27 51 53 36 39 23 49 32 13 0 43 11 8 47 26 19 24 56 2 44 59 12 21 52 28 1 5 40 29
11890576817473896155 12288
54 19 49 42 27 32 40 52 33 3 58 50 30 24 41 9 43 28 44 16 13 7 29 59 37 36 22 57 8 15 38 45 51 2 48 31 6 18 11 55 20 23 17 56 35 26 5 34 53 46 25 14 0 10 47 39 12 4 1 21
16 52 33 27 58 35 51 13 2 31 43 41 55 53 19 42 26 56 5 32 50 48 54 38 59 8 29 36 44 46 6 17 0 30 25 24 18 23 1 20 47 9 39 34 14 22 11 7 3 28 15 45 40 57 4 10 49 37 21 12
54 19 49 42 27 32 40 52 33 3 58 50 30 24 41 9 43 28 44 16 13 7 29 59 37 36 22 57 8 15 38 45 51 2 48 31 6 18 11 55 20 23 17 56 35 26 5 34 53 46 25 14 0 10 47 39 12 4 1 21
38 52 33 27 58 35 51 13 2 31 43 41 55 53 19 42 26 56 5 32 50 48 54 16 59 8 29 36 44 46 6 17 0 30 25 24 18 23 1 20 47 9 39 34 14 22 11 7 3 28 15 45 40 57 4 10 49 37 21 12
3418126837817508991 12288
27 37 50 21 32 17 53 54 28 48 51 46 24 31 0 33 45 30 38 41 58 56 18 52 42 2 13 43 15 10 39 36 9 44 49 59 7 47 57 1 23 11 35 8 34 14 6 5 12 26 3 4 29 25 19 40 22 20 55 16
37 44 34 50 39 45 48 28 52 10 31 25 49 17 56 46 54 3 22 4 38 1 42 9 58 16 36 43 5 57 8 40 35 41 14 13 33 0 21 51 18 55 23 47 7 19 29 20 27 12 15 59 11 24 32 6 2 30 26 53
27 37 50 21 32 17 53 54 28 48 51 46 24 31 0 33 45 30 38 41 58 56 18 52 42 2 13 43 15 10 39 36 9 44 49 59 7 47 57 1 23 11 35 8 34 14 6 5 12 26 3 4 29 25 19 40 22 20 55 16
37 44 34 50 39 45 48 28 52 10 31 25 49 17 56 46 54 3 22 4 38 1 42 9 58 16 36 43 5 57 8 40 35 41 14 13 33 0 26 51 18 55 23 47 7 19 29 20 27 12 15 59 11 24 32 6 2 30 21 53
6463332441495595541 12288
42 32 11 41 34 56 55 5 22 26 58 51 7 28 25 20 44 27 43 30 48 45 39 15 47 31 9 18 17 54 46 38 14 13 53 2 4 59 23 50 35 52 19 49 0 24 8 16 40 6 10 21 1 29 57 3 12 33 36 37
58 54 55 24 6 11 13 46 28 36 4 9 21 33 30 57 23 56 49 44 41 51 45 27 31 12 39 43 17 37 0 25 35 34 38 48 52 29 8 22 14 19 26 15 18 47 32 7 59 40 42 16 50 2 3 53 5 20 10 1
42 32 11 41 34 56 55 5 22 26 58 51 7 28 25 20 44 27 43 30 48 45 39 15 47 31 9 18 17 54 46 38 14 13 53 2 4 59 23 50 35 52 19 49 0 24 8 16 40 6 10 21 1 29 57 3 12 33 36 37
58 54 55 24 6 11 13 46 28 36 4 9 21 33 30 57 23 56 49 44 41 51 45 27 31 12 39 43 17 37 0 25 35 34 38 48 52 29 8 22 14 19 26 15 18 47 32 7 59 40 42 16 50 2 3 53 5 20 10 1
156603021611182170 12288
38 46 26 35 44 50 55 31 22 45 42 53 56 24 59 41 21 28 3 30 29 2 17 58 52 8 15 51 19 18 9 39 7 32 37 48 54 6 49 27 4 12 33 57 36 23 25 5 20 14 13 1 11 0 16 43 34 10 47 40
34 13 55 48 58 28 14 46 44 20 51 8 29 54 30 25 41 17 49 6 5 7 24 12 50 43 36 15 45 32 35 57 22 37 38 39 27 18 11 4 26 47 40 2 23 10 53 31 3 9 52 16 59 56 21 1 0 33 19 42
38 46 26 35 44 50 55 31 22 45 42 53 56 24 59 41 21 28 3 30 29 2 17 58 52 8 15 51 19 18 9 39 7 32 37 48 54 6 49 27 4 12 33 57 36 23 25 5 20 14 13 1 11 0 16 43 34 10 47 40
34 13 55 48 58 28 14 46 44 20 51 8 29 54 30 25 41 17 49 6 5 7 24 12 50 43 36 15 45 32 35 57 22 37 38 39 27 18 11 4 26 47 40 0 23 10 53 31 3 9 52 16 59 56 21 1 2 33 19 42
9559560978054072557 12288
46 38 0 32 59 45 9 22 53 30 33 50 52 54 27 36 39 41 21 29 14 17 2 24 44 5 55 40 49 19 6 47 18 43 7 37 31 58 3 57 35 26 25 10 51 8 4 48 11 13 12 56 28 34 16 1 42 23 20 15
16 29 54 18 36 1 56 58 46 35 8 57 39 34 12 26 47 19 52 55 43 45 59 31 51 38 49 14 15 22 2 37 44 17 42 7 24 25 33 9 30 4 40 48 0 23 32 5 53 27 6 11 41 3 10 50 20 21 13 28
46 38 0 32 59 45 55 22 53 30 33 50 52 54 27 36 39 41 21 29 14 17 2 24 44 5 9 40 49 19 6 47 18 43 7 37 31 58 3 57 35 26 25 10 51 8 4 48 11 13 12 56 28 34 16 1 42 23 20 15
16 43 54 18 36 1 56 58 46 35 8 57 39 34 12 26 47 19 52 55 29 45 59 31 51 38 49 14 15 22 2 37 44 17 42 7 24 25 33 9 30 4 40 48 0 23 32 5 53 27 6 11 41 3 10 50 20 21 13 28
4646486670786577283 12288
36 46 25 33 59 24 28 4 47 37 55 1 57 26 56 38 43 41 30 22 14 16 6 40 53 54 45 3 23 50 13 51 9 20 52 58 5 34 19 32 49 18 35 31 8 15 2 44 27 39 21 11 42 7 17 0 12 48 10 29
8 54 51 36 15 49 43 31 20 32 48 59 47 9 45 27 33 19 44 38 58 30 41 55 10 35 29 50 56 25 53 3 39 13 4 23 21 1 34 57 14 42 17 40 11 46 52 7 5 2 16 24 18 26 6 12 22 37 28 0
36 46 25 33 59 21 28 4 47 37 55 1 57 26 56 38 43 41 30 22 14 16 6 40 53 54 45 3 23 50 13 51 9 20 52 58 5 34 19 32 49 18 35 31 8 15 2 44 27 39 24 11 42 7 17 0 12 48 10 29
8 54 51 36 15 49 43 31 20 32 48 59 47 9 45 27 33 19 44 38 58 30 41 55 10 35 29 50 56 25 53 3 39 13 4 37 21 1 34 57 14 42 17 40 11 46 52 7 5 2 16 24 18 26 6 12 22 23 28 0
10435345239966071365 12288
58 43 59 56 32 39 40 0 55 30 51 53 27 11 46 45 38 37 49 23 17 52 3 28 26 42 41 16 4 47 10 57 48 8 14 54 33 24 36 15 6 31 7 50 5 20 34 22 19 35 12 2 9 18 21 1 25 13 29 44
36 18 43 50 20 24 32 54 31 45 51 37 33 25 57 29 47 26 3 49 56 46 58 41 14 39 48 30 55 5 44 16 17 42 23 2 6 9 59 22 28 12 11 10 1 8 7 38 35 0 15 21 40 34 13 52 27 4 53 19
58 43 59 56 32 53 40 0 55 30 51 39 27 11 46 45 38 37 49 23 17 52 3 28 26 42 41 16 4 47 10 57 48 8 14 54 33 24 36 15 6 31 7 50 5 20 34 22 19 35 12 2 9 18 21 1 25 13 29 44
36 18 43 50 20 24 32 54 31 45 51 37 33 25 57 29 47 26 3 49 56 46 58 41 14 39 48 30 55 5 44 16 17 42 23 2 6 9 59 22 28 12 11 10 1 8 7 38 35 0 15 27 40 34 13 52 21 4 53 19
1555049974536797658 12288
55 50 33 6 21 40 46 20 49 52 51 41 15 25 57 35 36 58 32 29 4 54 17 24 45 38 3 44 9 48 12 13 5 43 53 39 34 56 19 59 42 23 27 31 30 8 10 18 26 14 1 28 0 11 47 7 16 2 37 22
42 44 37 51 33 2 14 54 31 25 52 26 29 58 38 7 10 22 5 36 56 20 43 13 9 11 59 53 47 3 55 24 40 18 15 4 16 27 50 1 49 6 0 34 17 48 23 32 46 41 21 57 28 45 19 12 39 30 8 35
55 41 33 6 21 40 46 20 49 52 51 50 15 25 57 35 36 58 32 29 4 54 17 24 45 38 3 44 9 48 12 13 5 43 53 39 34 56 19 59 42 23 27 31 30 8 10 18 26 14 1 28 0 11 47 7 16 2 37 22
42 44 37 51 33 2 14 54 31 25 52 26 29 58 38 7 10 22 5 36 56 20 43 13 9 11 59 53 47 3 55 24 40 18 15 4 16 27 50 1 49 6 0 34 17 48 23 32 46 41 21 57 28 45 19 12 39 30 8 35
13332015439132598093 12288
39 44 38 10 29 34 54 51 25 31 53 46 48 40 24 45 35 43 22 20 19 32 23 13 4 59 37 42 55 17 8 2 41 52 49 14 7 56 0 26 1 50 47 27 33 5 30 6 36 11 16 58 18 28 57 9 15 21 3 12
17 54 22 46 40 43 1 38 39 44 56 36 58 25 3 24 51 34 30 52 14 37 41 55 35 42 32 19 6 47 15 59 45 10 12 8 29 9 53 18 48 7 16 33 0 50 57 31 27 26 49 23 28 2 11 20 21 13 5 4
39 44 38 10 29 34 54 51 25 31 53 46 48 40 24 45 35 43 22 20 19 32 23 13 4 59 37 42 55 17 8 2 41 52 49 14 7 56 0 26 1 50 47 27 33 5 30 6 36 11 16 58 18 28 57 9 15 21 3 12
17 54 22 46 40 43 1 38 39 44 56 36 58 25 3 24 51 34 30 52 14 37 41 55 35 42 32 19 6 47 15 59 45 10 12 8 29 9 53 18 48 7 16 33 0 50 57 31 27 26 49 23 28 2 11 20 21 13 5 4
7580953250722540802 12288
57 24 34 54 42 33 55 41 25 16 38 47 49 48 27 58 29 18 20 31 23 17 40 46 14 5 45 4 7 53 8 19 50 13 37 2 10 9 35 52 51 15 1 6 22 21 12 59 28 32 56 44 39 26 11 43 3 0 30 36
55 43 53 28 58 57 36 21 1 51 17 30 59 23 39 42 25 34 48 3 18 47 5 22 40 45 2 29 26 15 35 6 0 8 27 49 24 31 4 7 12 52 56 41 9 50 32 10 46 19 13 11 33 16 44 20 54 14 37 38
57 24 34 54 42 33 55 41 25 16 38 47 49 48 27 58 29 18 20 31 23 17 40 46 14 5 45 4 7 53 8 19 50 13 37 2 10 9 35 52 51 15 1 6 22 21 12 59 28 32 56 44 39 26 11 43 3 0 30 36
55 43 53 28 58 57 36 21 1 51 17 30 59 23 39 42 25 34 48 3 18 47 5 22 40 45 2 29 26 15 35 6 0 8 27 49 24 31 4 7 12 52 56 41 9 50 32 10 46 19 13 11 33 16 44 20 54 14 37 38
7676139389768405335 12288
49 52 59 25 26 35 31 28 48 21 40 29 56 50 51 58 55 44 23 42 11 43 19 47 7 54 38 6 53 41 18 57 36 4 14 34 32 0 22 12 9 5 17 1 46 8 27 16 3 24 2 39 10 37 45 20 33 15 13 30
45 59 29 11 9 41 37 50 25 47 44 53 4 39 31 19 20 13 42 57 55 17 43 49 51 15 54 28 34 6 36 10 5 40 38 0 26 52 18 27 14 7 58 46 23 22 8 30 32 35 48 24 56 33 2 16 12 21 1 3
49 52 59 25 26 35 31 2 48 21 40 29 56 50 51 58 55 44 23 42 11 43 19 47 7 54 38 6 53 41 18 57 36 4 14 34 32 0 22 12 9 5 17 1 46 8 27 16 3 24 28 39 10 37 45 20 33 15 13 30
45 59 29 11 9 41 37 50 25 47 44 53 4 39 31 19 20 13 42 57 55 17 43 49 51 15 54 28 34 6 36 10 5 40 38 0 26 52 18 27 14 7 58 46 23 22 8 30 32 35 48 24 56 33 2 16 12 21 1 3
7149941784953090939 12288
52 41 56 22 35 58 24 36 43 46 27 51 40 29 17 38 37 42 26 32 48 8 34 47 13 7 53 12 55 54 50 14 3 11 45 6 5 1 19 18 10 30 39 33 49 57 4 15 9 44 20 21 59 23 16 25 28 0 31 2
48 56 34 59 42 28 50 26 35 5 46 6 22 53 52 27 32 19 4 39 14 15 40 47 58 33 21 1 7 23 18 45 41 36 13 12 8 57 10 44 37 24 55 3 2 11 49 51 20 9 31 16 29 38 25 17 54 30 0 43
52 41 56 22 35 58 24 36 43 46 27 51 40 29 17 38 37 42 26 32 48 8 34 47 13 7 53 12 55 54 50 14 3 11 45 6 5 1 19 18 10 30 39 33 49 57 4 15 9 44 20 21 59 23 16 25 28 0 31 2
48 56 34 59 42 28 50 26 35 5 46 6 22 53 52 27 32 19 4 39 14 15 40 47 58 33 21 1 7 23 18 45 41 36 13 30 8 57 10 44 37 24 55 3 2 11 49 51 20 9 31 16 29 38 25 17 54 12 0 43
2245957629668010224 12288
3 56 32 12 25 30 54 55 27 43 52 40 49 34 39 24 21 35 42 38 37 59 9 45 50 18 36 16 29 4 57 6 47 15 17 51 26 19 14 8 7 23 48 58 10 53 0 1 5 28 11 46 41 20 31 13 2 33 44 22
54 45 33 59 38 15 35 22 14 28 3 23 26 52 46 34 13 39 32 4 16 11 48 50 41 29 55 47 18 58 37 44 8 57 36 43 7 24 9 51 30 56 27 0 53 1 42 20 17 5 21 25 19 40 2 6 31 49 10 12
3 56 32 12 25 30 54 55 27 43 52 40 49 34 39 24 21 35 42 38 37 59 9 45 50 18 36 16 29 4 57 6 47 15 17 51 26 19 14 8 7 23 48 58 10 53 0 1 5 28 11 46 41 20 31 13 2 33 44 22
54 45 33 59 38 15 35 22 14 28 3 23 26 52 46 34 13 39 32 4 16 11 48 50 41 29 55 47 18 58 37 44 8 57 36 43 7 24 9 51 30 56 27 0 53 1 42 20 17 5 21 25 19 40 2 6 31 49 10 12
