FACTOR_PERMUTATION_V1 12 16 1024 1 0.25
10 0 1 1 1 1 1 1 1 1 1 1 0 0 2 2 2 2 2 2 2 2 2 2 0 1 1 2 2 2 2 2 2 2 2 2
0 10 1 1 1 1 1 1 1 1 1 1 0 0 2 2 2 2 2 2 2 2 2 2 1 0 2 2 1 2 2 2 2 2 2 2
1 1 10 0 1 1 1 1 1 1 1 1 2 2 0 0 2 2 2 2 2 2 2 2 1 2 0 1 2 2 2 2 2 2 2 2
1 1 0 10 1 1 1 1 1 1 1 1 2 2 0 0 2 2 2 2 2 2 2 2 2 2 1 0 2 2 1 2 2 2 2 2
1 1 1 1 10 0 1 1 1 1 1 1 2 2 2 2 0 0 2 2 2 2 2 2 2 1 2 2 0 1 2 2 2 2 2 2
1 1 1 1 0 10 1 1 1 1 1 1 2 2 2 2 0 0 2 2 2 2 2 2 2 2 2 2 1 0 2 2 1 2 2 2
1 1 1 1 1 1 10 0 1 1 1 1 2 2 2 2 2 2 0 0 2 2 2 2 2 2 2 1 2 2 0 1 2 2 2 2
1 1 1 1 1 1 0 10 1 1 1 1 2 2 2 2 2 2 0 0 2 2 2 2 2 2 2 2 2 2 1 0 2 1 2 2
1 1 1 1 1 1 1 1 10 0 1 1 2 2 2 2 2 2 2 2 0 1 1 2 2 2 2 2 2 1 2 2 0 1 2 2
1 1 1 1 1 1 1 1 0 10 1 1 2 2 2 2 2 2 2 2 1 0 2 1 2 2 2 2 2 2 2 1 1 0 2 2
1 1 1 1 1 1 1 1 1 1 10 0 2 2 2 2 2 2 2 2 1 2 0 1 2 2 2 2 2 2 2 2 2 2 0 0
1 1 1 1 1 1 1 1 1 1 0 10 2 2 2 2 2 2 2 2 2 1 1 0 2 2 2 2 2 2 2 2 2 2 0 0
0 0 2 2 2 2 2 2 2 2 2 2 10 0 1 1 1 1 1 1 1 1 1 1 0 1 1 2 2 2 2 2 2 2 2 2
0 0 2 2 2 2 2 2 2 2 2 2 0 10 1 1 1 1 1 1 1 1 1 1 1 0 2 2 1 2 2 2 2 2 2 2
2 2 0 0 2 2 2 2 2 2 2 2 1 1 10 0 1 1 1 1 1 1 1 1 1 2 0 1 2 2 2 2 2 2 2 2
2 2 0 0 2 2 2 2 2 2 2 2 1 1 0 10 1 1 1 1 1 1 1 1 2 2 1 0 2 2 1 2 2 2 2 2
2 2 2 2 0 0 2 2 2 2 2 2 1 1 1 1 10 0 1 1 1 1 1 1 2 1 2 2 0 1 2 2 2 2 2 2
2 2 2 2 0 0 2 2 2 2 2 2 1 1 1 1 0 10 1 1 1 1 1 1 2 2 2 2 1 0 2 2 1 2 2 2
2 2 2 2 2 2 0 0 2 2 2 2 1 1 1 1 1 1 10 0 1 1 1 1 2 2 2 1 2 2 0 1 2 2 2 2
2 2 2 2 2 2 0 0 2 2 2 2 1 1 1 1 1 1 0 10 1 1 1 1 2 2 2 2 2 2 1 0 2 1 2 2
2 2 2 2 2 2 2 2 0 1 1 2 1 1 1 1 1 1 1 1 10 1 0 1 2 2 2 2 2 1 2 2 0 2 1 2
2 2 2 2 2 2 2 2 1 0 2 1 1 1 1 1 1 1 1 1 1 10 1 0 2 2 2 2 2 2 2 1 2 0 2 1
2 2 2 2 2 2 2 2 1 2 0 1 1 1 1 1 1 1 1 1 0 1 10 1 2 2 2 2 2 2 2 2 1 2 0 1
2 2 2 2 2 2 2 2 2 1 1 0 1 1 1 1 1 1 1 1 1 0 1 10 2 2 2 2 2 2 2 2 2 1 1 0
0 1 1 2 2 2 2 2 2 2 2 2 0 1 1 2 2 2 2 2 2 2 2 2 10 1 0 1 1 1 1 1 1 1 1 1
1 0 2 2 1 2 2 2 2 2 2 2 1 0 2 2 1 2 2 2 2 2 2 2 1 10 1 1 0 1 1 1 1 1 1 1
1 2 0 1 2 2 2 2 2 2 2 2 1 2 0 1 2 2 2 2 2 2 2 2 0 1 10 1 1 1 1 1 1 1 1 1
2 2 1 0 2 2 1 2 2 2 2 2 2 2 1 0 2 2 1 2 2 2 2 2 1 1 1 10 1 1 0 1 1 1 1 1
2 1 2 2 0 1 2 2 2 2 2 2 2 1 2 2 0 1 2 2 2 2 2 2 1 0 1 1 10 1 1 1 1 1 1 1
2 2 2 2 1 0 2 2 1 2 2 2 2 2 2 2 1 0 2 2 1 2 2 2 1 1 1 1 1 10 1 1 0 1 1 1
2 2 2 1 2 2 0 1 2 2 2 2 2 2 2 1 2 2 0 1 2 2 2 2 1 1 1 0 1 1 10 1 1 1 1 1
2 2 2 2 2 2 1 0 2 1 2 2 2 2 2 2 2 2 1 0 2 1 2 2 1 1 1 1 1 1 1 10 1 0 1 1
2 2 2 2 2 1 2 2 0 1 2 2 2 2 2 2 2 1 2 2 0 2 1 2 1 1 1 1 1 0 1 1 10 1 1 1
2 2 2 2 2 2 2 1 1 0 2 2 2 2 2 2 2 2 2 1 2 0 2 1 1 1 1 1 1 1 1 0 1 10 1 1
2 2 2 2 2 2 2 2 2 2 0 0 2 2 2 2 2 2 2 2 1 2 0 1 1 1 1 1 1 1 1 1 1 1 10 0
2 2 2 2 2 2 2 2 2 2 0 0 2 2 2 2 2 2 2 2 2 1 1 0 1 1 1 1 1 1 1 1 1 1 0 10
0 2
0 3
0 4
0 5
0 6
0 7
0 8
0 9
0 10
0 11
1 2
1 3
1 4
1 5
1 6
1 7
1 8
1 9
1 10
1 11
2 4
2 5
2 6
2 7
2 8
2 9
2 10
2 11
3 4
3 5
3 6
3 7
3 8
3 9
3 10
3 11
4 6
4 7
4 8
4 9
4 10
4 11
5 6
5 7
5 8
5 9
5 10
5 11
6 8
6 9
6 10
6 11
7 8
7 9
7 10
7 11
8 10
8 11
9 10
9 11
0 2
0 3
0 4
0 5
0 6
0 7
0 8
0 9
0 10
0 11
1 2
1 3
1 4
1 5
1 6
1 7
1 8
1 9
1 10
1 11
2 4
2 5
2 6
2 7
2 8
2 9
2 10
2 11
3 4
3 5
3 6
3 7
3 8
3 9
3 10
3 11
4 6
4 7
4 8
4 9
4 10
4 11
5 6
5 7
5 8
5 9
5 10
5 11
6 8
6 9
6 10
6 11
7 8
7 9
7 10
7 11
8 9
8 11
9 10
10 11
0 1
0 3
0 4
0 5
0 6
0 7
0 8
0 9
0 10
0 11
1 2
1 3
1 5
1 6
1 7
1 8
1 9
1 10
1 11
2 3
2 4
2 5
2 6
2 7
2 8
2 9
2 10
2 11
3 4
3 5
3 7
3 8
3 9
3 10
3 11
4 5
4 6
4 7
4 8
4 9
4 10
4 11
5 6
5 7
5 9
5 10
5 11
6 7
6 8
6 9
6 10
6 11
7 8
7 10
7 11
8 9
8 10
8 11
9 10
9 11
4964184264757066155 10240
59 51 49 25 44 5 28 43 45 16 42 48 35 52 58 33 55 20 11 21 0 8 39 15 32 38 53 50 54 56 9 17 3 14 40 2 18 6 23 31 47 36 34 57 19 1 22 37 30 12 24 29 26 46 41 10 13 7 4 27
42 53 24 49 54 35 55 17 29 25 59 13 56 26 21 4 28 44 52 6 15 30 8 27 43 36 11 39 7 18 57 38 58 3 5 22 37 32 50 9 47 46 16 1 23 41 40 31 0 33 2 20 34 48 10 45 51 12 19 14
59 51 49 25 44 5 28 43 45 16 42 48 35 52 58 33 55 20 11 21 0 8 39 15 32 38 53 50 54 56 9 17 3 14 40 2 18 6 23 31 47 36 34 57 19 1 22 37 30 12 24 29 26 46 41 10 13 7 4 27
42 53 24 49 54 35 55 17 29 25 59 13 56 26 21 4 28 44 52 6 15 30 8 27 43 36 11 39 7 18 57 38 58 3 5 22 37 32 50 9 47 46 16 1 23 41 40 31 0 33 2 20 34 48 10 45 51 12 19 14
14813375808764414241 10240
45 50 14 24 35 28 20 54 43 57 12 47 59 58 1 32 42 21 52 38 56 29 44 40 9 55 49 8 27 48 17 0 37 2 39 15 18 5 23 3 34 33 10 51 19 31 4 53 46 25 41 6 7 16 13 26 22 30 11 36
47 44 52 58 40 9 34 35 19 13 45 7 22 11 15 46 27 42 39 30 41 55 54 10 29 6 12 36 14 8 20 48 50 37 24 31 59 26 18 33 5 3 43 28 23 16 57 4 0 56 32 21 49 1 17 38 2 53 51 25
45 50 14 24 35 28 20 54 43 57 12 47 59 58 1 31 42 21 52 38 56 0 44 40 9 55 49 8 27 48 17 29 37 2 39 15 18 5 23 3 34 33 10 51 19 32 4 53 46 25 41 6 7 16 13 26 22 30 11 36
47 44 52 58 40 9 34 35 19 13 45 7 22 11 15 46 27 42 39 30 41 55 54 10 29 6 12 36 14 8 20 48 50 37 24 31 59 26 18 33 5 3 43 28 23 16 57 4 0 56 32 21 49 1 17 38 2 53 51 25
15533720467566638896 10240
57 40 49 53 29 44 46 27 12 23 41 5 22 8 26 47 33 42 28 52 15 32 58 37 4 43 45 50 59 51 31 38 3 10 25 13 19 0 54 34 48 56 24 17 14 7 55 11 2 6 16 20 35 18 1 9 39 21 30 36
37 30 57 2 58 33 10 4 42 15 50 16 45 54 35 38 9 31 25 22 34 55 48 17 20 46 14 7 6 18 3 27 51 53 36 39 23 49 32 13 0 43 11 8 47 26 19 24 56 41 44 59 12 21 52 28 1 5 40 29
57 40 22 53 29 44 46 27 12 23 41 16 49 8 26 47 33 42 28 52 15 32 58 37 4 10 45 50 59 51 31 38 3 43 25 13 19 0 54 34 48 56 24 17 14 7 55 11 2 6 5 20 35 18 1 9 39 21 30 36
37 30 57 41 58 33 10 4 42 15 50 16 45 54 35 38 9 31 25 22 34 55 48 17 20 46 14 7 6 18 3 27 51 53 36 39 23 49 32 13 0 43 11 8 47 26 19 24 56 2 44 59 12 21 52 28 1 5 40 29
2423500318004329629 10240
54 19 49 42 24 32 40 52 33 3 58 50 30 27 41 9 43 28 44 16 13 7 29 59 37 36 22 57 8 15 38 45 51 2 48 31 6 18 11 55 20 23 17 56 35 26 5 34 53 46 25 12 0 10 47 39 1 4 14 21
38 52 33 27 58 35 51 13 2 31 43 41 55 53 19 42 26 56 5 32 50 48 54 16 59 8 29 36 44 45 6 17 0 30 25 24 18 23 1 20 47 9 39 34 14 22 11 7 3 28 15 46 40 57 4 10 49 37 21 12
54 19 49 48 24 32 40 52 33 3 58 50 30 27 41 9 43 28 44 16 13 7 29 59 37 36 22 57 8 15 38 45 51 2 42 31 6 18 11 55 20 23 17 56 35 26 5 34 53 46 25 12 0 10 47 39 1 4 14 21
38 52 33 27 58 35 51 13 2 31 43 41 55 53 19 42 26 56 5 32 50 48 54 16 59 8 29 36 44 45 6 17 0 30 25 24 18 1 23 20 47 9 39 34 14 22 11 7 3 28 15 46 40 57 4 10 49 37 21 12
13221348396436158629 10240
27 55 50 21 32 10 53 54 28 48 51 46 24 31 20 33 43 30 41 39 58 56 38 52 42 2 13 18 15 17 45 36 9 44 49 35 7 47 57 1 23 11 59 8 34 14 6 5 12 26 3 4 29 25 19 40 22 0 37 16
37 44 34 51 39 45 48 28 52 10 31 25 49 17 56 46 54 3 22 4 20 1 43 9 58 16 36 42 5 57 8 40 35 41 14 13 33 6 26 50 18 55 23 47 7 19 29 38 27 12 15 59 11 24 32 0 2 30 21 53
27 55 50 21 32 10 53 54 28 48 51 46 24 31 20 33 29 30 41 39 58 6 38 52 42 2 13 18 15 17 45 36 9 44 49 57 7 47 35 1 23 11 59 8 34 14 56 5 12 26 3 4 43 25 19 40 22 0 37 16
37 44 34 51 39 45 48 28 52 10 31 25 49 17 56 46 54 3 22 4 20 1 43 9 58 16 36 42 5 57 8 40 35 41 14 13 33 6 26 50 18 55 23 47 7 21 29 38 27 12 15 59 11 24 32 0 2 30 19 53
10382444236007664073 10240
42 32 11 47 34 57 55 7 22 20 58 51 5 28 25 26 44 27 43 30 48 45 39 15 41 31 9 18 17 54 46 38 14 13 53 2 4 59 23 50 35 52 19 49 0 24 8 16 40 6 10 21 1 29 56 3 12 33 36 37
58 54 55 24 6 11 13 46 28 36 4 9 21 33 31 27 23 56 49 44 41 51 45 57 30 12 39 43 17 37 0 25 35 34 38 48 52 29 8 22 14 19 26 15 18 47 32 7 59 40 42 16 50 2 3 53 5 20 10 1
42 32 11 47 34 57 55 7 22 20 58 51 5 28 56 26 44 27 43 30 48 45 39 15 41 31 9 18 17 54 46 38 14 13 53 2 4 59 23 50 35 52 19 49 0 24 8 16 40 6 10 21 1 29 25 3 12 33 36 37
58 54 55 24 6 13 11 46 28 36 4 9 21 33 31 27 23 56 49 44 41 51 45 57 30 12 39 43 17 37 0 25 35 34 38 48 52 29 8 22 14 19 26 15 18 47 32 7 59 40 42 16 50 2 3 53 5 20 10 1
18283002764034048681 10240
38 46 26 35 44 59 55 31 22 45 42 53 56 50 24 41 21 28 3 34 58 2 17 29 52 8 15 51 19 18 9 39 7 16 37 48 54 6 49 27 4 12 33 57 36 23 25 5 20 14 47 1 11 0 32 43 30 10 13 40
34 13 55 48 58 28 14 46 44 20 18 8 29 32 30 25 41 17 49 6 5 7 24 53 50 43 36 15 45 54 35 57 22 37 31 39 27 51 11 4 26 47 40 0 23 10 12 38 3 9 52 16 59 56 21 1 2 33 19 42
38 46 26 35 44 59 36 31 22 45 42 53 56 50 24 41 21 28 13 34 29 2 17 58 52 8 15 51 19 18 9 39 49 32 37 48 54 6 7 27 4 12 33 57 55 23 25 5 20 14 47 1 11 0 16 43 30 10 3 40
34 13 55 48 58 28 14 46 44 20 18 8 29 32 30 25 41 17 49 6 5 7 24 53 50 43 36 15 45 54 35 57 22 37 31 39 10 51 11 4 26 47 40 0 23 27 12 38 3 9 52 16 59 56 21 1 2 33 19 42
7412803048600425912 10240
46 38 0 33 59 45 55 22 53 30 17 50 52 54 27 36 39 41 21 29 14 32 2 24 43 8 4 40 49 19 6 47 18 44 7 37 31 58 3 57 35 26 25 10 51 1 9 48 11 13 12 56 28 34 16 5 42 23 20 15
16 43 54 18 20 1 56 58 38 36 8 57 49 34 12 26 47 29 37 55 46 45 59 31 51 48 35 14 15 22 2 52 53 50 42 7 24 25 33 9 30 4 40 39 0 23 32 5 44 27 6 11 41 3 10 17 19 21 13 28
46 38 0 33 59 45 55 22 53 30 17 50 52 54 27 36 39 41 21 29 14 32 2 24 43 8 4 40 49 19 6 47 18 44 7 37 31 58 3 57 35 26 25 10 51 1 9 48 11 13 12 56 28 34 16 5 42 23 20 15
16 43 54 18 20 1 56 58 38 36 8 57 49 34 12 26 47 29 37 55 46 45 59 31 51 48 35 14 15 22 2 52 53 50 42 7 24 25 33 9 30 4 40 39 0 23 32 5 44 27 6 11 41 3 10 17 19 21 13 28
2834658616992819297 10240
36 46 25 31 59 21 28 4 47 37 55 1 57 26 56 38 43 41 30 22 14 16 6 40 53 54 45 3 23 50 13 51 19 20 52 58 5 34 9 32 49 18 33 35 8 15 2 44 27 39 24 11 42 7 17 0 12 48 10 29
8 54 51 36 15 26 43 31 20 32 48 53 47 9 45 27 33 19 44 38 58 30 41 55 10 35 29 49 56 25 59 3 39 13 4 37 21 1 34 57 14 42 17 40 11 46 52 7 5 2 16 24 18 50 6 12 22 23 28 0
36 46 25 31 59 21 28 4 47 37 55 1 57 26 56 38 43 41 30 22 14 16 6 40 53 54 45 3 23 50 13 51 19 20 52 58 5 34 9 32 49 18 33 35 8 15 2 44 27 39 24 11 42 7 17 0 12 48 10 29
8 54 51 36 15 26 43 31 20 32 48 53 47 9 45 27 33 19 44 38 58 30 41 55 10 37 29 49 56 25 59 3 39 13 4 35 21 1 34 57 14 42 17 40 11 46 52 7 5 2 16 24 18 50 6 12 22 23 28 0
13675623775433908896 10240
58 43 59 56 32 53 40 0 55 30 51 39 27 11 46 45 38 37 49 23 17 52 3 28 26 42 9 16 4 47 10 57 48 8 14 54 33 24 36 15 6 31 7 50 5 20 34 22 19 35 12 2 1 18 21 41 25 13 29 44
36 18 43 50 20 24 32 54 31 45 51 37 33 25 57 29 47 26 3 49 56 46 58 34 14 39 48 30 55 5 44 16 17 42 23 2 6 9 59 22 28 12 11 10 1 8 7 38 35 0 15 21 40 41 13 52 27 4 53 19
58 43 59 56 32 53 40 0 55 30 51 39 27 11 46 45 38 37 49 23 17 52 3 28 26 42 9 16 4 47 10 57 48 8 14 54 33 24 36 18 6 31 7 50 5 20 34 22 19 35 12 2 1 15 21 41 25 13 29 44
36 18 43 50 25 24 32 54 31 45 20 37 33 51 57 29 47 26 3 49 56 46 58 34 14 39 48 30 55 5 44 16 17 42 23 2 6 9 59 22 28 12 11 10 1 8 7 38 35 0 15 21 40 41 13 52 27 4 53 19
11177782236063734845 10240
55 41 33 6 21 40 46 20 49 52 51 50 15 25 57 35 36 58 32 29 4 54 17 24 45 38 3 44 2 48 13 12 5 43 53 39 34 56 19 59 22 23 27 31 30 8 16 18 26 14 1 28 0 11 47 7 10 9 37 42
42 44 37 51 26 39 14 54 31 25 52 53 29 58 38 7 10 22 5 36 56 20 43 13 9 11 59 33 47 3 55 24 40 18 15 4 16 27 50 1 49 6 0 34 17 48 23 32 46 41 21 57 28 45 19 12 2 30 8 35
55 41 33 6 21 40 46 20 49 52 51 50 15 25 57 35 36 58 32 29 4 54 17 24 45 38 3 44 2 48 13 12 5 43 53 39 34 56 19 59 22 23 27 31 30 8 16 18 26 14 1 28 0 11 47 7 10 9 37 42
42 44 37 51 26 39 14 54 31 25 52 53 29 58 38 7 10 22 5 36 56 20 43 13 9 11 59 33 47 3 55 24 40 18 15 4 16 27 50 1 49 6 17 34 0 48 23 32 46 41 21 57 28 45 19 12 2 30 8 35
1186239280908018871 10240
49 44 38 10 29 34 54 51 25 31 53 46 48 40 57 45 35 43 22 20 19 32 23 13 4 59 37 42 55 17 8 2 41 52 39 14 7 56 0 26 1 50 47 27 33 5 30 6 36 11 16 58 18 28 24 9 15 21 3 12
17 54 22 46 40 43 1 38 39 44 45 36 58 25 3 24 51 34 52 4 14 37 41 55 35 42 32 19 6 47 15 59 56 10 12 2 29 9 53 18 48 7 16 33 0 50 57 31 27 26 49 23 28 8 11 20 21 13 5 30
49 44 38 10 29 34 54 51 25 31 53 46 48 40 57 45 35 43 22 20 19 32 23 13 4 59 37 42 55 17 8 2 41 52 39 14 7 56 0 26 1 50 47 27 33 5 30 6 36 11 16 58 18 28 24 9 15 21 3 12
17 54 22 46 40 43 32 38 39 44 45 36 58 25 3 24 51 34 52 4 14 37 41 55 35 42 6 19 1 47 15 59 56 10 12 2 29 9 53 18 48 7 16 33 0 50 57 31 27 26 49 23 28 8 11 20 21 13 5 30
7732116382204146545 10240
57 24 34 54 42 33 55 41 25 16 38 47 49 48 27 58 29 18 0 31 43 17 40 46 14 5 45 4 7 53 8 13 50 19 37 28 10 9 35 52 51 15 1 6 22 21 12 59 2 32 56 44 39 26 11 23 3 20 30 36
55 43 53 28 58 57 36 21 1 51 8 30 46 23 39 42 10 34 48 3 18 47 5 22 26 45 2 31 20 15 0 6 35 17 27 49 24 29 4 7 13 52 56 41 9 50 32 25 59 19 12 11 33 16 44 40 54 14 37 38
57 24 34 54 42 33 55 41 25 16 38 47 49 48 27 58 29 18 0 31 43 17 40 46 14 5 45 4 7 53 8 13 50 19 37 28 10 9 35 52 51 15 1 6 22 21 11 59 2 56 32 44 39 26 12 23 3 20 30 36
55 43 53 28 58 57 36 21 1 51 8 30 46 23 39 42 10 34 48 3 18 47 5 22 26 45 2 31 20 15 0 6 35 17 27 49 24 29 4 7 13 52 56 41 9 50 32 25 59 19 12 11 33 16 44 40 54 14 37 38
16642214087552775160 10240
49 52 59 25 26 35 31 2 48 21 40 29 56 50 51 58 55 44 23 42 11 43 19 47 7 54 38 6 53 41 17 57 36 4 14 34 32 0 22 12 9 5 18 1 46 8 27 16 3 24 28 39 10 37 45 20 33 15 13 30
45 59 29 11 9 41 37 50 25 47 44 53 4 39 31 19 20 13 42 57 48 17 43 49 51 15 54 28 34 6 58 10 5 40 38 3 26 52 18 27 14 7 36 46 23 22 8 30 32 35 55 24 56 33 2 16 12 21 1 0
49 52 59 25 26 35 31 2 48 21 40 29 56 50 51 58 55 44 23 42 11 43 19 47 7 54 38 6 53 41 17 57 36 4 14 34 32 8 22 12 9 5 18 1 46 0 27 16 3 24 28 39 10 37 45 20 33 15 13 30
45 13 29 11 9 41 37 50 25 47 44 53 4 39 31 19 20 59 42 57 48 17 43 49 51 15 54 28 34 6 58 10 5 40 38 3 26 52 18 27 14 7 36 46 23 22 8 30 32 35 55 24 56 33 2 16 12 21 1 0
5182868567830440287 10240
52 41 56 22 35 58 24 36 3 46 27 51 40 29 17 38 43 42 26 32 48 8 34 47 13 7 53 12 55 54 21 14 37 11 45 6 5 1 19 18 10 30 39 33 49 57 4 15 9 44 20 50 59 23 16 25 28 0 31 2
15 7 34 59 42 28 50 26 35 5 46 6 22 53 52 27 32 19 4 39 14 48 40 47 58 33 21 1 56 23 18 45 41 36 13 30 8 57 10 44 37 55 24 3 2 11 49 51 20 9 31 16 29 38 25 17 54 12 0 43
37 40 56 27 35 50 25 36 3 34 22 51 38 32 20 39 43 46 26 29 48 8 58 47 13 41 53 12 55 54 42 14 52 7 6 45 5 1 19 18 10 30 11 33 49 57 4 15 9 44 17 24 59 23 16 21 28 2 31 0
15 7 34 59 40 38 50 26 43 14 46 29 22 53 52 27 32 19 4 39 5 33 16 47 58 36 21 1 56 23 18 45 41 48 13 24 8 57 10 12 37 49 42 0 2 11 55 51 20 9 31 44 3 28 25 17 54 30 6 35
10617901302505734667 10240
3 56 32 12 25 30 50 55 27 42 54 40 49 34 9 24 21 51 43 38 35 59 39 13 52 18 36 16 45 4 57 6 47 15 17 37 26 19 14 8 7 23 48 58 10 53 0 1 5 28 11 46 41 20 31 29 2 33 44 22
54 45 33 59 38 15 37 22 47 28 3 23 26 52 46 34 13 35 32 4 16 11 48 50 41 29 58 14 18 55 39 44 8 57 36 43 7 24 9 51 30 56 27 0 53 1 42 20 17 5 21 25 19 40 2 6 31 49 10 12
3 58 32 12 25 30 50 55 27 42 54 40 49 34 9 24 21 51 43 38 35 59 39 13 52 18 36 16 45 4 57 6 47 15 17 37 26 19 14 8 7 23 48 56 10 53 0 1 5 28 11 46 41 20 31 29 2 33 44 22
54 45 33 59 38 15 37 22 47 28 3 23 26 52 46 34 13 35 32 4 16 11 48 50 41 29 58 14 18 55 39 44 8 57 36 43 7 24 9 51 30 56 27 0 53 1 42 20 17 5 21 25 19 40 2 6 31 49 10 12
