FACTOR_PERMUTATION_V1 12 16 1024 1 0.25
10 0 1 1 1 1 1 1 1 1 1 1 0 0 2 2 2 2 2 2 2 2 2 2 0 1 1 2 2 2 2 2 2 2 2 2
0 10 1 1 1 1 1 1 1 1 1 1 0 0 2 2 2 2 2 2 2 2 2 2 1 0 2 2 1 2 2 2 2 2 2 2
1 1 10 0 1 1 1 1 1 1 1 1 2 2 0 0 2 2 2 2 2 2 2 2 1 2 0 1 2 2 2 2 2 2 2 2
1 1 0 10 1 1 1 1 1 1 1 1 2 2 0 0 2 2 2 2 2 2 2 2 2 2 1 0 2 2 1 2 2 2 2 2
1 1 1 1 10 0 1 1 1 1 1 1 2 2 2 2 0 0 2 2 2 2 2 2 2 1 2 2 0 1 2 2 2 2 2 2
1 1 1 1 0 10 1 1 1 1 1 1 2 2 2 2 0 0 2 2 2 2 2 2 2 2 2 2 1 0 2 2 1 2 2 2
1 1 1 1 1 1 10 0 1 1 1 1 2 2 2 2 2 2 0 0 2 2 2 2 2 2 2 1 2 2 0 1 2 2 2 2
1 1 1 1 1 1 0 10 1 1 1 1 2 2 2 2 2 2 0 0 2 2 2 2 2 2 2 2 2 2 1 0 2 1 2 2
1 1 1 1 1 1 1 1 10 0 1 1 2 2 2 2 2 2 2 2 0 1 1 2 2 2 2 2 2 1 2 2 0 1 2 2
1 1 1 1 1 1 1 1 0 10 1 1 2 2 2 2 2 2 2 2 1 0 2 1 2 2 2 2 2 2 2 1 1 0 2 2
1 1 1 1 1 1 1 1 1 1 10 0 2 2 2 2 2 2 2 2 1 2 0 1 2 2 2 2 2 2 2 2 2 2 0 0
1 1 1 1 1 1 1 1 1 1 0 10 2 2 2 2 2 2 2 2 2 1 1 0 2 2 2 2 2 2 2 2 2 2 0 0
0 0 2 2 2 2 2 2 2 2 2 2 10 0 1 1 1 1 1 1 1 1 1 1 0 1 1 2 2 2 2 2 2 2 2 2
0 0 2 2 2 2 2 2 2 2 2 2 0 10 1 1 1 1 1 1 1 1 1 1 1 0 2 2 1 2 2 2 2 2 2 2
2 2 0 0 2 2 2 2 2 2 2 2 1 1 10 0 1 1 1 1 1 1 1 1 1 2 0 1 2 2 2 2 2 2 2 2
2 2 0 0 2 2 2 2 2 2 2 2 1 1 0 10 1 1 1 1 1 1 1 1 2 2 1 0 2 2 1 2 2 2 2 2
2 2 2 2 0 0 2 2 2 2 2 2 1 1 1 1 10 0 1 1 1 1 1 1 2 1 2 2 0 1 2 2 2 2 2 2
2 2 2 2 0 0 2 2 2 2 2 2 1 1 1 1 0 10 1 1 1 1 1 1 2 2 2 2 1 0 2 2 1 2 2 2
2 2 2 2 2 2 0 0 2 2 2 2 1 1 1 1 1 1 10 0 1 1 1 1 2 2 2 1 2 2 0 1 2 2 2 2
2 2 2 2 2 2 0 0 2 2 2 2 1 1 1 1 1 1 0 10 1 1 1 1 2 2 2 2 2 2 1 0 2 1 2 2
2 2 2 2 2 2 2 2 0 1 1 2 1 1 1 1 1 1 1 1 10 1 0 1 2 2 2 2 2 1 2 2 0 2 1 2
2 2 2 2 2 2 2 2 1 0 2 1 1 1 1 1 1 1 1 1 1 10 1 0 2 2 2 2 2 2 2 1 2 0 2 1
2 2 2 2 2 2 2 2 1 2 0 1 1 1 1 1 1 1 1 1 0 1 10 1 2 2 2 2 2 2 2 2 1 2 0 1
2 2 2 2 2 2 2 2 2 1 1 0 1 1 1 1 1 1 1 1 1 0 1 10 2 2 2 2 2 2 2 2 2 1 1 0
0 1 1 2 2 2 2 2 2 2 2 2 0 1 1 2 2 2 2 2 2 2 2 2 10 1 0 1 1 1 1 1 1 1 1 1
1 0 2 2 1 2 2 2 2 2 2 2 1 0 2 2 1 2 2 2 2 2 2 2 1 10 1 1 0 1 1 1 1 1 1 1
1 2 0 1 2 2 2 2 2 2 2 2 1 2 0 1 2 2 2 2 2 2 2 2 0 1 10 1 1 1 1 1 1 1 1 1
2 2 1 0 2 2 1 2 2 2 2 2 2 2 1 0 2 2 1 2 2 2 2 2 1 1 1 10 1 1 0 1 1 1 1 1
2 1 2 2 0 1 2 2 2 2 2 2 2 1 2 2 0 1 2 2 2 2 2 2 1 0 1 1 10 1 1 1 1 1 1 1
2 2 2 2 1 0 2 2 1 2 2 2 2 2 2 2 1 0 2 2 1 2 2 2 1 1 1 1 1 10 1 1 0 1 1 1
2 2 2 1 2 2 0 1 2 2 2 2 2 2 2 1 2 2 0 1 2 2 2 2 1 1 1 0 1 1 10 1 1 1 1 1
2 2 2 2 2 2 1 0 2 1 2 2 2 2 2 2 2 2 1 0 2 1 2 2 1 1 1 1 1 1 1 10 1 0 1 1
2 2 2 2 2 1 2 2 0 1 2 2 2 2 2 2 2 1 2 2 0 2 1 2 1 1 1 1 1 0 1 1 10 1 1 1
2 2 2 2 2 2 2 1 1 0 2 2 2 2 2 2 2 2 2 1 2 0 2 1 1 1 1 1 1 1 1 0 1 10 1 1
2 2 2 2 2 2 2 2 2 2 0 0 2 2 2 2 2 2 2 2 1 2 0 1 1 1 1 1 1 1 1 1 1 1 10 0
2 2 2 2 2 2 2 2 2 2 0 0 2 2 2 2 2 2 2 2 2 1 1 0 1 1 1 1 1 1 1 1 1 1 0 10
0 2
0 3
0 4
0 5
0 6
0 7
0 8
0 9
0 10
0 11
1 2
1 3
1 4
1 5
1 6
1 7
1 8
1 9
1 10
1 11
2 4
2 5
2 6
2 7
2 8
2 9
2 10
2 11
3 4
3 5
3 6
3 7
3 8
3 9
3 10
3 11
4 6
4 7
4 8
4 9
4 10
4 11
5 6
5 7
5 8
5 9
5 10
5 11
6 8
6 9
6 10
6 11
7 8
7 9
7 10
7 11
8 10
8 11
9 10
9 11
0 2
0 3
0 4
0 5
0 6
0 7
0 8
0 9
0 10
0 11
1 2
1 3
1 4
1 5
1 6
1 7
1 8
1 9
1 10
1 11
2 4
2 5
2 6
2 7
2 8
2 9
2 10
2 11
3 4
3 5
3 6
3 7
3 8
3 9
3 10
3 11
4 6
4 7
4 8
4 9
4 10
4 11
5 6
5 7
5 8
5 9
5 10
5 11
6 8
6 9
6 10
6 11
7 8
7 9
7 10
7 11
8 9
8 11
9 10
10 11
0 1
0 3
0 4
0 5
0 6
0 7
0 8
0 9
0 10
0 11
1 2
1 3
1 5
1 6
1 7
1 8
1 9
1 10
1 11
2 3
2 4
2 5
2 6
2 7
2 8
2 9
2 10
2 11
3 4
3 5
3 7
3 8
3 9
3 10
3 11
4 5
4 6
4 7
4 8
4 9
4 10
4 11
5 6
5 7
5 9
5 10
5 11
6 7
6 8
6 9
6 10
6 11
7 8
7 10
7 11
8 9
8 10
8 11
9 10
9 11
7534809006794044135 9216
59 32 49 25 21 5 28 43 45 16 42 56 35 52 58 33 55 20 11 50 0 8 39 15 51 38 53 44 54 48 9 17 3 14 40 2 18 47 23 31 6 36 34 57 19 1 22 37 30 12 24 29 26 46 41 10 13 7 4 27
42 53 24 49 54 35 52 17 29 25 59 18 56 26 21 4 28 44 55 6 15 30 8 27 43 36 11 2 7 13 57 38 58 3 5 22 37 32 50 9 47 46 16 1 23 41 40 31 0 33 39 20 34 48 10 45 51 12 19 14
59 32 49 25 21 5 28 43 45 16 42 56 35 52 58 30 55 39 11 50 0 8 20 15 51 38 53 44 54 48 9 17 3 14 40 2 18 47 7 31 6 36 34 57 19 1 22 37 33 12 24 29 26 46 41 10 13 23 4 27
42 53 24 49 54 35 52 17 29 32 59 18 43 26 21 4 28 8 55 39 15 30 44 27 56 36 37 2 7 12 57 38 58 3 5 22 11 1 50 46 47 9 16 25 23 41 40 31 0 33 6 20 34 48 10 45 51 13 19 14
6918849402750889327 9216
45 50 14 24 35 28 20 54 43 57 12 47 59 58 1 31 36 21 52 38 56 0 44 40 9 55 49 8 27 48 17 29 37 2 39 15 18 5 23 3 34 33 10 51 19 32 4 53 46 25 41 6 7 16 13 26 22 30 11 42
47 44 52 34 40 9 58 35 19 13 45 7 22 11 15 46 27 42 39 30 41 55 54 10 29 6 12 36 14 8 20 17 50 37 24 31 59 26 18 33 5 3 43 28 23 25 57 4 0 56 32 21 49 1 48 38 2 53 51 16
45 50 14 24 35 28 20 54 43 57 12 47 59 58 1 0 36 21 52 38 56 31 44 40 9 55 49 8 27 48 17 29 37 2 39 15 18 5 23 3 34 33 10 51 19 32 4 53 46 25 41 6 7 16 13 26 22 30 11 42
47 44 52 34 40 9 58 35 19 13 45 7 22 11 15 46 27 42 39 30 41 55 54 10 29 6 12 36 14 8 20 17 50 37 24 31 59 26 18 33 5 3 43 28 53 25 57 4 0 56 32 21 49 1 48 38 2 23 51 16
9215765210169929603 9216
57 40 22 53 29 44 46 27 12 23 41 16 49 8 26 47 28 42 33 52 15 32 58 37 4 10 45 50 31 51 59 38 3 43 25 13 19 0 9 34 48 56 24 17 14 7 55 11 2 6 5 20 35 18 1 54 39 21 30 36
37 30 57 41 58 33 10 4 42 15 50 16 45 54 35 38 9 31 25 22 34 55 48 17 20 46 14 7 6 18 3 27 51 53 36 39 23 49 32 13 0 43 11 8 47 26 19 21 56 2 44 59 12 24 52 28 1 5 40 29
57 40 22 53 29 44 46 27 12 23 47 16 49 8 26 41 28 42 33 52 15 32 58 37 4 10 45 50 31 51 59 38 3 43 25 13 19 0 55 34 48 56 24 17 14 36 9 11 2 6 5 20 35 18 1 54 39 21 30 7
37 30 57 41 58 33 10 4 42 15 50 16 45 54 35 38 9 31 25 22 34 55 48 17 20 46 14 7 6 18 3 27 51 5 36 39 23 49 32 13 0 43 11 8 47 26 19 21 56 2 44 59 12 24 52 28 1 53 40 29
17203021475696799761 9216
54 19 49 48 24 32 40 52 33 3 58 50 30 27 41 9 43 28 44 16 11 7 29 59 37 36 22 57 8 15 38 45 51 2 42 31 6 18 13 55 20 23 17 56 35 26 5 34 53 46 25 12 0 10 47 39 1 4 14 21
38 52 33 27 58 35 51 13 2 31 43 41 55 53 19 42 26 56 5 32 50 48 54 16 59 8 29 36 44 45 6 17 0 30 25 24 18 1 23 20 47 9 39 34 14 22 11 7 3 28 15 46 40 57 4 10 49 37 21 12
54 19 49 48 24 32 40 52 33 3 58 50 30 27 41 9 43 28 44 16 11 7 29 59 37 36 22 57 8 15 38 45 51 2 42 31 6 18 13 55 20 23 17 56 35 26 5 34 53 46 25 12 0 10 47 39 1 4 14 21
38 52 33 27 58 35 51 13 2 31 43 41 55 53 19 42 26 46 5 32 50 48 54 16 59 8 29 36 44 45 6 17 0 30 25 24 18 1 23 20 47 9 39 34 14 22 11 7 3 28 15 49 40 57 4 10 56 37 21 12
6284124539681629132 9216
27 55 50 21 32 10 53 54 28 48 51 46 24 31 20 33 29 30 35 39 58 6 38 52 42 2 13 18 15 17 45 36 9 44 49 57 7 47 41 1 23 11 59 8 34 14 56 5 12 26 3 4 0 25 19 40 22 43 37 16
37 44 34 51 39 45 48 28 52 10 31 25 49 17 56 46 54 3 22 4 20 53 43 9 58 16 36 42 5 57 8 40 35 41 14 13 33 6 26 50 18 55 23 47 7 21 29 38 27 12 15 59 11 24 32 0 2 30 19 1
27 55 50 21 32 10 53 54 36 48 51 46 24 23 40 33 3 30 35 39 58 6 38 52 42 2 13 18 15 17 45 28 9 16 49 20 7 57 41 1 31 11 59 8 34 14 56 5 12 26 29 4 43 0 19 47 22 25 37 44
37 42 34 51 39 45 48 28 55 23 31 25 49 58 56 46 54 3 22 1 20 53 43 9 17 16 36 44 5 57 8 40 35 41 14 13 33 6 26 50 18 15 0 47 7 19 29 38 27 12 52 59 11 24 32 10 2 30 21 4
8322375311572142299 9216
42 32 11 47 34 57 55 7 22 20 58 51 5 28 56 26 44 27 43 30 48 45 39 15 41 31 9 18 17 54 46 38 14 13 53 2 4 59 23 50 35 52 19 49 0 24 8 16 40 6 10 21 1 29 25 3 12 33 36 37
58 54 55 26 6 13 11 46 28 36 4 9 21 33 31 27 23 56 49 44 41 51 45 57 30 12 39 43 17 37 0 25 35 34 38 48 52 29 8 22 14 19 24 15 18 47 32 7 59 40 42 16 50 2 3 53 5 20 10 1
42 32 11 47 34 57 55 7 22 20 58 51 5 28 56 26 44 27 43 30 48 45 39 15 41 31 9 18 17 54 46 38 14 13 53 2 4 59 23 50 35 52 19 49 0 24 8 16 40 6 10 21 1 29 25 3 12 33 36 37
58 54 55 26 6 13 11 46 28 36 4 9 21 33 31 27 23 56 49 44 41 51 45 57 30 12 39 43 17 37 0 25 35 34 38 48 52 29 8 22 14 19 24 15 18 47 32 7 59 40 42 16 50 2 3 53 5 20 10 1
8301361221667899104 9216
38 46 26 35 44 59 55 31 22 45 42 53 56 50 24 41 21 28 13 34 29 2 17 58 52 8 15 51 19 18 9 39 49 32 37 48 54 6 7 27 4 12 33 57 36 23 25 5 20 14 47 1 11 0 16 43 30 10 3 40
34 13 55 48 58 28 14 46 44 20 18 8 29 32 30 25 41 17 49 6 5 7 24 53 50 43 36 15 45 54 35 57 22 37 31 39 10 51 11 4 26 47 40 0 23 27 12 38 3 9 52 16 59 56 21 1 2 33 19 42
38 46 26 35 44 59 36 31 22 45 42 53 56 50 24 41 21 28 13 34 29 2 17 58 52 8 15 51 19 18 9 39 49 32 37 48 54 6 7 27 4 12 33 57 55 23 25 5 20 14 47 1 11 0 16 43 30 10 3 40
34 13 55 48 58 28 14 46 44 20 18 8 29 32 30 25 41 17 49 6 5 7 24 53 50 43 36 15 45 54 35 57 22 37 31 39 10 51 11 4 26 47 40 0 23 27 12 38 3 9 52 16 59 56 21 1 2 33 19 42
7023472515339175688 9216
46 38 0 33 59 45 55 22 53 30 17 50 52 54 27 36 39 41 21 29 14 32 9 10 43 1 4 40 49 19 6 47 11 44 7 37 31 58 3 57 35 26 25 24 51 8 2 42 18 13 12 56 28 34 16 5 48 23 20 15
16 43 54 18 20 1 56 58 38 36 8 57 49 34 12 26 47 29 37 55 46 45 59 31 51 48 35 14 15 22 2 52 53 50 42 7 24 25 33 9 30 4 40 39 0 23 32 5 44 27 6 11 41 3 10 17 19 21 13 28
44 38 0 33 59 45 55 22 53 30 17 50 52 54 27 36 39 41 21 29 14 32 9 10 43 1 4 40 49 19 6 47 11 46 7 37 31 58 3 57 35 26 25 24 51 8 2 48 18 13 12 56 28 34 16 5 42 23 20 15
16 43 54 18 20 1 50 58 38 39 8 57 49 34 12 26 47 29 37 55 46 40 2 31 51 48 35 14 15 22 59 52 53 13 42 7 24 25 33 9 30 4 45 36 0 23 32 5 44 27 6 11 41 3 10 17 19 21 56 28
10447303969619669295 9216
36 1 25 31 59 21 28 4 47 37 55 46 57 26 56 38 43 41 30 22 14 16 6 39 53 54 45 3 23 50 13 51 19 20 44 58 5 34 9 32 49 18 33 35 8 15 2 52 27 40 24 11 42 7 17 0 12 48 10 29
8 54 51 36 15 26 43 31 20 32 48 53 47 9 45 27 33 19 44 38 58 30 41 55 10 2 29 49 56 25 59 3 11 13 4 35 21 1 39 57 14 42 17 40 34 46 52 7 5 37 16 24 18 50 6 12 22 23 28 0
36 1 25 53 59 21 28 4 45 37 55 46 57 26 56 38 43 41 30 22 14 16 6 39 31 54 47 3 23 50 13 51 19 20 52 58 5 34 9 32 49 18 33 35 7 15 2 44 27 40 24 11 42 8 17 0 12 48 10 29
8 54 51 34 15 50 43 31 20 32 48 52 47 9 45 19 33 27 44 38 58 30 41 55 10 37 29 49 56 25 59 3 11 35 4 2 21 1 39 57 14 42 17 40 36 46 53 7 5 13 16 24 18 26 6 12 22 23 28 0
16607500793912347394 9216
58 43 59 56 32 53 40 0 55 30 51 39 27 11 46 45 38 37 49 23 17 52 3 28 26 42 9 16 4 47 10 57 48 8 14 54 33 24 36 18 6 31 7 50 5 20 34 22 19 35 12 2 1 15 21 41 25 13 29 44
36 18 43 50 25 24 32 54 31 45 8 37 20 51 57 29 47 26 3 49 56 46 58 34 14 39 48 30 55 5 44 16 17 42 23 2 6 9 59 22 28 12 11 10 1 33 7 38 35 0 15 21 40 41 13 52 27 4 53 19
58 43 59 56 32 53 40 0 55 30 51 39 27 11 46 45 38 37 49 23 17 52 3 28 26 42 9 16 4 47 10 57 48 8 14 54 33 24 36 18 6 31 7 50 5 20 34 22 19 35 12 2 1 15 21 41 25 13 29 44
36 18 43 50 25 24 32 54 31 45 8 37 20 51 57 29 47 26 3 49 56 46 58 34 14 39 48 30 55 5 44 16 17 42 23 2 6 9 59 22 28 12 11 10 1 33 7 38 35 0 15 21 40 41 13 52 27 4 53 19
1339205394001102369 9216
55 41 33 6 21 40 46 20 49 52 51 50 15 25 57 35 36 58 32 29 4 54 17 24 45 38 3 44 2 48 13 19 5 43 53 39 34 56 12 59 22 23 27 31 30 8 16 18 26 14 1 28 0 11 47 7 10 9 37 42
42 44 37 51 26 38 14 54 31 25 52 53 29 58 39 0 10 22 5 36 56 20 2 13 9 11 59 33 47 3 55 24 40 18 15 4 16 27 50 1 49 6 17 34 7 48 23 32 46 41 21 57 28 45 19 12 43 30 8 35
55 41 33 6 21 40 46 20 49 52 51 50 15 25 57 27 36 58 32 29 4 54 17 24 45 38 3 44 2 48 13 19 5 43 53 39 34 56 12 59 22 23 35 31 30 8 16 18 26 14 1 28 0 11 47 7 10 9 37 42
42 44 37 51 26 38 14 47 31 25 52 53 29 58 39 0 10 22 5 36 56 20 2 13 9 11 59 33 54 3 55 24 40 18 15 4 16 27 50 1 49 6 17 34 7 48 23 32 46 41 21 57 28 45 19 12 43 30 8 35
11327100506834989819 9216
49 44 38 10 29 34 54 51 25 31 53 46 48 40 57 45 35 43 22 20 19 32 23 13 4 59 37 42 55 17 8 2 41 52 39 14 7 56 0 26 1 50 47 27 33 5 30 6 36 11 16 58 18 28 24 9 15 21 3 12
17 54 22 46 40 43 32 38 39 44 45 36 58 25 3 24 51 34 52 6 14 37 57 55 35 42 4 19 1 47 15 59 56 10 12 2 29 9 53 18 48 7 16 33 0 50 41 31 27 26 49 23 28 8 11 20 21 13 5 30
49 44 38 10 29 34 54 51 25 31 53 46 48 40 57 45 35 43 22 20 19 32 23 13 4 59 37 42 55 17 8 2 41 52 39 14 7 56 0 26 1 50 47 27 33 5 30 6 36 11 16 58 18 28 24 9 15 21 3 12
17 54 22 46 40 43 32 38 39 44 45 36 58 25 3 24 51 34 52 6 14 37 57 55 35 42 4 19 1 47 15 59 56 10 12 2 29 9 53 18 48 7 16 33 0 50 41 31 27 26 49 23 28 8 11 20 21 13 5 30
16976195314618097829 9216
57 24 34 54 42 33 55 41 25 16 38 47 49 48 27 58 29 18 0 31 43 17 40 46 14 5 45 4 7 53 8 13 50 19 37 36 10 9 35 52 51 15 1 6 22 21 11 59 2 56 32 44 39 26 12 23 3 20 30 28
55 43 53 28 58 57 36 21 1 51 8 30 46 23 39 42 26 34 48 3 18 47 5 22 10 45 2 31 20 15 0 6 35 17 27 49 24 29 4 7 13 52 56 41 9 50 32 25 59 19 12 11 33 16 44 40 54 14 37 38
57 24 34 54 42 33 55 41 25 16 38 47 49 48 27 58 29 18 0 31 43 17 40 46 14 5 45 4 7 53 8 13 50 19 37 28 10 9 35 52 51 15 1 6 22 21 11 59 2 56 32 44 39 26 12 23 3 20 30 36
55 43 53 28 58 57 36 21 1 51 8 30 46 23 39 42 26 34 48 3 18 47 5 22 10 45 2 31 20 15 0 6 35 17 27 49 24 29 4 7 13 52 56 41 9 50 44 25 59 19 12 11 33 16 32 40 54 14 37 38
4412036698395588853 9216
49 52 59 25 26 35 31 2 48 21 40 29 56 50 51 58 55 44 23 42 11 43 19 47 7 54 38 6 53 41 17 57 36 4 0 34 32 8 22 15 9 5 18 1 46 14 27 16 3 24 28 39 10 37 45 20 33 12 13 30
45 13 29 11 9 41 37 50 25 55 3 53 4 39 31 19 20 59 42 57 48 17 43 49 51 15 54 28 34 6 58 10 5 40 38 44 26 52 18 27 14 7 36 46 23 22 8 30 32 35 16 24 56 33 2 47 12 21 1 0
49 52 59 25 26 35 31 2 48 21 38 29 56 50 51 58 55 44 23 42 11 43 19 47 7 54 40 6 53 41 17 57 36 4 0 34 32 8 22 15 9 5 18 1 46 14 27 16 3 24 28 39 10 37 45 20 33 12 13 30
45 13 29 11 9 41 37 50 25 55 59 53 4 39 31 19 20 3 42 57 48 17 43 49 51 15 54 28 34 6 58 10 5 40 38 44 26 52 18 27 14 7 36 46 23 22 8 30 32 35 16 24 56 33 2 47 12 21 1 0
3925635576912429016 9216
37 41 56 22 35 58 24 36 3 46 27 51 38 29 17 40 43 42 26 32 48 8 34 47 13 7 53 12 55 54 21 14 52 11 45 6 5 1 19 18 10 30 39 33 49 57 4 15 9 44 20 50 59 23 16 25 28 0 31 2
15 7 34 59 42 28 50 26 35 5 46 6 22 53 52 27 32 19 4 39 14 48 16 47 58 33 21 1 56 23 18 45 41 36 13 30 8 57 10 44 37 55 24 3 2 11 49 51 20 9 31 40 29 38 25 17 54 12 0 43
37 40 56 27 35 50 25 36 3 34 22 51 38 32 20 39 43 46 26 29 48 8 58 47 13 41 53 12 55 54 42 14 52 7 6 45 5 1 19 18 10 30 11 33 49 57 4 15 9 44 17 24 59 23 16 21 28 2 31 0
15 7 34 59 40 38 50 26 43 14 46 29 22 53 52 27 32 19 4 39 5 33 16 47 58 36 21 1 56 23 18 45 41 48 13 24 8 57 10 12 37 49 42 0 2 11 55 51 20 9 31 44 3 28 25 17 54 30 6 35
11734767944622261324 9216
3 58 32 12 25 45 50 55 27 42 54 40 49 29 9 24 21 51 43 38 35 59 39 13 52 18 36 16 30 4 57 6 47 15 17 37 26 19 14 8 7 23 48 56 10 53 22 1 5 28 11 46 41 20 31 34 2 33 44 0
54 45 33 59 46 15 37 22 47 28 35 23 26 52 38 34 13 42 32 4 16 11 48 50 41 29 58 14 18 55 39 44 8 56 36 12 7 24 9 51 30 6 27 0 53 1 3 20 17 5 21 25 19 40 2 57 31 49 10 43
3 58 32 12 25 45 50 55 27 42 54 40 49 29 9 24 21 51 43 38 35 59 39 13 52 18 36 16 30 4 57 6 47 15 17 37 26 19 14 8 7 23 48 56 10 53 22 1 5 28 11 46 41 20 31 34 2 33 44 0
54 45 33 59 46 15 37 22 47 28 35 23 26 52 38 34 13 42 32 4 16 11 48 50 41 29 58 14 18 55 39 44 8 56 36 12 7 24 9 51 30 6 27 3 53 1 0 20 17 5 21 25 19 40 2 57 31 49 10 43
