FACTOR_PERMUTATION_V1 12 16 1024 1 0
10 0 1 1 1 1 1 1 1 1 1 1 0 0 2 2 2 2 2 2 2 2 2 2 0 1 1 2 2 2 2 2 2 2 2 2
0 10 1 1 1 1 1 1 1 1 1 1 0 0 2 2 2 2 2 2 2 2 2 2 1 0 2 2 1 2 2 2 2 2 2 2
1 1 10 0 1 1 1 1 1 1 1 1 2 2 0 0 2 2 2 2 2 2 2 2 1 2 0 1 2 2 2 2 2 2 2 2
1 1 0 10 1 1 1 1 1 1 1 1 2 2 0 0 2 2 2 2 2 2 2 2 2 2 1 0 2 2 1 2 2 2 2 2
1 1 1 1 10 0 1 1 1 1 1 1 2 2 2 2 0 0 2 2 2 2 2 2 2 1 2 2 0 1 2 2 2 2 2 2
1 1 1 1 0 10 1 1 1 1 1 1 2 2 2 2 0 0 2 2 2 2 2 2 2 2 2 2 1 0 2 2 1 2 2 2
1 1 1 1 1 1 10 0 1 1 1 1 2 2 2 2 2 2 0 0 2 2 2 2 2 2 2 1 2 2 0 1 2 2 2 2
1 1 1 1 1 1 0 10 1 1 1 1 2 2 2 2 2 2 0 0 2 2 2 2 2 2 2 2 2 2 1 0 2 1 2 2
1 1 1 1 1 1 1 1 10 0 1 1 2 2 2 2 2 2 2 2 0 1 1 2 2 2 2 2 2 1 2 2 0 1 2 2
1 1 1 1 1 1 1 1 0 10 1 1 2 2 2 2 2 2 2 2 1 0 2 1 2 2 2 2 2 2 2 1 1 0 2 2
1 1 1 1 1 1 1 1 1 1 10 0 2 2 2 2 2 2 2 2 1 2 0 1 2 2 2 2 2 2 2 2 2 2 0 0
1 1 1 1 1 1 1 1 1 1 0 10 2 2 2 2 2 2 2 2 2 1 1 0 2 2 2 2 2 2 2 2 2 2 0 0
0 0 2 2 2 2 2 2 2 2 2 2 10 0 1 1 1 1 1 1 1 1 1 1 0 1 1 2 2 2 2 2 2 2 2 2
0 0 2 2 2 2 2 2 2 2 2 2 0 10 1 1 1 1 1 1 1 1 1 1 1 0 2 2 1 2 2 2 2 2 2 2
2 2 0 0 2 2 2 2 2 2 2 2 1 1 10 0 1 1 1 1 1 1 1 1 1 2 0 1 2 2 2 2 2 2 2 2
2 2 0 0 2 2 2 2 2 2 2 2 1 1 0 10 1 1 1 1 1 1 1 1 2 2 1 0 2 2 1 2 2 2 2 2
2 2 2 2 0 0 2 2 2 2 2 2 1 1 1 1 10 0 1 1 1 1 1 1 2 1 2 2 0 1 2 2 2 2 2 2
2 2 2 2 0 0 2 2 2 2 2 2 1 1 1 1 0 10 1 1 1 1 1 1 2 2 2 2 1 0 2 2 1 2 2 2
2 2 2 2 2 2 0 0 2 2 2 2 1 1 1 1 1 1 10 0 1 1 1 1 2 2 2 1 2 2 0 1 2 2 2 2
2 2 2 2 2 2 0 0 2 2 2 2 1 1 1 1 1 1 0 10 1 1 1 1 2 2 2 2 2 2 1 0 2 1 2 2
2 2 2 2 2 2 2 2 0 1 1 2 1 1 1 1 1 1 1 1 10 1 0 1 2 2 2 2 2 1 2 2 0 2 1 2
2 2 2 2 2 2 2 2 1 0 2 1 1 1 1 1 1 1 1 1 1 10 1 0 2 2 2 2 2 2 2 1 2 0 2 1
2 2 2 2 2 2 2 2 1 2 0 1 1 1 1 1 1 1 1 1 0 1 10 1 2 2 2 2 2 2 2 2 1 2 0 1
2 2 2 2 2 2 2 2 2 1 1 0 1 1 1 1 1 1 1 1 1 0 1 10 2 2 2 2 2 2 2 2 2 1 1 0
0 1 1 2 2 2 2 2 2 2 2 2 0 1 1 2 2 2 2 2 2 2 2 2 10 1 0 1 1 1 1 1 1 1 1 1
1 0 2 2 1 2 2 2 2 2 2 2 1 0 2 2 1 2 2 2 2 2 2 2 1 10 1 1 0 1 1 1 1 1 1 1
1 2 0 1 2 2 2 2 2 2 2 2 1 2 0 1 2 2 2 2 2 2 2 2 0 1 10 1 1 1 1 1 1 1 1 1
2 2 1 0 2 2 1 2 2 2 2 2 2 2 1 0 2 2 1 2 2 2 2 2 1 1 1 10 1 1 0 1 1 1 1 1
2 1 2 2 0 1 2 2 2 2 2 2 2 1 2 2 0 1 2 2 2 2 2 2 1 0 1 1 10 1 1 1 1 1 1 1
2 2 2 2 1 0 2 2 1 2 2 2 2 2 2 2 1 0 2 2 1 2 2 2 1 1 1 1 1 10 1 1 0 1 1 1
2 2 2 1 2 2 0 1 2 2 2 2 2 2 2 1 2 2 0 1 2 2 2 2 1 1 1 0 1 1 10 1 1 1 1 1
2 2 2 2 2 2 1 0 2 1 2 2 2 2 2 2 2 2 1 0 2 1 2 2 1 1 1 1 1 1 1 10 1 0 1 1
2 2 2 2 2 1 2 2 0 1 2 2 2 2 2 2 2 1 2 2 0 2 1 2 1 1 1 1 1 0 1 1 10 1 1 1
2 2 2 2 2 2 2 1 1 0 2 2 2 2 2 2 2 2 2 1 2 0 2 1 1 1 1 1 1 1 1 0 1 10 1 1
2 2 2 2 2 2 2 2 2 2 0 0 2 2 2 2 2 2 2 2 1 2 0 1 1 1 1 1 1 1 1 1 1 1 10 0
2 2 2 2 2 2 2 2 2 2 0 0 2 2 2 2 2 2 2 2 2 1 1 0 1 1 1 1 1 1 1 1 1 1 0 10
0 2
0 3
0 4
0 5
0 6
0 7
0 8
0 9
0 10
0 11
1 2
1 3
1 4
1 5
1 6
1 7
1 8
1 9
1 10
1 11
2 4
2 5
2 6
2 7
2 8
2 9
2 10
2 11
3 4
3 5
3 6
3 7
3 8
3 9
3 10
3 11
4 6
4 7
4 8
4 9
4 10
4 11
5 6
5 7
5 8
5 9
5 10
5 11
6 8
6 9
6 10
6 11
7 8
7 9
7 10
7 11
8 10
8 11
9 10
9 11
0 2
0 3
0 4
0 5
0 6
0 7
0 8
0 9
0 10
0 11
1 2
1 3
1 4
1 5
1 6
1 7
1 8
1 9
1 10
1 11
2 4
2 5
2 6
2 7
2 8
2 9
2 10
2 11
3 4
3 5
3 6
3 7
3 8
3 9
3 10
3 11
4 6
4 7
4 8
4 9
4 10
4 11
5 6
5 7
5 8
5 9
5 10
5 11
6 8
6 9
6 10
6 11
7 8
7 9
7 10
7 11
8 9
8 11
9 10
10 11
0 1
0 3
0 4
0 5
0 6
0 7
0 8
0 9
0 10
0 11
1 2
1 3
1 5
1 6
1 7
1 8
1 9
1 10
1 11
2 3
2 4
2 5
2 6
2 7
2 8
2 9
2 10
2 11
3 4
3 5
3 7
3 8
3 9
3 10
3 11
4 5
4 6
4 7
4 8
4 9
4 10
4 11
5 6
5 7
5 9
5 10
5 11
6 7
6 8
6 9
6 10
6 11
7 8
7 10
7 11
8 9
8 10
8 11
9 10
9 11
15206445859756629308 18432
59 50 49 27 44 5 28 23 45 36 42 56 35 53 58 32 55 20 10 21 18 8 39 13 43 38 52 30 54 48 9 17 3 14 40 2 0 6 22 31 33 16 34 57 19 1 25 37 51 12 29 24 26 46 41 11 15 7 4 47
42 40 24 49 54 35 52 17 29 59 32 14 56 26 21 4 28 46 55 6 11 53 8 27 43 36 15 37 7 18 57 38 58 3 5 22 30 44 50 9 47 25 16 1 23 41 2 31 0 33 39 20 34 48 10 45 51 13 19 12
59 50 49 27 44 5 28 23 45 30 42 56 35 53 58 32 55 20 10 43 18 8 39 13 33 38 52 51 54 48 9 17 3 14 47 2 0 6 22 31 40 16 34 57 19 1 25 37 36 12 29 24 26 46 41 11 15 7 4 21
42 40 24 49 54 35 52 17 29 32 59 14 56 26 21 4 28 46 55 6 11 53 8 27 43 36 15 37 7 18 57 38 58 3 5 22 30 44 50 9 47 25 16 1 23 41 2 31 0 33 39 20 34 48 10 45 51 13 19 12
18222477201560462295 18432
45 14 51 0 35 28 20 54 43 57 12 47 27 58 1 31 42 26 52 38 56 29 44 40 9 55 49 8 50 48 17 24 37 2 39 15 18 5 23 3 34 33 10 59 19 32 4 53 46 25 41 6 7 16 13 21 22 30 11 36
47 44 52 58 40 9 34 35 19 13 50 7 22 11 15 46 27 42 39 30 41 55 54 25 29 6 12 36 48 8 20 18 45 37 24 31 59 26 14 33 5 3 43 28 23 10 57 4 0 56 32 21 49 1 17 38 2 53 51 16
45 14 51 24 35 28 20 54 43 57 12 47 27 58 1 31 42 26 52 38 56 29 44 40 9 55 49 8 50 48 17 0 37 2 39 15 18 5 23 3 34 33 10 59 19 32 4 53 46 25 41 6 7 16 13 21 22 30 11 36
47 44 52 58 40 9 34 35 19 13 50 7 22 11 15 46 27 42 39 30 41 55 54 25 29 6 12 36 48 8 20 18 45 37 24 31 59 26 14 33 5 3 43 28 23 10 57 4 0 56 32 21 49 1 17 38 2 53 51 16
16018883768313316921 18432
57 40 49 53 29 47 46 27 2 23 41 54 22 26 59 44 33 42 39 52 5 32 58 25 4 43 13 50 19 51 17 38 6 37 30 45 35 10 15 34 48 56 24 8 14 7 55 11 12 3 20 36 31 18 1 9 0 21 16 28
39 30 57 8 58 33 10 47 42 38 4 16 45 54 35 28 41 31 25 22 34 59 48 17 20 46 14 7 6 44 3 27 50 56 37 36 23 49 32 13 0 43 11 2 51 26 19 24 53 9 55 18 12 21 52 15 29 5 40 1
57 40 49 53 29 47 46 27 2 23 41 54 22 26 35 44 33 42 39 52 5 32 58 25 4 43 13 50 19 51 17 38 6 37 30 45 59 10 15 34 48 56 24 8 14 7 55 11 12 3 20 36 31 18 1 9 0 21 16 28
39 30 57 8 58 33 10 47 42 38 4 16 45 54 35 28 41 31 25 22 34 59 48 17 20 46 14 7 6 44 3 27 50 56 37 36 23 49 32 13 0 43 11 2 51 26 19 24 53 9 55 18 12 21 52 15 29 5 40 1
17880871665738662611 18432
54 19 49 42 27 32 40 52 33 37 58 50 30 24 59 41 43 28 44 16 13 7 29 9 3 36 22 57 8 15 38 31 51 2 48 45 6 18 11 55 25 23 20 56 35 26 5 34 53 46 17 14 0 10 47 39 12 4 1 21
16 52 33 27 58 35 51 22 2 31 43 41 55 53 19 42 26 56 4 32 50 48 54 6 59 8 12 36 44 46 5 17 0 30 25 15 18 23 1 20 47 57 39 34 14 13 28 7 3 38 24 45 40 9 11 10 49 37 21 29
54 19 49 42 27 32 40 52 33 37 58 50 30 24 59 41 43 28 44 16 13 7 29 9 3 36 22 57 8 15 38 31 51 2 48 45 6 18 11 55 25 23 20 56 35 26 5 34 53 46 17 14 0 10 47 39 12 4 1 21
16 52 33 27 58 35 51 22 2 31 43 41 55 53 19 42 26 56 4 32 50 48 54 6 59 8 12 36 44 46 5 17 0 30 25 15 18 23 1 20 47 57 39 34 14 13 28 7 3 38 24 45 40 9 11 10 49 37 21 29
11403657186336068983 18432
27 37 50 21 32 17 53 54 28 48 51 46 24 55 0 33 45 30 40 41 58 56 18 52 4 2 13 43 15 10 7 36 57 44 49 59 39 47 9 1 23 11 35 8 34 14 6 5 12 26 3 42 29 25 19 38 22 20 31 16
41 44 34 50 39 45 48 28 52 10 56 25 49 17 31 46 37 3 24 4 14 1 42 9 58 18 36 29 5 57 8 40 13 54 15 35 33 6 21 51 16 55 23 47 7 19 43 38 27 12 0 59 11 20 32 22 2 30 26 53
27 37 50 21 32 17 53 54 28 48 51 46 24 55 0 33 45 30 40 41 58 56 18 52 4 2 13 43 15 10 7 36 57 44 49 59 39 47 9 1 23 11 35 8 34 14 6 5 12 26 29 42 3 25 19 38 22 20 31 16
37 44 34 50 39 45 48 28 52 10 56 25 49 17 31 46 41 3 24 4 14 1 42 9 58 16 36 29 5 57 8 40 13 54 15 35 33 6 21 51 18 55 23 47 7 19 43 38 27 12 0 59 11 20 32 22 2 30 26 53
15768160557545738277 18432
42 32 11 26 34 56 55 5 22 41 58 51 7 28 57 20 44 27 43 30 48 45 39 15 47 31 9 18 17 54 46 38 14 13 53 2 4 59 23 50 35 52 19 49 0 24 8 16 40 6 10 21 1 29 25 3 12 33 36 37
58 9 55 37 52 28 13 46 19 36 4 54 30 33 21 57 23 56 49 44 41 51 45 27 31 12 39 43 17 26 0 25 35 34 38 48 6 29 8 22 14 11 24 15 18 47 32 7 59 40 42 16 50 2 3 53 5 20 10 1
42 32 11 26 34 56 55 5 22 41 58 51 7 28 57 20 44 27 43 30 48 45 39 15 47 31 9 18 17 54 46 38 14 13 53 2 4 59 23 50 35 52 19 49 0 24 8 16 40 6 10 21 1 29 25 3 12 33 36 37
58 9 55 37 52 28 13 46 19 36 4 54 30 33 21 57 23 56 49 44 41 51 45 27 31 12 39 43 17 26 0 25 35 34 38 48 6 29 8 22 14 11 24 15 18 47 32 7 59 40 42 16 50 2 3 53 5 20 10 1
12261483503187219835 18432
38 46 26 35 44 58 55 31 22 45 42 53 56 24 59 41 21 28 7 30 49 2 17 50 52 8 15 27 19 18 9 39 3 32 37 48 54 6 4 51 16 12 33 57 36 23 25 5 20 14 13 1 11 0 29 43 34 10 47 40
34 13 55 48 58 28 14 46 44 20 51 8 29 54 30 25 41 50 49 6 53 32 24 12 36 43 40 15 45 7 35 57 23 37 38 16 27 18 31 2 22 47 17 4 26 10 5 42 3 9 52 39 59 56 21 1 0 33 11 19
38 46 26 35 44 58 55 31 22 45 42 53 56 24 59 41 21 28 25 30 49 2 17 50 15 8 52 27 19 18 9 39 3 32 37 48 54 6 4 51 16 12 33 57 36 23 7 5 20 14 13 1 11 0 29 43 34 10 47 40
34 13 55 48 58 28 14 46 44 20 51 8 29 54 30 25 41 50 49 6 53 32 24 12 36 43 40 15 45 7 35 57 23 37 38 16 27 18 31 2 22 47 17 4 26 10 5 42 3 9 52 39 59 56 21 1 0 33 11 19
14009958221892605671 18432
46 38 0 32 59 45 55 22 53 30 33 50 52 54 27 41 39 36 21 29 14 17 2 9 44 5 24 40 49 19 6 47 18 43 7 37 31 58 3 57 35 26 25 10 51 8 4 48 11 13 12 56 20 34 16 1 42 23 28 15
16 29 54 18 36 1 56 58 42 35 2 57 49 34 12 26 47 19 5 55 45 43 44 31 51 38 39 52 15 22 8 37 14 17 46 7 24 25 33 9 30 4 40 48 0 23 32 53 59 27 6 11 41 3 10 13 20 21 50 28
46 38 0 32 59 45 55 22 53 30 33 50 52 54 27 41 39 36 21 29 14 17 2 9 44 5 24 40 49 19 6 47 18 43 7 37 31 58 3 57 35 26 25 10 51 8 4 48 11 13 12 56 20 34 16 1 42 23 28 15
16 29 54 18 36 1 56 58 42 35 2 57 49 34 12 26 47 19 5 55 43 45 44 31 51 38 39 52 15 22 8 37 14 17 46 7 24 25 33 9 30 4 40 48 0 23 32 53 59 27 6 11 41 3 10 13 20 21 50 28
12572789902499160059 18432
36 46 25 33 59 24 28 4 55 37 47 1 57 26 56 38 43 41 30 22 14 16 6 40 53 54 7 3 23 48 13 51 9 12 52 58 5 34 42 32 49 18 27 29 15 8 2 44 35 39 21 11 19 45 17 0 20 50 10 31
8 54 49 36 15 34 43 31 20 32 48 59 47 9 45 10 53 19 44 38 58 30 41 55 18 35 29 13 56 25 33 3 39 46 4 23 21 1 27 57 14 42 17 40 11 50 52 7 5 2 16 24 51 26 6 12 22 28 37 0
36 46 25 33 59 24 28 4 55 37 47 1 57 26 56 38 43 41 30 22 14 16 6 40 53 54 7 3 23 48 13 51 9 12 52 58 5 34 42 32 49 18 27 29 15 8 2 44 35 39 21 11 19 45 17 0 20 50 10 31
8 54 49 36 15 34 43 31 20 32 48 59 47 9 45 10 53 19 44 38 58 30 41 55 18 35 29 13 56 25 33 3 39 46 4 23 21 1 27 57 14 42 17 40 11 50 52 7 5 2 16 24 51 26 6 12 22 28 37 0
6742500279537591555 18432
54 43 59 56 32 45 36 20 55 30 51 58 27 11 46 39 38 37 49 23 17 52 3 28 26 42 41 16 4 47 10 57 14 8 48 53 40 24 33 15 6 31 7 50 5 0 34 22 19 35 12 2 9 18 21 1 25 13 29 44
36 18 43 50 20 24 32 54 31 45 9 37 33 25 57 29 47 26 3 49 22 46 58 41 14 39 48 30 55 5 44 16 17 42 27 2 8 6 59 56 28 12 11 10 1 51 7 38 35 0 15 23 40 34 13 52 21 4 53 19
54 43 59 56 32 45 36 20 55 30 51 58 27 11 46 39 38 37 49 23 17 52 3 28 26 42 41 16 4 47 10 57 14 8 48 53 40 24 33 15 6 31 7 50 5 0 34 22 19 35 12 2 9 18 21 1 25 13 29 44
20 18 43 50 36 24 32 54 31 45 9 37 33 25 57 29 47 26 3 49 56 46 58 41 14 39 48 30 55 5 44 16 17 42 27 2 8 6 59 22 28 12 11 10 1 51 7 38 35 0 15 23 40 34 13 52 21 4 53 19
2055092774155373309 18432
55 35 33 6 21 41 46 20 49 52 9 40 15 25 57 50 36 58 32 29 4 54 17 24 45 38 14 44 51 48 12 13 5 43 53 39 34 56 19 8 42 23 27 31 30 59 10 18 26 3 1 28 0 11 47 7 16 2 37 22
42 44 37 51 33 38 14 54 31 25 52 45 29 58 28 7 10 22 5 36 56 20 43 13 9 11 59 53 23 3 55 24 41 18 15 4 16 27 50 1 49 6 0 34 26 48 47 32 46 40 21 57 39 17 19 12 2 30 8 35
55 35 33 6 21 41 46 20 49 52 51 40 15 25 57 50 36 58 32 29 4 54 17 24 45 38 3 44 9 48 12 13 5 43 53 39 34 56 19 8 42 23 27 31 30 59 10 18 26 14 1 28 0 11 47 7 16 2 37 22
42 44 37 51 33 38 14 54 31 25 52 45 29 58 28 7 10 22 5 36 56 20 43 13 9 11 59 53 23 3 55 24 40 18 15 4 16 27 50 1 49 6 0 34 26 48 47 32 46 41 21 57 39 17 19 12 2 30 8 35
10312761973351454674 18432
39 44 38 10 47 34 54 51 25 31 53 46 48 59 24 45 35 43 22 20 19 32 23 13 4 40 37 42 55 17 8 2 41 52 49 14 7 56 0 26 1 50 29 27 33 5 30 6 36 11 16 58 18 28 57 9 15 21 3 12
17 54 22 46 33 43 1 38 39 44 56 20 58 25 3 24 51 34 30 52 14 37 41 55 12 42 32 4 6 47 15 59 2 10 35 45 29 9 53 18 48 7 16 26 0 50 57 19 27 40 49 23 28 8 11 36 21 13 5 31
39 44 38 10 47 34 54 51 25 31 53 46 48 59 24 45 35 43 22 20 19 32 23 13 4 40 37 42 55 17 8 2 41 52 49 14 7 56 0 26 1 50 29 27 33 5 30 6 36 11 16 58 18 28 57 9 15 21 3 12
17 54 22 46 33 43 1 38 39 44 56 20 58 25 3 24 51 34 30 52 14 37 41 55 12 42 32 4 6 47 15 59 2 10 35 45 29 9 53 18 48 7 16 26 0 50 57 19 27 40 49 23 28 8 11 36 21 13 5 31
2257189184443133966 18432
46 24 34 54 42 33 55 41 25 16 39 47 4 48 27 26 35 18 37 31 23 17 40 43 14 5 57 49 56 53 58 19 50 13 28 2 15 9 45 52 51 10 1 6 22 21 12 59 20 32 7 44 38 8 11 29 3 0 30 36
55 43 53 28 58 57 36 21 1 51 17 54 27 23 39 42 32 34 24 3 59 47 5 18 40 45 48 29 26 15 35 8 16 6 13 49 19 31 4 7 12 52 56 41 9 50 25 0 46 11 2 10 33 22 44 20 30 14 37 38
46 24 34 54 42 33 55 41 25 16 39 47 4 48 27 26 35 18 37 31 23 17 40 43 14 5 57 49 56 53 58 19 50 13 20 2 15 9 45 52 51 10 1 6 22 21 12 59 28 32 7 44 38 8 11 29 3 0 30 36
55 43 53 28 58 57 36 21 1 51 17 54 27 23 39 42 25 34 24 3 59 47 5 18 40 45 48 29 26 15 35 8 16 6 13 49 19 31 4 7 12 52 56 41 9 50 32 0 46 11 2 10 33 22 44 20 30 14 37 38
3845324228250616671 18432
49 52 59 25 26 35 31 28 48 46 40 21 56 50 51 58 55 29 23 42 11 43 19 44 7 54 38 6 53 36 18 57 41 4 14 34 32 0 22 12 9 5 17 1 47 8 27 16 3 24 2 39 10 37 45 20 33 15 13 30
45 59 29 11 9 41 38 50 25 47 44 53 4 39 31 19 20 18 42 57 55 17 43 49 51 15 54 28 34 6 36 0 5 40 10 14 26 52 13 27 48 7 8 46 22 23 58 30 32 35 12 24 56 33 2 16 37 21 1 3
49 52 59 25 26 35 31 28 48 46 40 21 56 50 51 58 55 29 23 42 11 43 19 44 7 54 38 6 53 41 18 57 36 4 14 34 32 0 22 12 9 5 17 1 47 8 27 16 3 24 2 39 10 37 45 20 33 15 13 30
45 59 29 11 9 41 38 50 25 47 44 53 4 39 31 19 20 18 42 57 55 17 43 49 51 15 54 28 34 6 36 0 5 40 10 14 26 52 13 27 48 7 8 46 22 23 58 30 32 35 12 24 56 33 2 16 37 21 1 3
7675437860549346682 18432
56 41 52 22 35 58 29 36 45 46 27 49 54 24 17 38 37 42 26 32 48 5 39 47 13 8 53 12 55 40 50 14 43 11 3 6 7 1 10 18 19 30 34 33 51 57 4 15 9 44 20 21 59 23 16 25 28 0 31 2
48 56 34 59 43 28 13 40 21 5 46 6 44 53 37 27 50 19 4 39 47 15 16 14 58 41 35 1 7 23 18 45 33 36 49 12 8 57 10 29 52 24 26 3 2 11 32 51 20 9 31 55 22 38 25 17 54 30 0 42
56 41 52 22 35 58 29 36 45 46 27 49 54 24 17 38 37 42 26 32 48 5 39 47 13 8 53 12 55 40 50 14 43 11 3 6 7 1 10 18 19 30 34 33 51 57 4 15 9 44 20 21 59 23 16 25 28 0 31 2
48 56 34 59 43 28 13 40 21 5 46 6 44 53 37 27 50 19 4 39 47 15 16 14 58 41 35 1 7 23 18 45 33 36 49 12 8 57 10 29 52 24 26 3 2 11 32 51 20 9 31 55 22 38 25 17 54 30 0 42
12122923776059633422 18432
3 56 32 12 25 34 50 55 27 42 51 40 49 30 39 24 21 35 43 38 37 59 9 45 52 18 36 16 29 4 57 6 47 15 17 54 26 19 14 8 7 0 48 58 10 53 23 1 5 28 11 46 41 20 31 13 2 33 44 22
54 15 33 59 38 45 35 22 14 28 8 23 26 52 46 34 49 39 32 4 16 11 48 50 41 29 55 47 18 58 37 44 3 56 36 57 7 24 9 51 30 43 27 0 53 1 42 20 17 5 21 25 19 40 2 6 31 13 10 12
3 56 32 12 25 34 50 55 27 42 51 40 49 30 39 24 21 35 43 38 37 59 9 45 52 18 36 16 29 4 57 6 47 15 17 54 26 19 14 8 7 23 48 58 10 53 0 1 5 28 11 46 41 20 31 13 2 33 44 22
54 15 33 59 38 50 35 22 14 28 8 23 26 52 46 34 49 39 32 4 16 11 48 45 41 29 55 47 18 58 37 44 3 56 36 57 7 24 9 51 30 43 27 0 53 1 42 20 17 5 21 25 19 40 2 6 31 13 10 12
