FACTOR_PERMUTATION_V1 12 16 1024 1 1
10 0 1 1 1 1 1 1 1 1 1 1 0 0 2 2 2 2 2 2 2 2 2 2 0 0 2 2 2 2 2 2 2 2 2 2
0 10 1 1 1 1 1 1 1 1 1 1 0 0 2 2 2 2 2 2 2 2 2 2 0 0 2 2 2 2 2 2 2 2 2 2
1 1 10 0 1 1 1 1 1 1 1 1 2 2 0 0 2 2 2 2 2 2 2 2 2 2 0 0 2 2 2 2 2 2 2 2
1 1 0 10 1 1 1 1 1 1 1 1 2 2 0 0 2 2 2 2 2 2 2 2 2 2 0 0 2 2 2 2 2 2 2 2
1 1 1 1 10 0 1 1 1 1 1 1 2 2 2 2 0 0 2 2 2 2 2 2 2 2 2 2 0 0 2 2 2 2 2 2
1 1 1 1 0 10 1 1 1 1 1 1 2 2 2 2 0 0 2 2 2 2 2 2 2 2 2 2 0 0 2 2 2 2 2 2
1 1 1 1 1 1 10 0 1 1 1 1 2 2 2 2 2 2 0 0 2 2 2 2 2 2 2 2 2 2 0 0 2 2 2 2
1 1 1 1 1 1 0 10 1 1 1 1 2 2 2 2 2 2 0 0 2 2 2 2 2 2 2 2 2 2 0 0 2 2 2 2
1 1 1 1 1 1 1 1 10 0 1 1 2 2 2 2 2 2 2 2 0 0 2 2 2 2 2 2 2 2 2 2 0 0 2 2
1 1 1 1 1 1 1 1 0 10 1 1 2 2 2 2 2 2 2 2 0 0 2 2 2 2 2 2 2 2 2 2 0 0 2 2
1 1 1 1 1 1 1 1 1 1 10 0 2 2 2 2 2 2 2 2 2 2 0 0 2 2 2 2 2 2 2 2 2 2 0 0
1 1 1 1 1 1 1 1 1 1 0 10 2 2 2 2 2 2 2 2 2 2 0 0 2 2 2 2 2 2 2 2 2 2 0 0
0 0 2 2 2 2 2 2 2 2 2 2 10 0 1 1 1 1 1 1 1 1 1 1 0 0 2 2 2 2 2 2 2 2 2 2
0 0 2 2 2 2 2 2 2 2 2 2 0 10 1 1 1 1 1 1 1 1 1 1 0 0 2 2 2 2 2 2 2 2 2 2
2 2 0 0 2 2 2 2 2 2 2 2 1 1 10 0 1 1 1 1 1 1 1 1 2 2 0 0 2 2 2 2 2 2 2 2
2 2 0 0 2 2 2 2 2 2 2 2 1 1 0 10 1 1 1 1 1 1 1 1 2 2 0 0 2 2 2 2 2 2 2 2
2 2 2 2 0 0 2 2 2 2 2 2 1 1 1 1 10 0 1 1 1 1 1 1 2 2 2 2 0 0 2 2 2 2 2 2
2 2 2 2 0 0 2 2 2 2 2 2 1 1 1 1 0 10 1 1 1 1 1 1 2 2 2 2 0 0 2 2 2 2 2 2
2 2 2 2 2 2 0 0 2 2 2 2 1 1 1 1 1 1 10 0 1 1 1 1 2 2 2 2 2 2 0 0 2 2 2 2
2 2 2 2 2 2 0 0 2 2 2 2 1 1 1 1 1 1 0 10 1 1 1 1 2 2 2 2 2 2 0 0 2 2 2 2
2 2 2 2 2 2 2 2 0 0 2 2 1 1 1 1 1 1 1 1 10 0 1 1 2 2 2 2 2 2 2 2 0 0 2 2
2 2 2 2 2 2 2 2 0 0 2 2 1 1 1 1 1 1 1 1 0 10 1 1 2 2 2 2 2 2 2 2 0 0 2 2
2 2 2 2 2 2 2 2 2 2 0 0 1 1 1 1 1 1 1 1 1 1 10 0 2 2 2 2 2 2 2 2 2 2 0 0
2 2 2 2 2 2 2 2 2 2 0 0 1 1 1 1 1 1 1 1 1 1 0 10 2 2 2 2 2 2 2 2 2 2 0 0
0 0 2 2 2 2 2 2 2 2 2 2 0 0 2 2 2 2 2 2 2 2 2 2 10 0 1 1 1 1 1 1 1 1 1 1
0 0 2 2 2 2 2 2 2 2 2 2 0 0 2 2 2 2 2 2 2 2 2 2 0 10 1 1 1 1 1 1 1 1 1 1
2 2 0 0 2 2 2 2 2 2 2 2 2 2 0 0 2 2 2 2 2 2 2 2 1 1 10 0 1 1 1 1 1 1 1 1
2 2 0 0 2 2 2 2 2 2 2 2 2 2 0 0 2 2 2 2 2 2 2 2 1 1 0 10 1 1 1 1 1 1 1 1
2 2 2 2 0 0 2 2 2 2 2 2 2 2 2 2 0 0 2 2 2 2 2 2 1 1 1 1 10 0 1 1 1 1 1 1
2 2 2 2 0 0 2 2 2 2 2 2 2 2 2 2 0 0 2 2 2 2 2 2 1 1 1 1 0 10 1 1 1 1 1 1
2 2 2 2 2 2 0 0 2 2 2 2 2 2 2 2 2 2 0 0 2 2 2 2 1 1 1 1 1 1 10 0 1 1 1 1
2 2 2 2 2 2 0 0 2 2 2 2 2 2 2 2 2 2 0 0 2 2 2 2 1 1 1 1 1 1 0 10 1 1 1 1
2 2 2 2 2 2 2 2 0 0 2 2 2 2 2 2 2 2 2 2 0 0 2 2 1 1 1 1 1 1 1 1 10 0 1 1
2 2 2 2 2 2 2 2 0 0 2 2 2 2 2 2 2 2 2 2 0 0 2 2 1 1 1 1 1 1 1 1 0 10 1 1
2 2 2 2 2 2 2 2 2 2 0 0 2 2 2 2 2 2 2 2 2 2 0 0 1 1 1 1 1 1 1 1 1 1 10 0
2 2 2 2 2 2 2 2 2 2 0 0 2 2 2 2 2 2 2 2 2 2 0 0 1 1 1 1 1 1 1 1 1 1 0 10
0 2
0 3
0 4
0 5
0 6
0 7
0 8
0 9
0 10
0 11
1 2
1 3
1 4
1 5
1 6
1 7
1 8
1 9
1 10
1 11
2 4
2 5
2 6
2 7
2 8
2 9
2 10
2 11
3 4
3 5
3 6
3 7
3 8
3 9
3 10
3 11
4 6
4 7
4 8
4 9
4 10
4 11
5 6
5 7
5 8
5 9
5 10
5 11
6 8
6 9
6 10
6 11
7 8
7 9
7 10
7 11
8 10
8 11
9 10
9 11
0 2
0 3
0 4
0 5
0 6
0 7
0 8
0 9
0 10
0 11
1 2
1 3
1 4
1 5
1 6
1 7
1 8
1 9
1 10
1 11
2 4
2 5
2 6
2 7
2 8
2 9
2 10
2 11
3 4
3 5
3 6
3 7
3 8
3 9
3 10
3 11
4 6
4 7
4 8
4 9
4 10
4 11
5 6
5 7
5 8
5 9
5 10
5 11
6 8
6 9
6 10
6 11
7 8
7 9
7 10
7 11
8 10
8 11
9 10
9 11
0 2
0 3
0 4
0 5
0 6
0 7
0 8
0 9
0 10
0 11
1 2
1 3
1 4
1 5
1 6
1 7
1 8
1 9
1 10
1 11
2 4
2 5
2 6
2 7
2 8
2 9
2 10
2 11
3 4
3 5
3 6
3 7
3 8
3 9
3 10
3 11
4 6
4 7
4 8
4 9
4 10
4 11
5 6
5 7
5 8
5 9
5 10
5 11
6 8
6 9
6 10
6 11
7 8
7 9
7 10
7 11
8 10
8 11
9 10
9 11
1435813299650833694 6144
29 38 22 54 41 24 35 30 53 36 56 31 33 21 39 40 14 50 2 44 5 19 45 51 20 8 49 16 18 48 55 17 4 9 42 25 26 59 46 12 52 27 6 57 58 23 11 7 1 13 34 32 43 28 0 3 47 15 10 37
48 54 9 29 33 40 36 15 45 24 43 39 55 56 57 10 34 20 22 28 26 53 18 44 41 49 12 4 52 51 27 59 46 37 7 42 1 30 25 35 16 17 32 0 8 14 11 23 47 50 2 13 19 6 58 31 5 38 21 3
29 38 22 54 41 24 35 30 53 36 56 31 33 21 39 40 14 50 2 44 5 19 45 51 20 8 49 16 18 48 55 17 4 9 42 25 26 59 46 12 52 27 6 57 58 23 11 7 1 13 0 32 43 28 34 3 47 15 10 37
48 54 9 29 33 40 36 15 59 24 43 39 55 56 57 10 34 20 22 28 26 53 18 44 41 49 12 4 52 51 27 45 46 37 7 42 8 30 25 35 16 17 32 0 1 14 11 23 47 50 2 13 19 58 6 31 5 38 21 3
11539117781296610289 6144
57 53 25 38 35 14 50 46 3 32 56 42 23 52 45 41 0 1 26 28 33 15 20 2 13 36 5 19 18 27 9 47 12 40 48 43 6 24 51 55 4 30 34 59 8 22 11 49 54 10 39 16 29 31 58 21 37 17 44 7
50 47 41 54 45 32 28 22 25 19 38 58 27 24 35 31 43 36 49 46 5 18 16 39 42 9 44 53 6 48 17 57 51 23 37 2 30 7 10 29 26 14 59 0 55 3 52 33 12 40 4 21 8 56 13 15 1 20 11 34
57 53 25 38 35 14 50 46 3 32 56 42 23 52 45 41 0 1 26 28 33 15 20 2 13 36 5 19 18 27 9 47 12 40 48 43 6 24 51 55 4 30 34 59 8 22 11 49 54 10 39 16 29 31 58 21 37 17 44 7
50 47 40 54 45 32 28 22 25 19 38 58 27 24 35 31 43 36 49 46 5 18 16 39 42 9 44 53 6 48 12 57 51 23 37 2 30 7 10 29 26 14 59 0 55 3 52 33 17 41 4 21 8 56 13 15 1 20 11 34
11590151399517110866 6144
41 58 42 18 28 25 48 2 23 35 30 57 50 13 21 26 37 8 33 24 44 14 7 12 45 51 52 54 56 53 16 36 47 22 29 15 59 1 20 31 17 11 9 32 0 55 6 49 34 10 43 40 19 46 39 3 4 5 27 38
51 53 35 36 6 44 20 26 7 43 56 30 24 25 41 14 5 59 42 21 54 9 40 16 4 45 13 28 12 46 47 58 18 2 52 57 1 37 50 19 23 49 10 8 55 38 48 11 0 34 17 33 39 3 27 32 29 22 31 15
41 58 42 18 28 25 48 2 23 35 30 57 50 29 43 12 37 8 33 24 44 14 7 26 45 51 54 52 56 53 16 36 21 27 47 5 59 1 20 31 17 11 9 32 0 55 6 49 34 10 13 40 19 46 39 3 4 15 22 38
59 53 35 37 6 44 20 26 7 43 56 30 24 25 41 11 5 51 28 21 54 9 40 16 4 45 13 12 42 46 47 58 18 2 52 57 1 39 50 19 23 49 10 8 55 31 48 14 3 34 17 33 38 0 27 32 29 22 36 15
4552456721549338081 6144
55 52 59 22 34 39 16 20 26 7 53 15 21 30 25 56 41 28 44 43 49 32 38 8 14 50 4 10 1 17 47 58 40 3 51 37 27 11 54 57 2 48 18 23 9 5 12 46 0 13 29 6 45 19 24 35 42 31 33 36
50 28 15 26 44 22 43 19 2 33 47 58 48 59 29 35 25 37 23 10 24 18 7 53 55 1 38 36 51 9 5 40 42 46 13 52 39 34 0 14 54 3 16 17 30 31 32 49 41 27 45 20 8 21 57 6 11 12 4 56
55 52 59 22 34 39 16 20 26 7 53 15 21 30 25 56 41 28 44 42 49 32 38 8 14 50 4 10 1 17 47 58 40 3 51 37 27 11 54 57 2 48 18 23 9 5 12 46 0 13 29 6 45 19 24 35 43 33 31 36
56 28 15 26 44 22 43 19 2 33 47 58 48 59 29 35 25 37 23 10 24 18 7 53 55 1 38 36 51 9 5 40 42 46 13 52 39 34 0 14 54 3 16 17 30 31 32 49 41 27 45 20 8 21 57 6 11 12 4 50
9771949062711787016 6144
15 43 49 45 34 25 40 9 22 38 42 59 57 54 8 39 30 23 41 20 7 35 44 28 55 18 3 52 11 12 21 6 5 51 48 58 19 46 0 37 24 31 53 27 50 47 16 4 36 2 33 10 56 32 13 14 1 29 26 17
12 56 59 31 44 47 37 24 22 1 54 36 50 48 25 26 35 29 7 52 6 4 57 16 21 53 42 45 58 51 9 43 18 3 38 11 28 10 34 27 14 5 8 17 0 15 23 39 19 30 13 20 40 41 33 32 55 49 2 46
15 43 49 45 34 25 40 9 22 38 42 59 57 54 8 39 30 23 41 20 7 35 44 28 55 18 3 52 11 12 21 6 5 51 48 58 19 46 0 37 24 31 53 27 50 47 16 4 36 2 33 10 56 32 13 14 1 29 26 17
12 56 59 31 44 47 37 24 22 1 54 36 50 48 25 26 35 29 7 52 6 4 57 16 21 53 42 45 58 51 9 43 18 3 38 11 28 10 34 27 14 5 8 17 0 15 23 39 19 30 13 20 40 41 33 32 55 49 2 46
12490682301281971227 6144
48 28 53 25 46 27 40 24 45 5 39 4 43 34 21 35 23 18 38 6 8 14 19 3 31 58 52 41 57 56 49 44 12 9 22 54 16 36 0 51 30 33 11 55 47 37 7 10 59 2 1 20 50 29 26 17 13 32 15 42
47 51 27 54 25 45 1 36 23 32 5 46 33 22 56 2 42 53 19 20 48 58 52 59 7 12 40 49 30 15 41 8 50 37 6 44 35 16 55 0 39 18 38 11 24 26 4 9 3 34 13 17 10 57 29 28 14 43 21 31
48 28 53 25 46 27 40 24 45 5 39 4 43 34 21 35 23 18 38 6 8 14 19 3 31 58 52 41 57 56 49 44 12 9 22 54 16 36 0 51 30 33 11 55 47 37 7 10 59 2 1 20 50 29 26 17 13 32 15 42
47 51 27 54 25 45 1 36 23 32 5 46 33 22 56 2 42 53 19 20 48 58 52 59 7 12 40 49 30 15 41 8 50 37 6 44 35 16 55 0 39 18 38 11 24 26 4 9 3 34 13 17 10 57 29 28 14 43 21 31
1964350223447390248 6144
12 55 30 7 33 24 38 26 36 45 37 41 57 54 27 44 46 25 29 48 34 50 59 58 0 9 6 43 56 51 20 19 5 3 39 49 53 4 23 15 17 22 32 10 35 14 21 31 13 42 8 16 40 28 47 1 11 18 52 2
57 28 24 31 47 8 50 49 9 26 58 25 35 32 44 55 0 22 37 45 4 29 5 41 54 13 48 14 53 7 38 42 3 51 15 12 19 56 59 40 30 11 18 10 36 27 6 52 33 34 21 2 16 1 17 39 46 43 20 23
12 55 42 7 33 23 38 26 36 45 43 41 24 54 27 44 30 25 29 49 34 48 59 58 0 47 6 37 56 51 20 19 5 3 39 50 57 4 53 14 17 22 32 10 35 15 21 31 13 40 8 16 46 28 9 1 11 18 52 2
57 28 24 31 47 8 50 4 59 26 58 25 55 32 44 35 0 22 37 45 49 11 5 41 54 13 48 14 53 6 38 42 19 51 15 29 9 56 3 40 30 12 18 17 36 27 7 52 33 34 21 2 16 43 10 39 46 23 20 1
5174715924892970683 6144
53 41 46 24 59 29 56 36 15 4 3 49 52 51 30 26 28 40 38 17 14 20 32 57 19 58 43 39 54 55 18 6 1 13 44 5 0 11 7 27 25 48 8 33 42 31 50 16 23 21 12 47 37 9 22 45 35 10 2 34
47 22 58 51 28 53 23 32 20 45 48 37 34 59 26 39 19 4 29 43 33 52 40 2 42 12 25 0 5 17 44 46 49 35 14 38 27 57 41 18 30 16 11 1 50 3 24 31 13 55 7 6 56 21 9 10 15 8 54 36
53 41 46 24 59 29 56 36 15 4 3 49 52 51 30 26 28 40 6 45 14 20 32 57 19 58 43 39 54 27 18 38 1 13 44 5 2 11 7 55 25 48 8 33 42 31 50 16 23 21 12 47 37 9 22 17 35 10 0 34
47 22 58 51 56 53 23 32 20 45 48 37 34 59 26 39 19 4 21 55 33 52 40 2 43 14 18 0 5 17 44 46 49 35 42 38 27 57 41 25 30 16 11 6 8 3 24 31 13 12 7 1 28 29 9 10 15 50 54 36
1267214077256401566 6144
4 55 25 56 44 40 41 34 59 23 49 46 37 51 16 54 27 39 1 48 33 15 38 57 43 8 21 2 12 42 0 7 19 36 52 53 45 32 50 9 26 6 18 17 24 20 5 35 31 47 14 58 13 10 28 22 3 11 30 29
46 39 37 27 26 58 32 43 42 30 47 4 24 25 36 56 15 51 33 28 17 18 55 2 5 29 48 14 54 49 19 38 21 12 13 0 34 9 11 22 7 53 45 31 8 1 57 52 41 16 6 20 35 59 10 44 23 50 40 3
4 36 0 56 44 28 41 34 59 23 53 46 37 51 16 26 27 39 1 48 33 15 2 57 43 8 21 38 19 42 25 7 12 55 52 49 45 32 50 9 54 6 18 17 24 20 5 35 31 47 14 58 13 10 40 22 3 11 30 29
47 41 37 27 26 58 32 15 42 30 46 4 24 25 21 38 43 51 33 28 48 18 5 2 55 29 17 14 54 49 19 56 50 12 13 0 34 9 11 22 7 53 45 31 8 1 57 52 39 16 6 20 35 59 10 44 23 36 40 3
5600718820878290422 6144
37 45 31 53 34 57 1 40 51 38 35 26 55 59 49 28 54 4 44 43 22 56 6 13 42 15 25 39 52 18 9 2 41 7 3 48 17 30 8 36 16 21 32 5 24 29 50 14 10 47 20 46 58 19 33 0 12 11 23 27
59 8 49 56 39 2 55 29 24 30 4 41 32 20 35 58 43 42 23 25 57 14 46 47 12 40 36 5 19 48 45 38 15 54 33 21 53 18 22 0 28 50 9 10 31 52 7 34 26 11 16 6 1 27 13 37 51 44 3 17
37 45 11 53 34 57 29 40 51 38 35 26 55 59 49 28 54 4 44 43 22 56 6 13 42 15 25 39 52 18 9 2 41 7 3 48 17 30 8 36 16 21 32 5 0 1 50 14 10 47 20 46 58 19 33 24 12 31 23 27
59 8 49 56 39 37 55 29 24 30 4 41 32 20 35 58 43 42 23 25 57 14 46 44 12 40 36 5 19 48 45 38 15 54 33 21 53 18 22 0 28 50 9 10 31 52 7 34 26 11 16 6 1 27 13 2 51 47 3 17
3011995732601921328 6144
37 40 18 51 35 24 42 21 6 33 54 13 58 28 25 27 48 59 32 36 49 44 19 5 47 50 14 38 55 16 56 41 15 22 39 4 57 46 2 31 30 10 1 7 0 34 53 52 26 12 45 8 20 17 3 29 23 11 9 43
58 44 26 24 2 21 35 54 30 37 47 49 4 31 56 41 20 29 52 25 19 18 39 40 43 5 38 48 6 55 3 51 34 36 12 45 11 32 15 59 8 53 57 33 50 14 1 0 17 27 22 28 9 46 7 10 13 42 23 16
37 40 24 51 35 18 42 21 6 33 54 13 58 28 25 27 56 41 32 36 49 44 26 5 47 50 14 38 55 16 48 59 15 22 39 7 57 46 2 31 30 10 1 4 0 34 53 52 19 12 45 8 20 17 29 3 23 11 9 43
58 44 26 24 2 21 35 31 42 37 47 49 4 54 56 41 20 30 52 25 51 8 17 40 43 5 38 48 6 55 3 19 34 36 12 45 11 32 15 59 18 53 57 33 50 14 1 0 39 27 22 28 9 46 7 16 13 29 23 10
5921306664687662010 6144
51 18 52 34 45 47 25 36 5 24 39 59 30 56 57 7 42 29 23 54 19 14 6 0 40 50 44 43 38 53 11 46 9 55 28 4 15 1 27 26 49 48 21 58 37 32 22 17 8 2 12 33 35 13 16 20 10 3 31 41
33 48 9 37 55 44 40 27 26 12 54 36 56 23 45 57 0 30 41 29 4 59 22 47 14 43 2 52 46 35 19 17 5 8 53 38 39 49 15 24 10 11 6 1 16 50 7 21 34 28 32 3 20 18 31 58 42 51 13 25
51 18 52 34 25 47 45 36 6 24 39 59 30 56 57 0 42 3 23 54 19 14 21 7 40 8 44 43 38 53 11 46 9 55 28 4 15 1 27 26 49 48 41 58 37 32 22 17 50 12 2 33 35 13 16 20 10 29 31 5
33 48 9 37 54 44 34 27 26 12 55 36 56 23 45 46 0 35 41 29 22 59 4 57 14 43 2 52 47 30 19 17 5 8 53 38 39 49 15 6 10 11 24 1 16 50 7 21 40 28 32 3 20 18 31 58 42 51 13 25
10180364129723024270 6144
56 43 48 39 33 34 51 26 38 55 40 36 59 52 46 24 21 29 30 0 13 31 49 2 37 19 44 3 8 57 7 15 18 54 47 45 27 6 53 35 22 11 9 10 23 4 25 28 1 20 12 16 41 42 17 32 14 50 5 58
21 33 26 50 8 38 30 55 52 39 48 9 37 31 20 46 34 51 53 42 59 19 16 58 54 36 4 5 49 15 41 56 43 13 44 23 6 35 27 3 2 18 25 57 7 40 14 32 47 10 28 45 0 17 29 12 22 11 24 1
56 51 48 39 33 34 43 26 38 23 40 36 59 52 46 24 21 29 30 0 13 55 49 2 37 19 44 3 8 57 7 15 18 54 42 45 27 6 53 35 22 11 9 10 31 4 25 28 1 20 12 16 41 47 17 32 14 50 5 58
21 33 26 50 8 38 30 55 52 39 48 9 37 35 20 46 34 51 53 42 59 16 19 58 43 36 4 5 49 15 41 56 54 13 44 23 6 31 27 3 2 18 25 57 7 40 14 32 47 10 28 45 0 17 29 12 22 11 24 1
16443542583828323656 6144
28 57 55 44 25 29 46 20 7 30 52 47 34 50 22 45 31 39 21 38 59 17 56 19 14 54 43 2 3 18 41 32 58 49 12 5 10 40 1 37 48 24 6 51 23 9 15 53 35 4 33 13 8 11 0 27 36 16 26 42
6 28 25 55 26 58 51 54 43 11 40 5 52 34 59 15 39 35 22 29 57 8 13 21 42 4 32 53 56 49 17 9 12 46 48 47 31 20 50 18 7 14 24 16 19 30 10 1 3 41 36 38 33 27 2 44 23 37 45 0
28 57 55 44 25 29 46 20 7 30 52 47 34 50 22 45 31 39 21 38 59 17 56 19 14 54 43 2 49 18 41 32 58 3 12 5 10 40 1 37 48 24 6 51 23 9 15 53 35 4 33 13 8 11 0 27 36 16 26 42
6 28 25 55 26 58 51 54 43 11 40 5 52 34 59 15 39 35 22 29 57 8 13 21 42 4 32 53 56 49 17 9 12 46 48 47 31 20 50 18 7 14 24 16 19 30 10 1 3 41 36 38 33 27 2 44 23 37 45 0
1557995939683382357 6144
46 17 9 29 56 33 36 20 26 43 41 49 18 35 53 21 57 42 32 23 52 59 7 47 15 16 45 50 55 54 44 2 12 8 22 28 30 58 13 4 24 25 10 38 34 0 14 6 27 40 39 3 37 19 1 48 5 11 31 51
52 20 28 48 24 46 59 54 13 30 44 36 49 27 58 40 37 19 29 6 8 14 47 7 41 21 23 12 16 33 18 57 34 4 45 53 56 35 9 26 51 15 55 0 5 39 38 50 22 11 1 25 10 31 17 32 43 42 2 3
46 17 9 29 56 33 36 20 26 43 41 49 18 35 53 21 57 13 32 23 16 59 7 47 15 52 45 50 55 54 44 2 12 8 22 28 30 58 42 4 24 25 10 38 34 0 14 6 27 40 39 3 37 19 1 48 5 11 31 51
52 20 28 48 24 46 59 54 45 30 44 36 49 27 58 40 37 19 32 6 8 14 47 7 41 21 23 12 16 33 18 57 34 4 13 53 56 29 9 26 51 15 55 0 5 39 38 50 22 11 1 25 10 31 17 35 43 42 2 3
13602111302662532969 6144
46 44 23 24 22 59 28 41 6 14 57 55 8 25 43 35 17 31 38 48 53 16 49 2 54 13 20 42 47 18 26 12 36 4 7 52 19 56 50 9 30 39 40 0 5 11 51 33 3 34 32 1 45 37 58 29 15 27 21 10
31 50 56 54 41 20 55 7 29 25 36 45 52 10 33 6 35 47 5 27 8 57 3 58 12 51 49 16 15 4 38 44 18 28 37 2 34 17 1 22 39 30 24 9 23 40 11 53 59 46 21 14 26 19 42 32 48 13 0 43
46 44 23 24 22 59 28 41 6 14 57 55 8 25 43 35 17 34 38 48 53 32 49 2 54 13 20 42 47 18 26 12 36 4 7 52 19 56 50 9 30 39 40 0 5 11 51 33 3 31 16 1 45 37 58 29 15 27 21 10
31 50 56 54 41 20 55 7 29 25 36 45 52 10 33 6 35 47 5 27 8 57 3 58 12 51 49 16 15 4 38 44 18 34 37 2 32 17 1 22 39 30 24 9 23 40 11 53 59 46 21 14 26 19 42 28 48 13 0 43
