FACTOR_PERMUTATION_V1 12 16 1024 1 1
10 0 1 1 1 1 1 1 1 1 1 1 0 0 2 2 2 2 2 2 2 2 2 2 0 0 2 2 2 2 2 2 2 2 2 2
0 10 1 1 1 1 1 1 1 1 1 1 0 0 2 2 2 2 2 2 2 2 2 2 0 0 2 2 2 2 2 2 2 2 2 2
1 1 10 0 1 1 1 1 1 1 1 1 2 2 0 0 2 2 2 2 2 2 2 2 2 2 0 0 2 2 2 2 2 2 2 2
1 1 0 10 1 1 1 1 1 1 1 1 2 2 0 0 2 2 2 2 2 2 2 2 2 2 0 0 2 2 2 2 2 2 2 2
1 1 1 1 10 0 1 1 1 1 1 1 2 2 2 2 0 0 2 2 2 2 2 2 2 2 2 2 0 0 2 2 2 2 2 2
1 1 1 1 0 10 1 1 1 1 1 1 2 2 2 2 0 0 2 2 2 2 2 2 2 2 2 2 0 0 2 2 2 2 2 2
1 1 1 1 1 1 10 0 1 1 1 1 2 2 2 2 2 2 0 0 2 2 2 2 2 2 2 2 2 2 0 0 2 2 2 2
1 1 1 1 1 1 0 10 1 1 1 1 2 2 2 2 2 2 0 0 2 2 2 2 2 2 2 2 2 2 0 0 2 2 2 2
1 1 1 1 1 1 1 1 10 0 1 1 2 2 2 2 2 2 2 2 0 0 2 2 2 2 2 2 2 2 2 2 0 0 2 2
1 1 1 1 1 1 1 1 0 10 1 1 2 2 2 2 2 2 2 2 0 0 2 2 2 2 2 2 2 2 2 2 0 0 2 2
1 1 1 1 1 1 1 1 1 1 10 0 2 2 2 2 2 2 2 2 2 2 0 0 2 2 2 2 2 2 2 2 2 2 0 0
1 1 1 1 1 1 1 1 1 1 0 10 2 2 2 2 2 2 2 2 2 2 0 0 2 2 2 2 2 2 2 2 2 2 0 0
0 0 2 2 2 2 2 2 2 2 2 2 10 0 1 1 1 1 1 1 1 1 1 1 0 0 2 2 2 2 2 2 2 2 2 2
0 0 2 2 2 2 2 2 2 2 2 2 0 10 1 1 1 1 1 1 1 1 1 1 0 0 2 2 2 2 2 2 2 2 2 2
2 2 0 0 2 2 2 2 2 2 2 2 1 1 10 0 1 1 1 1 1 1 1 1 2 2 0 0 2 2 2 2 2 2 2 2
2 2 0 0 2 2 2 2 2 2 2 2 1 1 0 10 1 1 1 1 1 1 1 1 2 2 0 0 2 2 2 2 2 2 2 2
2 2 2 2 0 0 2 2 2 2 2 2 1 1 1 1 10 0 1 1 1 1 1 1 2 2 2 2 0 0 2 2 2 2 2 2
2 2 2 2 0 0 2 2 2 2 2 2 1 1 1 1 0 10 1 1 1 1 1 1 2 2 2 2 0 0 2 2 2 2 2 2
2 2 2 2 2 2 0 0 2 2 2 2 1 1 1 1 1 1 10 0 1 1 1 1 2 2 2 2 2 2 0 0 2 2 2 2
2 2 2 2 2 2 0 0 2 2 2 2 1 1 1 1 1 1 0 10 1 1 1 1 2 2 2 2 2 2 0 0 2 2 2 2
2 2 2 2 2 2 2 2 0 0 2 2 1 1 1 1 1 1 1 1 10 0 1 1 2 2 2 2 2 2 2 2 0 0 2 2
2 2 2 2 2 2 2 2 0 0 2 2 1 1 1 1 1 1 1 1 0 10 1 1 2 2 2 2 2 2 2 2 0 0 2 2
2 2 2 2 2 2 2 2 2 2 0 0 1 1 1 1 1 1 1 1 1 1 10 0 2 2 2 2 2 2 2 2 2 2 0 0
2 2 2 2 2 2 2 2 2 2 0 0 1 1 1 1 1 1 1 1 1 1 0 10 2 2 2 2 2 2 2 2 2 2 0 0
0 0 2 2 2 2 2 2 2 2 2 2 0 0 2 2 2 2 2 2 2 2 2 2 10 0 1 1 1 1 1 1 1 1 1 1
0 0 2 2 2 2 2 2 2 2 2 2 0 0 2 2 2 2 2 2 2 2 2 2 0 10 1 1 1 1 1 1 1 1 1 1
2 2 0 0 2 2 2 2 2 2 2 2 2 2 0 0 2 2 2 2 2 2 2 2 1 1 10 0 1 1 1 1 1 1 1 1
2 2 0 0 2 2 2 2 2 2 2 2 2 2 0 0 2 2 2 2 2 2 2 2 1 1 0 10 1 1 1 1 1 1 1 1
2 2 2 2 0 0 2 2 2 2 2 2 2 2 2 2 0 0 2 2 2 2 2 2 1 1 1 1 10 0 1 1 1 1 1 1
2 2 2 2 0 0 2 2 2 2 2 2 2 2 2 2 0 0 2 2 2 2 2 2 1 1 1 1 0 10 1 1 1 1 1 1
2 2 2 2 2 2 0 0 2 2 2 2 2 2 2 2 2 2 0 0 2 2 2 2 1 1 1 1 1 1 10 0 1 1 1 1
2 2 2 2 2 2 0 0 2 2 2 2 2 2 2 2 2 2 0 0 2 2 2 2 1 1 1 1 1 1 0 10 1 1 1 1
2 2 2 2 2 2 2 2 0 0 2 2 2 2 2 2 2 2 2 2 0 0 2 2 1 1 1 1 1 1 1 1 10 0 1 1
2 2 2 2 2 2 2 2 0 0 2 2 2 2 2 2 2 2 2 2 0 0 2 2 1 1 1 1 1 1 1 1 0 10 1 1
2 2 2 2 2 2 2 2 2 2 0 0 2 2 2 2 2 2 2 2 2 2 0 0 1 1 1 1 1 1 1 1 1 1 10 0
2 2 2 2 2 2 2 2 2 2 0 0 2 2 2 2 2 2 2 2 2 2 0 0 1 1 1 1 1 1 1 1 1 1 0 10
0 2
0 3
0 4
0 5
0 6
0 7
0 8
0 9
0 10
0 11
1 2
1 3
1 4
1 5
1 6
1 7
1 8
1 9
1 10
1 11
2 4
2 5
2 6
2 7
2 8
2 9
2 10
2 11
3 4
3 5
3 6
3 7
3 8
3 9
3 10
3 11
4 6
4 7
4 8
4 9
4 10
4 11
5 6
5 7
5 8
5 9
5 10
5 11
6 8
6 9
6 10
6 11
7 8
7 9
7 10
7 11
8 10
8 11
9 10
9 11
0 2
0 3
0 4
0 5
0 6
0 7
0 8
0 9
0 10
0 11
1 2
1 3
1 4
1 5
1 6
1 7
1 8
1 9
1 10
1 11
2 4
2 5
2 6
2 7
2 8
2 9
2 10
2 11
3 4
3 5
3 6
3 7
3 8
3 9
3 10
3 11
4 6
4 7
4 8
4 9
4 10
4 11
5 6
5 7
5 8
5 9
5 10
5 11
6 8
6 9
6 10
6 11
7 8
7 9
7 10
7 11
8 10
8 11
9 10
9 11
0 2
0 3
0 4
0 5
0 6
0 7
0 8
0 9
0 10
0 11
1 2
1 3
1 4
1 5
1 6
1 7
1 8
1 9
1 10
1 11
2 4
2 5
2 6
2 7
2 8
2 9
2 10
2 11
3 4
3 5
3 6
3 7
3 8
3 9
3 10
3 11
4 6
4 7
4 8
4 9
4 10
4 11
5 6
5 7
5 8
5 9
5 10
5 11
6 8
6 9
6 10
6 11
7 8
7 9
7 10
7 11
8 10
8 11
9 10
9 11
6740617377098918566 4096
29 38 27 54 41 24 59 33 53 18 56 31 30 21 25 39 14 50 2 44 7 19 45 51 20 8 49 48 5 16 55 17 4 9 42 40 26 57 46 12 52 22 6 28 58 23 35 36 1 13 0 32 43 34 11 3 47 15 10 37
48 15 9 29 33 58 42 54 39 24 43 59 55 56 57 10 34 20 22 28 18 53 27 44 36 49 11 2 52 51 26 45 46 41 7 4 16 30 25 35 8 17 0 6 1 14 12 23 47 50 37 13 19 40 32 31 5 38 21 3
29 38 27 54 41 24 59 33 53 40 56 37 30 21 25 39 14 9 2 44 7 19 45 51 20 8 49 48 5 16 55 17 36 50 42 11 18 57 46 12 52 22 6 34 58 23 35 4 1 13 0 32 43 26 28 3 47 15 10 31
48 15 9 29 33 58 42 54 20 23 43 59 55 56 57 10 34 41 22 28 18 53 2 44 36 49 11 27 52 51 26 45 46 12 7 4 16 30 25 35 8 17 0 6 1 14 39 24 47 50 37 13 19 40 32 31 5 38 21 3
11574799233404879648 4096
57 53 25 38 35 14 50 3 43 32 56 42 52 15 45 41 0 29 26 28 33 46 20 2 13 36 5 19 18 12 9 47 6 40 48 54 8 24 51 55 4 31 1 59 27 22 11 49 23 10 39 16 34 30 58 21 37 17 44 7
50 44 40 31 45 32 28 22 25 19 21 26 27 33 35 38 43 36 48 46 5 18 16 47 51 9 39 53 29 49 12 57 42 23 37 2 55 7 10 34 56 14 24 0 15 3 54 59 58 41 4 6 8 17 13 52 1 20 11 30
57 53 25 38 35 14 50 19 43 32 56 42 52 55 39 41 2 29 26 28 33 15 20 0 13 36 5 46 18 12 9 47 6 40 48 54 8 24 51 3 4 31 1 59 27 22 11 49 23 10 45 16 34 30 58 21 37 17 44 7
50 44 40 31 45 32 28 23 25 19 21 26 27 33 35 38 43 36 48 46 5 18 16 47 51 9 39 53 29 49 12 57 42 22 37 2 55 7 10 34 56 14 24 0 15 3 54 59 58 41 4 6 8 17 13 52 1 20 11 30
10329218604817779853 4096
41 58 42 18 28 25 48 2 23 47 30 57 50 29 43 12 37 8 33 24 44 14 7 26 45 51 54 52 56 53 16 36 21 27 35 5 59 1 20 31 17 11 9 32 0 55 6 49 34 10 13 40 19 46 39 3 4 15 22 38
59 53 35 37 48 44 20 21 7 43 9 30 24 25 38 58 5 51 12 22 54 56 40 16 4 45 13 28 42 46 47 11 18 2 52 57 1 39 50 19 23 49 10 8 55 31 6 14 3 34 17 33 41 0 27 32 29 26 36 15
41 58 42 18 28 25 48 2 23 47 30 57 50 29 43 12 37 8 33 24 44 14 7 26 45 51 54 52 56 53 16 36 21 27 35 5 59 1 20 31 17 11 9 32 0 55 6 49 34 10 13 40 19 46 39 3 4 15 22 38
59 53 35 37 48 44 20 21 7 22 9 30 24 31 38 58 5 42 12 43 54 45 40 16 4 56 13 28 14 46 47 11 18 2 52 57 1 39 50 19 23 49 10 8 55 25 6 51 3 34 17 33 41 0 27 32 29 26 36 15
6359768113649239499 4096
55 52 45 26 34 2 16 20 22 7 53 36 10 30 25 56 41 35 44 47 49 32 38 8 14 50 4 46 1 58 59 17 40 3 51 37 23 11 54 57 39 48 29 27 9 5 12 21 0 13 18 6 42 19 24 28 43 31 33 15
56 28 59 26 47 22 43 19 2 33 44 58 48 49 29 41 25 37 23 31 10 51 1 15 55 3 38 36 9 20 5 40 52 46 13 42 39 34 0 14 54 18 16 17 30 35 32 53 50 27 45 24 8 21 57 6 11 12 4 7
55 52 45 26 34 2 16 20 22 7 53 36 10 30 25 56 41 35 44 47 49 32 38 8 14 50 4 46 1 58 59 17 40 3 51 37 23 11 54 57 39 48 29 27 9 5 12 21 0 13 18 6 42 19 24 28 43 31 33 15
56 28 59 26 47 22 43 19 2 33 44 49 48 58 29 41 25 37 23 31 10 42 1 15 55 8 38 36 9 4 5 40 52 46 13 51 39 34 0 14 54 18 16 57 30 35 32 53 50 27 45 24 3 21 17 6 11 12 20 7
9417877546330682730 4096
15 43 24 45 34 25 40 9 30 38 42 59 57 54 8 39 32 23 41 20 7 35 48 28 50 18 3 52 11 12 44 6 5 51 49 58 55 46 19 37 22 31 53 27 56 47 16 4 36 2 33 10 1 21 13 14 0 29 26 17
41 56 14 34 44 47 53 55 4 31 58 36 42 48 25 27 35 29 7 52 6 45 57 16 3 37 51 12 59 50 8 43 17 24 38 11 28 10 1 26 54 5 0 18 20 15 23 39 19 30 13 49 40 9 33 32 21 22 2 46
15 43 24 45 34 25 40 9 30 38 42 59 57 54 8 39 32 23 41 20 7 35 48 28 50 18 3 52 11 12 44 6 5 51 49 58 55 46 19 37 22 31 53 27 56 47 16 4 36 2 33 10 1 21 13 14 0 29 26 17
41 56 14 34 44 47 53 55 4 31 58 36 42 48 25 27 35 29 7 52 6 45 57 16 3 37 51 12 59 50 8 43 17 24 38 11 28 10 1 26 54 5 0 18 20 15 23 39 19 30 13 49 40 9 33 32 21 22 2 46
11314459858136092104 4096
14 28 43 25 46 27 40 24 45 5 39 4 44 34 21 35 23 18 36 6 58 48 19 3 31 26 52 41 57 56 49 53 13 9 22 54 16 38 0 51 30 33 11 55 47 37 7 10 59 2 1 20 50 29 8 17 12 32 15 42
46 55 33 54 25 45 1 36 23 20 43 58 19 22 56 2 47 53 32 24 48 3 52 57 7 12 40 49 30 15 41 8 50 16 6 44 35 26 37 27 39 18 38 11 0 59 4 9 42 34 13 17 10 51 29 28 14 31 21 5
14 28 43 25 46 27 40 24 45 5 39 4 44 34 21 35 23 18 36 6 58 48 19 3 31 26 52 41 57 56 49 53 13 9 22 54 16 38 0 51 30 33 11 55 47 37 7 10 59 2 1 20 50 29 8 17 12 32 15 42
46 55 33 54 25 45 1 36 23 20 43 58 19 22 56 2 47 53 32 24 48 3 52 59 7 12 40 49 30 15 41 8 50 16 6 44 35 0 37 27 39 18 38 11 26 57 4 9 42 34 13 17 10 51 29 28 14 31 21 5
11964351246974283812 4096
12 55 42 7 33 23 38 26 36 45 37 41 57 54 27 44 30 25 29 49 34 48 59 58 0 47 6 43 56 51 20 19 5 3 39 50 24 4 53 14 17 22 32 10 35 15 21 31 13 46 8 16 40 28 9 1 11 18 52 2
57 28 24 31 47 8 50 49 59 26 58 25 55 32 44 35 0 22 37 45 4 29 5 41 54 13 48 14 53 6 38 42 19 51 15 11 9 56 3 40 30 12 18 10 36 27 7 52 33 34 21 2 16 1 17 39 46 23 20 43
12 55 42 7 33 23 38 26 36 45 43 41 24 54 27 44 30 25 29 49 34 48 59 58 0 47 6 37 56 51 20 19 5 3 39 50 57 4 53 14 17 22 32 10 35 15 21 31 13 40 8 16 46 28 9 1 11 18 52 2
57 28 24 31 47 8 50 4 59 26 58 25 55 32 44 35 0 22 37 45 49 11 5 41 54 13 48 14 53 6 38 42 19 51 15 29 9 56 3 40 30 12 18 17 36 27 7 52 33 34 21 2 16 43 10 39 46 23 20 1
2493126957672326663 4096
53 41 29 24 59 46 56 36 15 4 3 49 52 55 1 26 28 40 44 45 14 20 32 57 19 6 43 39 54 27 18 38 30 13 58 5 2 11 7 51 25 48 8 33 42 31 50 16 23 21 12 47 37 9 22 17 35 10 0 34
47 22 58 51 56 53 23 28 20 45 48 37 34 59 25 39 19 18 21 35 33 52 40 2 43 4 14 0 5 17 57 46 49 55 42 38 27 44 41 26 30 16 11 6 8 13 24 31 3 12 7 1 32 29 9 10 15 50 54 36
53 41 29 24 59 46 56 36 15 4 3 49 52 55 1 26 30 40 44 45 14 20 32 57 19 6 43 39 54 27 18 38 28 13 58 5 2 11 7 51 25 48 8 33 42 31 50 16 23 21 12 47 37 9 22 17 35 10 0 34
47 22 58 51 56 53 23 28 20 45 48 37 34 59 25 39 19 18 21 35 33 52 40 2 43 4 14 0 5 17 57 46 49 55 42 38 27 44 41 26 30 16 11 6 8 13 24 31 3 12 7 1 32 29 9 10 15 50 54 36
6455119632289679644 4096
48 36 25 7 44 28 41 34 59 23 53 46 37 51 16 56 27 39 31 4 26 15 2 47 43 8 21 38 19 42 33 0 12 55 52 49 45 32 50 9 54 6 18 17 24 20 5 35 1 57 14 58 3 10 40 22 13 11 30 29
47 54 15 27 16 58 32 37 42 30 46 4 24 17 21 38 43 51 33 12 48 18 5 2 55 29 14 49 41 25 19 56 36 13 28 0 34 9 11 22 7 53 45 31 8 1 57 52 39 26 6 20 35 59 10 44 23 50 40 3
48 36 25 0 44 37 41 34 59 4 53 46 28 51 16 56 27 39 29 23 26 15 2 47 43 8 21 38 19 42 33 7 12 3 52 58 45 32 50 55 54 6 18 17 24 20 5 35 1 57 14 49 9 10 40 22 13 11 30 31
47 54 15 27 16 58 32 37 42 30 40 55 24 17 29 38 43 51 33 12 48 18 5 2 35 21 49 14 41 25 19 13 36 56 28 4 34 9 11 22 7 53 45 31 8 1 57 52 39 26 6 20 0 59 10 44 23 50 46 3
11069086047549546412 4096
20 43 35 53 34 57 29 40 22 39 15 38 55 59 49 28 54 30 44 45 51 56 6 13 42 9 25 7 52 27 18 2 41 17 3 48 26 33 8 36 16 21 32 11 0 1 50 14 19 47 37 46 4 5 58 24 12 31 23 10
59 8 43 56 37 49 41 29 24 30 42 54 31 20 35 58 32 4 23 25 57 14 46 44 15 40 36 5 19 48 39 38 1 55 33 21 53 18 22 0 28 50 9 10 47 52 7 34 26 11 16 6 12 27 13 2 51 45 3 17
20 43 35 53 34 57 29 40 22 39 15 38 55 59 49 28 54 30 44 45 50 56 6 13 42 9 25 7 52 27 18 2 41 17 3 48 26 33 8 36 16 21 32 11 0 1 51 14 19 47 37 46 4 5 58 24 12 31 23 10
59 8 43 56 37 49 41 29 24 30 42 54 31 20 35 58 32 4 23 25 57 14 46 44 15 40 36 5 19 48 39 38 1 55 33 21 53 18 22 0 28 50 9 10 47 52 7 34 26 11 16 6 12 27 13 2 51 45 3 17
12233823403730310809 4096
37 26 24 51 35 18 42 43 6 33 15 13 58 28 0 25 56 41 44 36 49 21 40 5 47 50 14 38 55 16 48 59 54 22 39 7 57 46 2 31 30 10 1 4 9 34 53 52 19 12 45 8 20 17 29 32 23 11 27 3
58 44 26 25 2 21 35 48 42 37 47 49 4 54 56 41 20 29 31 24 19 18 17 40 3 5 38 51 6 55 43 52 34 36 12 45 11 32 15 59 8 53 57 33 50 14 1 0 39 27 22 28 9 46 7 16 13 30 23 10
37 26 24 51 35 18 42 43 6 33 31 13 58 28 0 25 56 41 44 36 49 21 40 5 47 50 14 38 55 16 48 59 54 22 39 7 57 46 2 15 30 10 1 4 9 34 53 52 19 12 45 8 20 17 29 32 23 11 27 3
58 44 26 25 2 21 35 48 42 37 47 49 4 54 56 41 20 29 31 24 19 18 17 40 3 5 38 51 6 55 43 52 34 36 12 45 11 32 15 59 8 53 57 33 50 14 1 0 39 27 22 28 9 46 7 16 13 30 23 10
13929856280103941205 4096
51 18 52 34 25 47 45 36 6 24 39 59 30 56 57 0 42 3 23 54 19 14 21 7 40 50 44 43 38 53 11 46 9 55 28 4 15 1 27 26 49 48 41 58 37 32 22 17 8 12 2 33 35 13 16 20 10 29 31 5
33 48 9 37 54 44 34 27 26 12 55 36 56 23 45 46 0 35 41 29 22 59 4 57 14 43 2 52 47 30 19 17 5 8 53 38 39 49 15 6 10 11 24 1 16 50 7 21 40 28 32 3 20 18 31 58 42 51 13 25
51 18 52 34 25 47 45 36 6 24 39 59 30 56 57 0 42 3 23 54 19 14 21 7 40 8 44 43 38 53 11 46 9 55 28 4 15 1 27 26 49 48 41 58 37 32 22 17 50 12 2 33 35 13 16 20 10 29 31 5
33 48 9 37 54 44 34 27 26 12 55 36 56 23 45 46 0 35 41 29 22 59 4 57 14 43 2 52 47 30 19 17 5 8 53 38 39 49 15 6 10 11 24 1 16 50 7 21 40 28 32 3 20 18 31 58 42 51 13 25
7259673345137334513 4096
56 51 48 39 33 34 41 26 28 23 40 37 59 52 46 10 21 29 30 0 14 55 49 2 43 19 44 3 8 13 7 15 57 54 42 45 27 6 53 35 22 31 9 24 18 4 25 32 1 20 12 16 36 47 58 38 11 50 5 17
21 44 26 50 8 38 30 55 5 39 32 9 37 31 20 43 34 51 53 42 46 16 19 58 59 36 4 52 49 15 41 56 54 13 33 3 6 35 27 1 57 18 25 2 7 40 14 48 47 17 24 45 0 10 29 12 22 11 28 23
56 51 48 17 33 34 41 26 29 23 40 37 59 52 46 10 21 28 30 0 14 55 49 2 43 19 44 3 8 11 58 13 57 54 42 45 27 35 53 6 22 31 9 24 18 4 25 32 1 20 12 16 50 47 7 38 15 36 5 39
21 44 26 51 8 38 30 55 15 39 32 9 37 31 22 43 40 50 53 42 46 45 19 58 16 36 4 52 49 5 34 56 54 13 33 3 6 35 27 1 57 18 25 2 7 41 14 48 47 17 24 59 0 10 29 12 28 11 20 23
14329337094898185905 4096
36 57 55 46 17 29 45 20 7 28 54 59 26 50 41 32 23 39 21 48 4 25 56 19 14 34 43 2 49 10 47 38 40 3 12 5 16 58 1 31 52 24 6 51 37 9 11 53 35 22 33 13 8 15 0 27 44 18 30 42
59 28 21 55 24 58 51 54 43 11 39 5 52 25 20 15 40 42 35 46 57 8 13 22 29 4 32 53 12 49 17 9 6 10 48 47 31 34 50 56 7 14 26 16 18 30 19 1 3 41 36 38 33 27 2 44 23 37 45 0
36 57 55 46 17 29 45 20 7 28 54 59 26 50 41 32 23 39 21 48 4 25 56 19 14 34 43 2 49 10 47 38 40 3 12 5 16 58 1 31 52 24 6 51 37 9 11 53 35 22 33 13 8 15 0 27 44 18 30 42
59 28 21 55 24 58 51 54 43 11 36 5 52 25 20 15 41 42 35 46 57 8 13 22 29 4 32 53 12 49 17 9 6 10 48 47 31 34 50 56 7 14 26 16 18 30 19 1 3 40 39 38 33 27 2 44 23 37 45 0
6796245151479569425 4096
46 17 9 32 56 33 36 20 26 43 41 49 18 30 53 21 57 13 29 23 16 59 7 38 15 52 39 50 55 54 44 2 12 8 22 28 35 34 42 4 24 25 10 47 58 0 14 6 27 40 45 3 37 19 1 48 5 11 31 51
52 20 35 48 38 46 41 54 45 30 44 4 43 58 27 40 37 19 32 6 8 14 47 7 59 21 23 12 16 33 18 57 34 36 13 53 56 9 49 26 51 15 39 0 5 50 24 55 22 11 1 25 10 31 17 28 29 42 2 3
46 17 9 32 56 33 36 23 41 43 26 49 18 30 53 21 57 13 29 20 16 59 7 38 15 52 39 4 55 54 44 2 12 8 22 28 35 34 42 50 24 25 10 47 58 0 14 6 27 40 45 3 37 19 1 48 5 11 31 51
52 20 31 48 12 46 41 54 45 30 44 4 43 27 58 35 37 19 40 6 8 14 47 7 59 21 23 38 16 33 18 57 34 36 13 53 32 9 26 49 51 15 39 0 5 50 24 55 22 11 1 25 10 56 17 28 29 42 2 3
12113874012163645584 4096
46 36 23 44 20 59 28 41 6 14 57 0 8 49 43 35 25 50 38 48 53 22 58 2 54 13 33 29 17 18 47 15 51 4 7 52 19 56 34 9 30 39 40 24 5 11 55 10 3 31 12 32 45 37 26 42 16 27 21 1
31 41 56 54 50 47 23 7 29 25 36 45 52 10 33 6 28 42 5 27 3 57 8 58 20 55 49 16 15 4 38 44 18 34 37 2 35 17 1 22 39 30 24 46 51 40 11 53 59 9 21 14 26 19 12 32 48 13 0 43
56 36 23 45 20 59 34 51 6 17 47 27 8 49 43 35 25 50 38 48 14 22 58 2 54 13 33 29 53 18 57 15 41 4 7 52 19 46 28 9 30 39 40 24 5 11 55 10 3 31 12 32 44 1 26 42 16 0 21 37
31 47 50 54 56 6 21 7 29 25 36 45 52 10 33 46 28 42 9 27 3 57 8 58 20 55 49 16 18 4 38 44 15 34 37 2 35 17 1 22 39 30 24 51 59 40 11 53 19 5 23 14 26 41 12 32 48 43 0 13
