FACTOR_PERMUTATION_V1 12 16 1024 1 1
10 0 1 1 1 1 1 1 1 1 1 1 0 0 2 2 2 2 2 2 2 2 2 2 0 0 2 2 2 2 2 2 2 2 2 2
0 10 1 1 1 1 1 1 1 1 1 1 0 0 2 2 2 2 2 2 2 2 2 2 0 0 2 2 2 2 2 2 2 2 2 2
1 1 10 0 1 1 1 1 1 1 1 1 2 2 0 0 2 2 2 2 2 2 2 2 2 2 0 0 2 2 2 2 2 2 2 2
1 1 0 10 1 1 1 1 1 1 1 1 2 2 0 0 2 2 2 2 2 2 2 2 2 2 0 0 2 2 2 2 2 2 2 2
1 1 1 1 10 0 1 1 1 1 1 1 2 2 2 2 0 0 2 2 2 2 2 2 2 2 2 2 0 0 2 2 2 2 2 2
1 1 1 1 0 10 1 1 1 1 1 1 2 2 2 2 0 0 2 2 2 2 2 2 2 2 2 2 0 0 2 2 2 2 2 2
1 1 1 1 1 1 10 0 1 1 1 1 2 2 2 2 2 2 0 0 2 2 2 2 2 2 2 2 2 2 0 0 2 2 2 2
1 1 1 1 1 1 0 10 1 1 1 1 2 2 2 2 2 2 0 0 2 2 2 2 2 2 2 2 2 2 0 0 2 2 2 2
1 1 1 1 1 1 1 1 10 0 1 1 2 2 2 2 2 2 2 2 0 0 2 2 2 2 2 2 2 2 2 2 0 0 2 2
1 1 1 1 1 1 1 1 0 10 1 1 2 2 2 2 2 2 2 2 0 0 2 2 2 2 2 2 2 2 2 2 0 0 2 2
1 1 1 1 1 1 1 1 1 1 10 0 2 2 2 2 2 2 2 2 2 2 0 0 2 2 2 2 2 2 2 2 2 2 0 0
1 1 1 1 1 1 1 1 1 1 0 10 2 2 2 2 2 2 2 2 2 2 0 0 2 2 2 2 2 2 2 2 2 2 0 0
0 0 2 2 2 2 2 2 2 2 2 2 10 0 1 1 1 1 1 1 1 1 1 1 0 0 2 2 2 2 2 2 2 2 2 2
0 0 2 2 2 2 2 2 2 2 2 2 0 10 1 1 1 1 1 1 1 1 1 1 0 0 2 2 2 2 2 2 2 2 2 2
2 2 0 0 2 2 2 2 2 2 2 2 1 1 10 0 1 1 1 1 1 1 1 1 2 2 0 0 2 2 2 2 2 2 2 2
2 2 0 0 2 2 2 2 2 2 2 2 1 1 0 10 1 1 1 1 1 1 1 1 2 2 0 0 2 2 2 2 2 2 2 2
2 2 2 2 0 0 2 2 2 2 2 2 1 1 1 1 10 0 1 1 1 1 1 1 2 2 2 2 0 0 2 2 2 2 2 2
2 2 2 2 0 0 2 2 2 2 2 2 1 1 1 1 0 10 1 1 1 1 1 1 2 2 2 2 0 0 2 2 2 2 2 2
2 2 2 2 2 2 0 0 2 2 2 2 1 1 1 1 1 1 10 0 1 1 1 1 2 2 2 2 2 2 0 0 2 2 2 2
2 2 2 2 2 2 0 0 2 2 2 2 1 1 1 1 1 1 0 10 1 1 1 1 2 2 2 2 2 2 0 0 2 2 2 2
2 2 2 2 2 2 2 2 0 0 2 2 1 1 1 1 1 1 1 1 10 0 1 1 2 2 2 2 2 2 2 2 0 0 2 2
2 2 2 2 2 2 2 2 0 0 2 2 1 1 1 1 1 1 1 1 0 10 1 1 2 2 2 2 2 2 2 2 0 0 2 2
2 2 2 2 2 2 2 2 2 2 0 0 1 1 1 1 1 1 1 1 1 1 10 0 2 2 2 2 2 2 2 2 2 2 0 0
2 2 2 2 2 2 2 2 2 2 0 0 1 1 1 1 1 1 1 1 1 1 0 10 2 2 2 2 2 2 2 2 2 2 0 0
0 0 2 2 2 2 2 2 2 2 2 2 0 0 2 2 2 2 2 2 2 2 2 2 10 0 1 1 1 1 1 1 1 1 1 1
0 0 2 2 2 2 2 2 2 2 2 2 0 0 2 2 2 2 2 2 2 2 2 2 0 10 1 1 1 1 1 1 1 1 1 1
2 2 0 0 2 2 2 2 2 2 2 2 2 2 0 0 2 2 2 2 2 2 2 2 1 1 10 0 1 1 1 1 1 1 1 1
2 2 0 0 2 2 2 2 2 2 2 2 2 2 0 0 2 2 2 2 2 2 2 2 1 1 0 10 1 1 1 1 1 1 1 1
2 2 2 2 0 0 2 2 2 2 2 2 2 2 2 2 0 0 2 2 2 2 2 2 1 1 1 1 10 0 1 1 1 1 1 1
2 2 2 2 0 0 2 2 2 2 2 2 2 2 2 2 0 0 2 2 2 2 2 2 1 1 1 1 0 10 1 1 1 1 1 1
2 2 2 2 2 2 0 0 2 2 2 2 2 2 2 2 2 2 0 0 2 2 2 2 1 1 1 1 1 1 10 0 1 1 1 1
2 2 2 2 2 2 0 0 2 2 2 2 2 2 2 2 2 2 0 0 2 2 2 2 1 1 1 1 1 1 0 10 1 1 1 1
2 2 2 2 2 2 2 2 0 0 2 2 2 2 2 2 2 2 2 2 0 0 2 2 1 1 1 1 1 1 1 1 10 0 1 1
2 2 2 2 2 2 2 2 0 0 2 2 2 2 2 2 2 2 2 2 0 0 2 2 1 1 1 1 1 1 1 1 0 10 1 1
2 2 2 2 2 2 2 2 2 2 0 0 2 2 2 2 2 2 2 2 2 2 0 0 1 1 1 1 1 1 1 1 1 1 10 0
2 2 2 2 2 2 2 2 2 2 0 0 2 2 2 2 2 2 2 2 2 2 0 0 1 1 1 1 1 1 1 1 1 1 0 10
0 2
0 3
0 4
0 5
0 6
0 7
0 8
0 9
0 10
0 11
1 2
1 3
1 4
1 5
1 6
1 7
1 8
1 9
1 10
1 11
2 4
2 5
2 6
2 7
2 8
2 9
2 10
2 11
3 4
3 5
3 6
3 7
3 8
3 9
3 10
3 11
4 6
4 7
4 8
4 9
4 10
4 11
5 6
5 7
5 8
5 9
5 10
5 11
6 8
6 9
6 10
6 11
7 8
7 9
7 10
7 11
8 10
8 11
9 10
9 11
0 2
0 3
0 4
0 5
0 6
0 7
0 8
0 9
0 10
0 11
1 2
1 3
1 4
1 5
1 6
1 7
1 8
1 9
1 10
1 11
2 4
2 5
2 6
2 7
2 8
2 9
2 10
2 11
3 4
3 5
3 6
3 7
3 8
3 9
3 10
3 11
4 6
4 7
4 8
4 9
4 10
4 11
5 6
5 7
5 8
5 9
5 10
5 11
6 8
6 9
6 10
6 11
7 8
7 9
7 10
7 11
8 10
8 11
9 10
9 11
0 2
0 3
0 4
0 5
0 6
0 7
0 8
0 9
0 10
0 11
1 2
1 3
1 4
1 5
1 6
1 7
1 8
1 9
1 10
1 11
2 4
2 5
2 6
2 7
2 8
2 9
2 10
2 11
3 4
3 5
3 6
3 7
3 8
3 9
3 10
3 11
4 6
4 7
4 8
4 9
4 10
4 11
5 6
5 7
5 8
5 9
5 10
5 11
6 8
6 9
6 10
6 11
7 8
7 9
7 10
7 11
8 10
8 11
9 10
9 11
10009620967863865105 2048
29 38 27 54 55 24 59 30 53 40 56 37 33 21 25 12 14 44 39 9 45 19 49 51 20 8 7 48 5 11 41 17 4 50 42 16 18 57 46 2 52 22 6 26 58 23 35 36 1 13 0 32 43 34 28 3 47 15 10 31
48 15 9 29 33 58 42 54 20 23 43 59 37 31 56 50 34 41 22 28 18 55 2 44 36 49 11 27 52 51 10 45 46 40 57 4 16 30 25 35 8 17 0 6 1 14 39 7 47 26 53 13 19 12 32 24 5 38 21 3
29 38 27 54 55 24 59 30 53 40 56 37 33 21 25 12 14 44 39 9 45 19 49 51 20 8 7 48 5 11 41 17 4 50 42 16 18 57 46 2 52 22 6 26 58 23 35 36 1 13 0 32 43 34 28 3 47 15 10 31
48 15 9 29 33 58 42 50 20 23 43 59 37 34 56 26 31 41 22 28 18 55 2 44 36 49 11 27 52 51 10 45 46 40 57 4 16 30 25 35 8 17 0 6 1 14 39 7 47 54 53 13 19 12 32 24 5 38 21 3
18224269122454742043 2048
56 53 2 49 35 24 50 19 43 28 57 42 52 55 39 41 25 32 23 30 33 15 46 6 13 36 4 20 18 12 9 0 47 40 48 54 10 38 29 7 5 51 8 59 27 22 11 44 1 26 45 16 34 14 58 21 37 17 31 3
50 44 40 34 45 28 32 23 25 19 42 46 27 33 31 38 55 36 48 52 5 18 16 21 51 9 39 53 29 49 15 57 58 22 37 2 26 8 10 35 56 14 24 0 12 3 54 59 47 41 4 6 7 11 17 43 1 20 13 30
56 53 5 49 10 29 50 19 43 28 57 42 52 2 39 41 7 32 23 30 33 15 46 6 13 36 4 20 18 12 9 0 47 40 48 54 35 38 24 55 25 51 8 59 27 22 11 44 1 26 45 16 34 14 58 21 37 17 31 3
50 44 40 34 45 28 32 23 25 19 42 46 27 33 31 38 55 36 48 52 5 18 16 21 51 9 39 53 29 49 15 57 58 22 37 2 26 56 10 35 8 14 24 0 12 3 54 59 47 41 4 6 7 11 17 43 1 20 13 30
4323816148952901066 2048
41 58 5 18 28 25 48 2 31 47 44 57 50 29 43 27 37 8 33 24 14 51 7 12 45 30 52 54 56 53 16 36 21 26 35 42 59 1 20 23 17 11 9 32 0 55 6 49 34 13 10 40 19 46 39 3 4 15 22 38
57 53 35 37 48 44 20 29 59 22 51 30 24 34 38 58 5 42 12 43 54 45 40 16 4 56 3 28 14 46 47 11 17 2 52 7 1 39 50 19 23 49 10 8 55 25 6 9 13 18 32 33 41 0 27 31 21 26 36 15
41 58 5 18 28 25 48 2 31 47 44 57 50 29 43 27 37 8 33 24 14 51 7 12 45 30 52 54 56 53 16 36 21 26 35 42 59 1 20 23 17 11 9 32 0 55 6 49 34 13 10 40 19 46 39 3 4 15 22 38
57 53 35 37 48 44 20 29 59 22 51 30 24 34 38 58 5 42 12 43 54 45 40 16 4 56 3 28 14 46 47 11 17 2 52 7 1 39 50 19 23 49 10 8 55 25 6 9 13 18 32 33 41 0 27 31 21 26 36 15
11527956677950045712 2048
55 52 46 49 34 37 16 22 20 21 53 50 10 11 40 24 41 47 44 35 7 32 38 8 14 36 4 45 30 58 59 17 26 3 51 2 23 0 54 57 39 48 29 27 9 5 12 25 13 1 18 6 42 19 33 28 43 31 56 15
56 28 59 23 44 26 43 57 49 33 47 29 48 58 27 41 22 37 25 31 11 42 1 15 55 3 20 36 9 10 5 38 52 46 17 51 45 34 0 14 54 18 16 13 2 53 32 8 50 40 39 24 6 21 30 7 19 12 4 35
55 52 46 49 1 37 16 22 20 21 53 50 10 11 40 24 41 47 44 35 7 32 38 8 14 36 0 45 30 58 59 17 26 3 51 2 23 4 54 57 39 48 29 27 9 5 12 25 13 34 18 6 42 19 33 28 43 31 56 15
56 28 59 23 44 26 43 57 49 33 47 29 48 58 10 41 22 37 6 31 11 42 1 15 55 3 20 36 9 27 5 38 52 46 17 51 45 34 0 14 54 18 16 13 2 53 32 8 50 40 39 24 25 21 30 7 19 12 4 35
15444944434193481806 2048
15 43 24 58 34 25 40 47 30 38 48 59 57 54 42 39 23 32 31 20 7 22 45 28 50 18 3 52 11 12 44 6 9 51 26 46 19 8 55 37 0 53 41 27 56 35 16 4 36 2 17 10 1 21 13 14 5 29 49 33
36 56 14 34 9 47 53 24 44 31 58 41 42 48 26 25 35 29 7 52 6 17 37 16 3 23 22 12 27 50 8 55 49 43 38 10 28 11 1 59 54 5 0 18 20 15 57 39 19 30 13 45 40 2 33 32 21 51 4 46
15 43 24 58 32 25 40 47 30 38 48 59 57 54 42 39 23 34 31 20 7 22 45 28 50 18 2 52 11 12 44 6 9 51 26 46 19 8 55 37 0 53 41 27 56 35 16 4 36 3 17 10 1 21 13 14 5 29 49 33
36 56 14 34 9 47 53 24 28 31 58 41 42 48 26 25 35 29 7 52 6 17 37 16 3 23 22 12 27 50 8 57 49 43 38 10 44 11 1 59 54 5 0 18 20 15 55 39 19 30 13 45 40 2 33 32 21 51 4 46
8453056481751949447 2048
14 28 19 25 46 57 50 26 45 5 39 55 24 29 23 30 54 18 36 6 58 48 47 3 31 35 52 41 27 56 49 53 13 43 22 4 16 38 0 51 34 33 11 21 9 37 7 10 59 2 1 20 40 44 8 17 12 32 15 42
56 9 33 34 25 45 47 36 23 24 43 54 19 22 13 49 2 53 32 20 48 8 52 59 7 12 40 30 42 15 41 3 58 11 39 44 35 26 37 0 6 18 38 16 27 57 51 5 1 50 46 17 10 4 29 28 14 31 21 55
14 28 19 25 46 57 50 26 45 5 39 55 24 29 23 30 54 18 36 6 58 48 47 3 31 35 52 41 27 56 49 53 13 43 22 4 16 38 0 51 34 33 11 21 9 37 7 10 59 2 1 20 40 44 8 17 12 32 15 42
56 9 33 34 25 45 47 36 23 24 43 54 19 22 13 49 2 53 32 20 48 8 52 59 7 12 40 30 42 15 41 3 58 11 39 44 35 26 37 0 6 18 38 16 27 57 51 5 1 50 46 17 10 4 29 28 14 31 21 55
8298753123524252360 2048
12 55 42 7 33 23 38 26 36 45 43 41 24 54 27 47 30 25 11 49 34 48 59 58 0 50 6 37 56 51 20 17 5 3 39 44 57 2 53 14 19 22 32 10 35 15 21 31 13 40 8 16 46 28 9 1 29 18 52 4
44 28 24 31 19 7 50 14 59 26 58 25 55 32 57 56 0 22 37 42 49 35 5 41 54 46 48 4 53 6 38 45 47 51 15 29 3 34 13 40 30 12 18 8 36 27 17 52 33 11 21 20 16 43 10 39 9 23 2 1
12 55 42 7 33 23 38 27 36 45 43 41 24 54 26 59 30 25 11 22 34 48 47 58 0 50 6 37 56 51 20 17 5 3 39 44 35 2 53 14 19 49 32 10 57 15 21 31 13 8 4 16 46 28 9 1 29 18 52 40
44 28 24 31 19 7 26 43 59 50 58 25 55 32 42 56 3 22 37 57 49 35 5 41 54 46 48 15 53 6 38 45 47 51 4 29 0 34 13 40 30 12 18 8 36 27 17 52 33 11 21 20 16 14 10 39 9 23 2 1
3054166715092352979 2048
53 41 29 24 59 46 56 36 15 4 3 49 52 55 8 26 30 17 44 45 14 20 1 57 19 48 47 40 54 21 18 38 28 13 58 5 0 11 7 51 25 32 6 33 42 31 50 16 23 27 12 43 37 9 22 39 35 10 2 34
47 22 58 51 56 6 31 28 20 45 48 18 32 59 25 39 9 37 21 23 33 52 40 2 43 4 14 15 5 53 35 46 49 57 42 38 27 44 30 26 1 55 11 8 41 13 24 16 12 3 7 34 0 29 19 10 17 50 54 36
53 41 29 24 59 46 56 36 15 4 3 49 52 55 8 26 30 17 44 45 14 20 1 57 19 48 47 40 54 21 18 38 28 13 58 5 11 0 7 51 25 32 6 33 42 31 50 16 23 27 12 43 37 9 22 39 35 10 2 34
47 22 58 51 56 6 31 28 20 45 48 18 32 59 25 39 9 37 21 23 33 52 40 2 43 4 14 15 5 53 29 46 49 57 42 38 27 44 30 26 1 55 11 8 41 13 24 16 12 3 7 34 0 35 19 10 17 50 54 36
15561000817709519606 2048
48 36 25 52 46 37 41 34 59 4 53 13 28 51 8 56 27 39 29 23 26 15 2 47 43 16 22 38 19 42 32 7 12 3 0 58 45 33 50 55 54 6 18 17 24 57 5 35 1 20 14 49 9 10 40 21 44 11 30 31
47 54 15 27 18 58 32 37 42 30 40 55 24 17 29 38 43 51 33 12 48 16 5 2 35 21 49 11 41 25 14 13 36 56 28 0 34 9 19 22 7 53 45 31 8 1 57 52 39 59 6 20 4 26 10 44 23 50 46 3
48 41 25 52 46 37 36 34 59 4 53 13 35 51 8 56 27 39 29 23 26 15 2 47 43 16 22 38 19 42 32 7 12 3 0 58 45 33 50 55 54 6 18 17 24 57 5 28 1 20 14 49 9 10 40 21 44 11 30 31
47 54 15 27 18 58 32 37 42 30 40 55 24 17 29 38 43 51 33 12 48 16 5 2 35 21 49 11 41 25 14 13 36 56 28 0 34 9 19 22 7 53 45 31 8 1 57 52 39 59 6 20 4 26 10 44 23 50 46 3
7380562709029982651 2048
37 46 35 15 6 57 29 36 22 39 27 38 53 55 25 28 54 30 44 45 14 56 17 13 42 5 49 7 52 59 2 18 41 34 3 48 26 33 8 40 16 21 32 0 12 1 51 50 19 47 20 43 4 9 58 24 11 31 23 10
59 8 43 24 42 32 41 29 56 25 44 54 31 20 9 18 33 4 23 30 6 14 46 45 15 40 36 5 19 48 39 37 1 47 17 21 53 10 22 0 28 50 58 35 55 52 7 12 26 11 16 57 34 27 13 38 51 2 3 49
37 46 35 15 6 57 29 36 22 39 27 38 53 55 25 28 54 30 44 45 14 56 17 13 42 5 34 7 52 59 2 18 41 49 3 48 26 33 8 40 16 21 32 0 12 1 51 50 19 47 20 43 4 9 58 24 11 31 23 10
59 8 43 24 42 32 41 29 56 25 44 54 31 20 9 18 33 4 23 30 6 14 46 45 15 40 36 5 19 48 39 37 1 47 17 21 53 10 22 0 28 50 58 35 55 52 7 12 26 11 16 57 34 27 13 38 51 2 3 49
10508010569485733829 2048
28 40 52 51 33 18 42 43 6 35 31 13 26 56 0 25 32 9 44 36 49 21 58 5 47 50 14 39 41 16 48 24 54 22 37 7 57 46 2 15 30 10 1 4 59 34 53 55 20 12 45 8 19 17 29 38 23 11 27 3
58 6 26 39 2 21 35 52 42 37 43 49 4 55 56 41 40 29 31 24 44 18 17 20 3 5 38 51 15 48 9 8 12 36 34 45 11 32 54 59 19 53 57 33 50 14 1 0 25 27 22 28 16 46 7 13 47 30 23 10
28 40 52 51 33 18 42 43 6 35 31 13 26 56 0 25 32 9 44 36 49 21 58 5 47 50 14 39 41 16 48 24 54 22 37 7 57 46 2 15 30 10 1 4 59 34 53 55 20 12 45 8 19 17 29 38 23 11 27 3
58 6 26 39 2 21 35 52 42 37 43 49 4 55 56 41 40 29 31 24 44 18 17 20 3 5 38 51 15 48 9 8 12 36 34 45 11 32 54 59 19 53 57 33 50 14 1 0 25 27 22 28 16 46 7 13 47 30 23 10
2847417792093247196 2048
51 18 52 34 25 47 45 36 32 24 39 19 30 56 57 0 42 3 23 54 7 14 21 11 40 59 44 43 38 53 8 46 9 55 28 4 15 1 27 26 49 48 41 58 37 6 22 17 50 12 2 33 35 13 16 20 10 29 31 5
42 48 9 43 41 45 34 27 2 26 55 36 56 23 33 46 0 35 39 29 58 7 4 57 22 12 37 52 47 30 19 17 5 8 53 38 21 49 15 6 10 11 24 1 16 50 59 54 40 28 32 3 20 18 31 14 44 51 13 25
51 18 52 34 25 47 45 36 32 24 39 19 30 56 57 0 42 3 23 54 7 14 21 11 40 59 44 43 38 53 8 46 9 55 28 4 15 1 27 26 49 48 41 58 37 6 22 17 50 12 2 33 35 13 16 20 10 29 31 5
42 48 9 43 41 45 34 27 2 26 55 36 56 23 33 46 0 35 39 29 58 7 4 57 22 12 37 52 47 30 19 17 5 8 53 38 21 49 15 6 10 11 24 1 16 50 59 54 40 28 32 3 20 18 31 14 44 51 13 25
15823919784686444254 2048
56 51 48 17 45 34 41 26 47 22 40 37 59 52 43 10 46 33 30 0 14 55 53 2 32 19 21 3 8 11 58 13 57 54 38 49 27 44 29 42 23 31 9 24 18 4 25 28 1 20 12 16 50 35 7 6 15 36 5 39
42 48 26 29 8 32 30 55 15 39 57 9 31 25 33 53 40 50 43 21 46 45 19 58 2 36 7 52 49 59 37 38 54 3 4 10 20 51 27 1 56 16 6 18 22 41 14 5 47 17 44 35 0 13 24 12 34 11 28 23
56 51 48 17 45 34 41 26 47 22 40 37 59 52 43 10 46 33 30 0 14 55 53 2 32 19 21 3 8 11 58 13 57 54 38 49 27 44 29 42 23 31 9 24 18 4 25 28 1 20 12 16 50 35 7 6 15 36 5 39
42 48 26 29 8 32 30 55 15 39 57 9 31 25 33 53 40 50 43 21 46 45 19 58 2 36 7 52 49 59 37 38 54 3 4 10 20 51 27 1 56 16 6 18 22 41 14 5 47 17 44 35 0 13 24 12 34 11 28 23
3700000273398217077 2048
36 57 55 54 7 42 43 20 11 28 58 59 26 50 41 32 23 15 21 48 4 25 56 16 14 34 47 2 49 10 45 38 46 3 12 5 52 40 1 31 44 24 6 51 19 9 39 53 35 22 17 29 8 33 30 27 0 18 37 13
59 28 7 38 24 58 51 55 43 50 36 54 6 25 31 52 20 46 35 42 57 8 13 27 29 4 15 53 12 49 47 9 56 5 48 16 34 11 26 17 22 14 40 23 19 30 10 1 3 18 32 33 45 41 2 44 39 37 21 0
36 57 55 54 7 42 43 20 11 28 58 59 26 50 41 32 23 15 21 48 4 25 56 16 14 34 47 2 49 10 45 38 46 3 12 5 52 40 1 31 44 24 6 51 19 9 39 53 35 22 17 29 8 33 30 27 0 18 37 13
59 28 7 38 24 58 51 55 43 50 36 54 6 25 31 52 20 46 39 42 57 8 13 27 29 4 15 53 12 49 47 9 56 5 48 16 34 11 26 17 23 14 40 22 19 30 10 1 3 18 32 33 45 41 2 44 35 37 21 0
10752404102551219667 2048
46 17 9 32 56 33 36 23 41 43 30 37 18 28 49 21 57 13 26 38 16 59 7 20 15 52 39 4 55 54 44 2 12 3 22 29 35 34 53 50 24 25 10 47 58 0 14 6 27 40 45 8 42 19 5 48 1 11 31 51
52 20 32 22 12 56 41 54 45 19 44 4 43 58 35 27 37 30 38 6 8 14 47 7 59 21 23 40 16 33 46 57 34 36 13 53 0 9 26 49 51 15 39 31 5 50 24 55 48 11 1 25 10 18 17 28 29 42 2 3
46 17 9 32 56 33 36 23 41 43 30 37 18 28 49 21 57 13 26 38 16 59 7 20 15 52 39 4 55 54 44 2 12 3 22 29 35 34 53 50 24 25 10 47 58 0 14 6 27 40 45 8 42 19 5 48 1 11 31 51
52 20 32 22 12 56 41 54 45 33 44 4 43 58 35 27 37 30 38 6 34 14 47 7 59 21 23 40 16 19 46 57 8 36 13 53 0 9 26 49 51 15 39 31 5 50 24 55 48 11 1 25 10 18 17 28 29 42 2 3
17712583358275991562 2048
56 30 23 53 20 59 35 51 6 44 47 27 8 49 43 38 25 50 34 36 14 31 58 2 54 13 33 0 45 18 57 15 41 4 7 52 16 46 28 9 48 39 40 24 5 11 55 10 3 29 12 32 17 1 26 42 19 22 21 37
31 53 50 47 56 6 21 7 29 23 36 45 52 10 33 46 28 42 9 27 3 57 43 58 20 55 49 16 18 4 39 44 15 34 37 2 35 17 1 22 38 30 24 51 59 40 11 54 19 5 25 14 26 41 12 32 48 8 0 13
56 30 23 53 20 59 35 51 6 44 47 27 8 49 43 34 25 50 38 36 14 31 58 2 54 13 33 0 45 18 57 15 41 4 7 52 16 46 28 9 48 39 40 24 5 11 55 10 3 29 12 32 17 1 26 42 19 22 21 37
31 53 50 47 56 6 21 7 29 23 36 45 52 10 33 8 28 42 9 27 3 57 43 58 20 55 49 16 18 4 46 44 15 34 37 2 35 17 1 22 38 30 24 51 59 40 11 54 19 5 25 14 26 41 12 32 48 39 0 13
