FACTOR_PERMUTATION_V1 12 16 1024 1 1
10 0 1 1 1 1 1 1 1 1 1 1 0 0 2 2 2 2 2 2 2 2 2 2 0 0 2 2 2 2 2 2 2 2 2 2
0 10 1 1 1 1 1 1 1 1 1 1 0 0 2 2 2 2 2 2 2 2 2 2 0 0 2 2 2 2 2 2 2 2 2 2
1 1 10 0 1 1 1 1 1 1 1 1 2 2 0 0 2 2 2 2 2 2 2 2 2 2 0 0 2 2 2 2 2 2 2 2
1 1 0 10 1 1 1 1 1 1 1 1 2 2 0 0 2 2 2 2 2 2 2 2 2 2 0 0 2 2 2 2 2 2 2 2
1 1 1 1 10 0 1 1 1 1 1 1 2 2 2 2 0 0 2 2 2 2 2 2 2 2 2 2 0 0 2 2 2 2 2 2
1 1 1 1 0 10 1 1 1 1 1 1 2 2 2 2 0 0 2 2 2 2 2 2 2 2 2 2 0 0 2 2 2 2 2 2
1 1 1 1 1 1 10 0 1 1 1 1 2 2 2 2 2 2 0 0 2 2 2 2 2 2 2 2 2 2 0 0 2 2 2 2
1 1 1 1 1 1 0 10 1 1 1 1 2 2 2 2 2 2 0 0 2 2 2 2 2 2 2 2 2 2 0 0 2 2 2 2
1 1 1 1 1 1 1 1 10 0 1 1 2 2 2 2 2 2 2 2 0 0 2 2 2 2 2 2 2 2 2 2 0 0 2 2
1 1 1 1 1 1 1 1 0 10 1 1 2 2 2 2 2 2 2 2 0 0 2 2 2 2 2 2 2 2 2 2 0 0 2 2
1 1 1 1 1 1 1 1 1 1 10 0 2 2 2 2 2 2 2 2 2 2 0 0 2 2 2 2 2 2 2 2 2 2 0 0
1 1 1 1 1 1 1 1 1 1 0 10 2 2 2 2 2 2 2 2 2 2 0 0 2 2 2 2 2 2 2 2 2 2 0 0
0 0 2 2 2 2 2 2 2 2 2 2 10 0 1 1 1 1 1 1 1 1 1 1 0 0 2 2 2 2 2 2 2 2 2 2
0 0 2 2 2 2 2 2 2 2 2 2 0 10 1 1 1 1 1 1 1 1 1 1 0 0 2 2 2 2 2 2 2 2 2 2
2 2 0 0 2 2 2 2 2 2 2 2 1 1 10 0 1 1 1 1 1 1 1 1 2 2 0 0 2 2 2 2 2 2 2 2
2 2 0 0 2 2 2 2 2 2 2 2 1 1 0 10 1 1 1 1 1 1 1 1 2 2 0 0 2 2 2 2 2 2 2 2
2 2 2 2 0 0 2 2 2 2 2 2 1 1 1 1 10 0 1 1 1 1 1 1 2 2 2 2 0 0 2 2 2 2 2 2
2 2 2 2 0 0 2 2 2 2 2 2 1 1 1 1 0 10 1 1 1 1 1 1 2 2 2 2 0 0 2 2 2 2 2 2
2 2 2 2 2 2 0 0 2 2 2 2 1 1 1 1 1 1 10 0 1 1 1 1 2 2 2 2 2 2 0 0 2 2 2 2
2 2 2 2 2 2 0 0 2 2 2 2 1 1 1 1 1 1 0 10 1 1 1 1 2 2 2 2 2 2 0 0 2 2 2 2
2 2 2 2 2 2 2 2 0 0 2 2 1 1 1 1 1 1 1 1 10 0 1 1 2 2 2 2 2 2 2 2 0 0 2 2
2 2 2 2 2 2 2 2 0 0 2 2 1 1 1 1 1 1 1 1 0 10 1 1 2 2 2 2 2 2 2 2 0 0 2 2
2 2 2 2 2 2 2 2 2 2 0 0 1 1 1 1 1 1 1 1 1 1 10 0 2 2 2 2 2 2 2 2 2 2 0 0
2 2 2 2 2 2 2 2 2 2 0 0 1 1 1 1 1 1 1 1 1 1 0 10 2 2 2 2 2 2 2 2 2 2 0 0
0 0 2 2 2 2 2 2 2 2 2 2 0 0 2 2 2 2 2 2 2 2 2 2 10 0 1 1 1 1 1 1 1 1 1 1
0 0 2 2 2 2 2 2 2 2 2 2 0 0 2 2 2 2 2 2 2 2 2 2 0 10 1 1 1 1 1 1 1 1 1 1
2 2 0 0 2 2 2 2 2 2 2 2 2 2 0 0 2 2 2 2 2 2 2 2 1 1 10 0 1 1 1 1 1 1 1 1
2 2 0 0 2 2 2 2 2 2 2 2 2 2 0 0 2 2 2 2 2 2 2 2 1 1 0 10 1 1 1 1 1 1 1 1
2 2 2 2 0 0 2 2 2 2 2 2 2 2 2 2 0 0 2 2 2 2 2 2 1 1 1 1 10 0 1 1 1 1 1 1
2 2 2 2 0 0 2 2 2 2 2 2 2 2 2 2 0 0 2 2 2 2 2 2 1 1 1 1 0 10 1 1 1 1 1 1
2 2 2 2 2 2 0 0 2 2 2 2 2 2 2 2 2 2 0 0 2 2 2 2 1 1 1 1 1 1 10 0 1 1 1 1
2 2 2 2 2 2 0 0 2 2 2 2 2 2 2 2 2 2 0 0 2 2 2 2 1 1 1 1 1 1 0 10 1 1 1 1
2 2 2 2 2 2 2 2 0 0 2 2 2 2 2 2 2 2 2 2 0 0 2 2 1 1 1 1 1 1 1 1 10 0 1 1
2 2 2 2 2 2 2 2 0 0 2 2 2 2 2 2 2 2 2 2 0 0 2 2 1 1 1 1 1 1 1 1 0 10 1 1
2 2 2 2 2 2 2 2 2 2 0 0 2 2 2 2 2 2 2 2 2 2 0 0 1 1 1 1 1 1 1 1 1 1 10 0
2 2 2 2 2 2 2 2 2 2 0 0 2 2 2 2 2 2 2 2 2 2 0 0 1 1 1 1 1 1 1 1 1 1 0 10
0 2
0 3
0 4
0 5
0 6
0 7
0 8
0 9
0 10
0 11
1 2
1 3
1 4
1 5
1 6
1 7
1 8
1 9
1 10
1 11
2 4
2 5
2 6
2 7
2 8
2 9
2 10
2 11
3 4
3 5
3 6
3 7
3 8
3 9
3 10
3 11
4 6
4 7
4 8
4 9
4 10
4 11
5 6
5 7
5 8
5 9
5 10
5 11
6 8
6 9
6 10
6 11
7 8
7 9
7 10
7 11
8 10
8 11
9 10
9 11
0 2
0 3
0 4
0 5
0 6
0 7
0 8
0 9
0 10
0 11
1 2
1 3
1 4
1 5
1 6
1 7
1 8
1 9
1 10
1 11
2 4
2 5
2 6
2 7
2 8
2 9
2 10
2 11
3 4
3 5
3 6
3 7
3 8
3 9
3 10
3 11
4 6
4 7
4 8
4 9
4 10
4 11
5 6
5 7
5 8
5 9
5 10
5 11
6 8
6 9
6 10
6 11
7 8
7 9
7 10
7 11
8 10
8 11
9 10
9 11
0 2
0 3
0 4
0 5
0 6
0 7
0 8
0 9
0 10
0 11
1 2
1 3
1 4
1 5
1 6
1 7
1 8
1 9
1 10
1 11
2 4
2 5
2 6
2 7
2 8
2 9
2 10
2 11
3 4
3 5
3 6
3 7
3 8
3 9
3 10
3 11
4 6
4 7
4 8
4 9
4 10
4 11
5 6
5 7
5 8
5 9
5 10
5 11
6 8
6 9
6 10
6 11
7 8
7 9
7 10
7 11
8 10
8 11
9 10
9 11
16347899583575087154 1024
31 24 19 54 59 38 43 29 49 40 56 37 33 0 25 55 51 44 12 45 47 9 7 14 20 8 53 48 5 11 41 17 4 50 42 16 18 57 46 2 52 22 6 26 58 23 35 36 1 28 21 32 39 34 13 3 30 15 10 27
6 15 51 26 33 44 8 58 20 31 45 59 37 34 56 29 18 24 22 1 7 55 40 39 36 4 11 27 52 41 10 43 46 32 57 50 16 30 23 35 28 17 0 9 42 14 48 25 47 5 53 13 19 12 54 49 2 38 21 3
31 24 19 54 59 38 43 29 49 40 56 37 33 0 25 55 51 44 12 45 47 9 7 14 20 8 53 48 5 11 41 17 4 50 42 16 18 57 46 2 52 22 6 26 58 23 35 36 1 28 21 32 39 34 13 3 30 15 10 27
6 15 51 26 33 44 8 58 20 31 45 59 37 34 56 29 18 24 22 1 7 55 40 39 36 4 11 27 52 41 10 43 46 32 57 50 16 30 23 35 28 17 0 9 42 14 48 25 47 5 53 13 19 12 54 49 2 38 21 3
10354465689702357704 1024
56 53 5 33 10 16 50 19 43 28 57 42 52 55 21 41 49 32 23 30 7 15 46 6 13 36 4 20 18 12 9 0 47 40 44 54 35 38 24 2 25 51 8 59 27 22 11 48 31 26 45 29 34 14 58 39 37 17 1 3
5 44 40 34 47 28 32 23 25 19 29 10 59 46 31 38 55 36 48 33 50 52 16 27 51 8 39 15 45 49 53 56 58 22 37 2 4 57 18 35 0 14 24 9 12 3 54 21 7 41 26 6 42 11 17 43 1 20 13 30
56 53 5 33 10 16 50 19 43 28 57 42 52 55 21 41 49 32 23 30 7 15 46 6 13 36 4 20 18 12 9 0 47 40 44 54 35 38 24 2 25 51 8 59 27 22 11 48 31 26 45 29 34 14 58 39 37 17 1 3
5 44 40 34 47 28 32 23 25 19 29 10 59 46 31 38 55 36 48 33 50 52 16 27 51 8 39 15 45 49 53 56 58 22 37 2 4 57 18 35 0 14 24 9 12 3 54 21 7 41 26 6 42 11 17 43 1 20 13 30
8735392532882298916 1024
47 25 5 58 2 18 30 6 31 42 39 57 50 13 43 27 37 8 33 24 51 48 7 12 45 29 54 52 56 53 16 36 20 28 41 55 59 1 21 23 38 11 35 32 0 9 26 49 34 14 10 40 19 17 44 3 4 15 22 46
57 53 48 37 8 44 38 35 59 22 51 30 24 34 20 58 5 42 17 43 54 45 40 16 4 46 28 7 18 56 12 11 27 2 52 3 1 41 14 19 23 49 10 50 29 25 6 9 47 55 32 33 39 0 21 31 13 26 36 15
47 25 5 58 2 18 30 6 31 42 39 57 50 13 43 27 28 8 33 24 51 48 7 12 45 14 54 52 56 53 16 36 20 37 41 55 59 1 21 23 38 11 35 32 0 9 26 49 34 46 10 40 19 17 44 3 4 15 22 29
57 53 48 37 8 47 38 35 59 22 51 30 24 34 20 58 5 42 17 43 54 45 40 16 4 46 28 7 18 56 12 11 27 2 52 3 1 41 14 19 23 49 10 50 29 25 6 9 44 55 32 33 39 0 21 31 13 26 36 15
1972988062706750785 1024
55 52 56 48 33 34 39 51 46 21 53 50 30 0 40 24 41 59 44 35 7 16 38 8 14 31 4 45 13 58 47 17 26 3 22 2 23 32 54 57 11 49 29 27 9 5 12 25 10 28 18 6 42 19 1 36 43 37 20 15
56 28 6 23 44 40 43 1 49 31 3 29 48 58 10 41 22 37 47 33 35 42 26 15 55 17 20 36 9 11 5 38 52 46 59 51 45 50 0 14 54 18 19 13 2 53 32 8 34 57 39 24 25 21 30 7 16 12 4 27
55 52 56 48 33 34 39 51 46 21 53 50 30 0 40 24 41 59 44 35 7 16 38 8 14 31 4 45 13 58 47 17 26 3 22 2 23 32 54 57 11 49 29 27 9 5 12 25 10 28 18 6 42 19 1 36 43 37 20 15
56 28 6 23 44 40 43 1 49 31 3 29 48 58 10 41 22 37 47 33 35 42 26 15 55 17 20 36 9 11 5 38 52 46 59 51 45 0 50 14 54 18 19 13 2 53 32 8 34 57 39 24 25 21 30 7 16 12 4 27
12517518291439237031 1024
53 43 24 58 32 21 47 9 30 38 48 59 57 42 54 39 25 34 31 20 45 22 7 28 50 18 2 52 11 12 44 6 40 51 26 46 19 8 55 37 0 15 41 27 56 35 16 4 36 3 17 10 1 23 13 14 5 29 49 33
36 44 14 34 52 47 53 24 28 31 58 41 42 48 26 25 35 29 7 6 23 17 43 16 3 9 22 12 27 50 8 39 49 37 38 10 32 30 1 59 54 2 0 5 20 15 55 57 19 11 13 45 40 18 33 56 21 51 4 46
53 42 24 58 32 21 47 9 30 38 48 59 57 43 54 39 25 34 31 20 45 22 7 28 50 18 2 52 11 12 44 6 40 51 26 46 19 8 55 37 0 15 41 27 56 35 16 4 36 3 17 10 1 23 13 14 5 29 49 33
36 44 14 34 52 47 53 24 28 31 58 41 42 48 26 25 35 29 7 6 23 17 43 16 3 39 22 12 27 50 8 9 49 37 38 10 32 30 1 59 54 2 0 5 20 15 55 57 19 11 13 45 40 18 33 56 21 51 4 46
622872511868296220 1024
12 28 55 25 46 57 50 26 9 21 59 39 22 32 29 30 54 18 36 10 58 48 3 47 37 35 52 40 27 56 19 17 13 42 43 4 16 38 0 51 34 33 11 5 7 23 49 24 44 2 31 20 41 45 8 53 14 1 15 6
48 9 52 34 24 45 47 36 53 25 13 43 8 22 59 39 2 23 32 44 33 0 56 5 7 12 40 30 42 15 41 50 58 11 19 49 35 26 37 54 6 18 38 16 27 57 20 55 1 51 46 17 10 4 29 28 14 31 21 3
12 28 55 59 46 57 50 26 9 21 25 39 22 47 32 10 54 40 36 30 58 48 3 29 37 35 52 18 27 56 19 17 13 42 43 4 16 38 0 51 34 33 11 5 7 23 49 24 44 2 31 20 41 45 8 53 14 1 15 6
48 9 52 34 24 45 47 36 53 25 13 43 8 22 59 39 2 23 32 44 33 0 56 5 7 12 40 30 42 15 41 50 58 11 19 49 35 26 37 31 6 18 38 16 27 57 20 55 1 51 46 17 10 4 29 28 14 54 21 3
3213047712597686274 1024
12 50 42 17 31 23 38 27 36 45 43 41 24 54 26 59 30 25 11 32 55 33 47 58 4 34 6 37 56 8 20 19 5 3 39 51 35 2 53 14 7 22 0 48 57 15 21 10 13 44 49 16 46 28 9 1 29 18 52 40
44 28 24 31 8 7 26 43 59 50 58 25 30 32 42 56 0 27 37 51 49 19 5 41 54 46 48 15 53 6 38 45 47 35 4 13 57 34 29 18 55 12 40 9 36 22 17 52 33 11 21 20 16 14 10 39 3 23 2 1
12 50 42 17 31 23 38 27 36 45 43 41 24 54 26 59 30 25 11 32 55 33 47 58 4 34 6 37 56 8 20 19 5 3 39 51 35 2 53 14 7 22 0 48 57 15 21 10 13 44 49 16 46 28 9 1 29 18 52 40
44 28 24 31 8 7 26 43 59 50 58 25 30 32 42 56 0 27 37 51 49 19 5 41 54 46 48 15 53 6 38 45 47 35 4 13 57 34 29 18 55 12 40 9 36 22 17 52 33 11 21 20 16 14 10 39 3 23 2 1
908343540621843840 1024
53 28 29 24 59 46 56 36 15 4 20 22 44 55 8 26 30 17 52 45 14 16 1 57 19 48 47 40 54 9 18 12 41 13 58 23 39 0 7 51 3 35 6 33 42 31 50 25 21 27 38 43 37 5 49 11 32 10 2 34
47 22 58 52 16 6 31 41 20 45 59 18 32 48 25 39 9 37 21 23 33 51 40 2 43 4 49 12 15 55 29 8 28 57 42 38 27 44 30 26 53 1 7 46 11 17 24 5 14 3 56 34 0 35 19 10 13 50 54 36
53 55 29 24 59 46 56 44 14 4 20 3 23 28 50 26 30 17 52 45 15 16 1 57 19 48 47 40 54 9 18 12 41 13 58 49 39 0 7 51 22 35 6 33 42 31 8 25 21 27 38 43 37 5 36 11 32 10 2 34
47 14 58 36 16 6 31 41 20 45 59 18 32 48 25 28 9 37 21 23 57 51 40 2 43 4 49 10 15 55 29 8 39 33 42 38 27 44 30 26 53 1 7 46 11 17 24 5 22 3 34 56 0 35 19 12 13 50 54 52
11994331013579909424 1024
48 57 25 4 52 37 14 34 16 46 38 13 35 51 1 56 23 39 22 27 26 15 2 9 43 59 29 53 19 42 32 7 55 3 0 58 45 33 50 12 54 6 18 17 24 41 5 28 8 20 36 49 47 10 40 21 44 11 31 30
9 33 15 27 18 25 32 37 42 30 40 55 24 17 29 38 43 51 54 12 48 16 5 46 35 21 49 11 41 58 14 56 36 13 28 0 34 47 10 22 7 53 45 31 8 1 57 52 39 59 6 20 4 26 19 44 23 50 2 3
48 57 25 4 52 37 14 34 16 46 38 13 35 51 1 56 23 39 22 27 26 15 2 9 43 59 29 53 19 42 32 7 55 3 0 58 45 33 50 12 54 6 18 17 24 41 5 28 8 20 36 49 47 10 40 21 44 11 31 30
9 33 15 27 18 25 32 37 42 30 40 55 24 17 29 38 43 51 54 12 48 16 5 46 35 21 49 11 41 58 14 56 36 13 28 0 34 47 10 22 7 53 45 31 8 1 57 52 39 59 6 20 4 26 19 44 23 50 2 3
2583527415244049209 1024
37 9 35 15 24 41 29 57 22 34 27 38 53 59 58 28 54 11 44 45 51 56 17 13 42 5 7 43 52 55 39 18 36 49 3 48 26 25 8 40 16 21 32 12 0 1 10 50 19 47 30 2 4 46 33 6 20 31 23 14
59 49 43 24 51 25 41 29 56 32 44 54 31 20 9 18 33 4 23 30 6 14 46 45 15 40 36 5 19 48 8 37 1 47 38 21 17 10 22 57 28 50 58 35 52 55 7 12 26 11 42 27 34 0 16 39 13 2 3 53
37 9 35 15 24 41 29 57 22 34 27 38 53 59 58 28 54 11 44 45 51 56 17 13 42 5 7 43 52 55 39 18 36 49 3 48 26 25 8 40 16 21 32 12 0 1 10 50 19 47 30 2 4 46 33 6 20 31 23 14
59 49 43 24 51 25 41 29 56 32 44 54 31 20 9 18 33 4 23 30 6 14 46 45 15 40 36 5 19 48 8 37 1 47 38 21 17 10 22 57 28 50 58 35 52 55 7 12 26 11 42 27 34 0 16 39 13 2 3 53
17039746299758728138 1024
14 40 52 51 33 18 42 43 6 21 32 13 25 56 0 44 31 9 46 36 49 16 58 5 47 27 12 39 19 59 48 35 54 7 37 22 57 26 2 15 30 10 1 4 24 34 53 55 20 28 45 8 41 17 29 38 23 11 50 3
58 9 26 39 27 23 35 52 48 12 43 49 53 55 56 41 18 29 1 24 6 28 17 20 50 5 38 4 22 15 8 44 37 36 34 45 11 32 54 59 10 51 57 33 3 42 14 0 25 40 31 21 16 46 7 13 47 30 2 19
14 39 52 51 33 18 42 43 6 21 32 13 25 56 0 44 31 9 46 36 49 16 58 5 47 27 12 40 19 59 48 35 54 7 37 22 57 26 2 15 30 10 1 4 24 34 53 55 20 28 45 8 41 17 29 38 23 11 50 3
58 9 26 39 27 23 35 52 48 12 43 49 53 55 56 41 18 29 1 24 6 28 17 20 50 5 38 4 22 15 8 44 37 36 34 45 11 32 54 59 10 51 57 33 3 42 14 0 25 40 31 21 16 46 7 13 47 30 2 19
2170169122901682860 1024
51 18 9 34 24 52 45 37 32 25 39 19 30 56 57 0 49 3 23 54 7 22 47 11 40 59 44 43 58 53 21 46 28 36 38 4 15 13 27 26 42 48 5 35 55 6 14 16 50 12 2 33 8 1 17 20 10 29 31 41
42 36 37 49 41 2 34 45 44 26 55 56 48 23 33 46 21 35 39 28 58 59 4 57 22 12 19 5 47 30 16 17 20 8 43 38 29 53 15 6 10 11 24 13 9 50 7 54 40 27 52 3 31 1 0 14 32 51 18 25
51 18 9 34 24 52 45 37 32 25 39 19 30 56 57 0 49 3 23 54 7 22 47 11 40 59 44 43 58 53 21 46 28 36 38 4 15 13 27 26 42 48 5 35 55 6 14 16 50 12 2 33 8 1 17 20 10 29 31 41
42 36 37 49 41 2 34 45 44 26 55 56 48 23 33 46 21 35 39 28 58 59 4 57 22 12 19 5 47 30 16 17 20 8 43 38 29 53 15 6 10 11 24 13 9 50 7 54 40 27 52 3 31 1 0 14 32 51 18 25
11417024403739793850 1024
53 40 52 8 45 34 41 21 47 10 51 38 59 48 29 36 46 33 15 0 14 2 20 26 32 19 54 3 27 11 58 13 57 55 37 49 17 25 43 4 30 28 9 24 18 42 44 31 1 56 12 16 50 35 7 6 22 23 5 39
19 30 26 10 8 33 48 55 17 37 22 18 31 25 40 59 38 50 52 58 46 7 57 15 5 20 45 43 49 53 39 32 47 3 4 44 12 51 27 1 41 16 54 2 42 34 14 9 29 6 21 35 0 13 24 36 56 11 28 23
53 40 52 8 45 34 41 21 47 10 51 38 59 48 29 36 46 33 15 0 14 2 20 26 32 19 54 3 27 11 58 13 57 55 37 49 17 25 43 4 30 28 9 24 18 42 44 31 1 56 12 16 50 35 7 6 22 23 5 39
19 30 26 10 8 33 48 55 17 37 22 18 31 25 40 59 38 50 52 58 46 7 57 15 5 20 45 43 49 53 39 32 47 3 4 44 12 51 27 1 41 16 54 2 42 34 14 9 29 6 21 35 0 13 24 36 56 11 28 23
4574476388265584957 1024
23 57 8 54 36 56 43 20 11 28 34 59 26 50 41 47 24 15 21 48 37 42 44 7 14 58 32 2 1 10 45 38 46 3 12 5 16 40 49 35 55 25 6 9 19 51 39 53 33 22 17 29 4 31 30 27 0 18 52 13
31 5 29 38 24 58 51 40 43 50 48 55 6 23 7 52 20 46 39 28 57 8 13 12 59 4 15 53 54 49 26 34 14 47 36 16 9 11 56 17 25 42 27 22 10 30 19 1 3 18 32 33 45 41 2 44 35 37 21 0
23 57 8 54 36 56 43 20 11 28 34 59 26 50 41 47 24 15 21 48 37 42 44 7 14 58 32 2 1 10 45 38 46 3 12 5 16 40 49 35 55 25 6 9 19 51 39 53 33 22 17 29 4 31 30 27 0 18 52 13
31 5 29 38 24 58 51 56 43 50 48 55 6 23 7 52 20 46 39 28 57 8 13 12 59 4 15 53 54 49 26 34 14 47 36 16 9 11 40 17 25 42 27 22 10 30 19 1 3 18 32 33 45 41 2 44 35 37 21 0
876569748977997341 1024
46 17 9 28 56 8 36 23 24 43 30 55 18 32 49 21 57 13 26 38 48 59 7 15 20 52 41 4 37 54 6 29 47 3 22 33 35 34 14 50 16 25 10 19 58 0 53 44 27 40 45 5 42 12 2 39 1 11 31 51
30 20 32 6 0 56 41 54 45 33 52 46 43 58 35 27 37 57 38 16 34 14 47 7 9 21 22 40 18 19 4 44 1 36 13 53 12 59 26 49 51 15 39 17 5 50 24 55 48 11 8 25 10 23 31 28 29 42 2 3
46 17 9 28 56 8 36 23 24 43 30 55 26 32 49 21 57 13 18 38 48 59 7 15 20 52 41 4 37 54 6 29 47 33 22 3 35 34 1 50 44 25 10 19 58 0 53 16 27 40 45 5 42 12 2 39 14 11 31 51
30 20 32 6 0 56 41 54 45 33 52 46 43 58 35 27 37 50 38 16 34 14 47 7 9 21 22 40 18 19 4 44 1 36 15 53 12 59 26 49 51 13 39 17 5 57 24 55 48 11 8 25 10 23 31 28 29 42 2 3
6341244625493201056 1024
56 30 23 45 20 59 33 51 6 44 47 27 8 49 43 34 25 36 38 16 14 31 58 2 54 18 55 0 53 5 57 15 41 13 39 52 19 26 28 9 48 7 40 24 4 37 35 10 3 29 12 11 17 1 46 42 22 50 21 32
30 38 58 4 56 12 26 7 29 23 36 43 52 10 33 8 28 42 9 27 3 57 45 50 20 55 6 16 18 47 46 44 15 34 31 2 35 17 1 22 37 49 24 51 54 11 53 39 19 5 25 40 59 41 14 32 48 21 0 13
56 30 23 45 20 59 33 51 6 44 47 27 8 49 43 34 25 36 38 16 14 31 58 2 54 18 55 0 53 5 57 15 41 13 39 52 19 26 28 9 48 7 40 24 4 37 35 10 3 29 12 11 17 1 46 42 22 50 21 32
30 38 58 4 56 12 26 7 29 23 36 43 52 10 33 8 28 42 9 27 3 57 45 50 20 55 6 16 18 47 46 44 15 34 31 2 35 17 1 22 37 49 24 51 54 11 53 39 19 5 25 40 59 41 14 32 48 21 0 13
