FACTOR_PERMUTATION_V1 12 16 1024 1 1
10 0 1 1 1 1 1 1 1 1 1 1 0 0 2 2 2 2 2 2 2 2 2 2 0 0 2 2 2 2 2 2 2 2 2 2
0 10 1 1 1 1 1 1 1 1 1 1 0 0 2 2 2 2 2 2 2 2 2 2 0 0 2 2 2 2 2 2 2 2 2 2
1 1 10 0 1 1 1 1 1 1 1 1 2 2 0 0 2 2 2 2 2 2 2 2 2 2 0 0 2 2 2 2 2 2 2 2
1 1 0 10 1 1 1 1 1 1 1 1 2 2 0 0 2 2 2 2 2 2 2 2 2 2 0 0 2 2 2 2 2 2 2 2
1 1 1 1 10 0 1 1 1 1 1 1 2 2 2 2 0 0 2 2 2 2 2 2 2 2 2 2 0 0 2 2 2 2 2 2
1 1 1 1 0 10 1 1 1 1 1 1 2 2 2 2 0 0 2 2 2 2 2 2 2 2 2 2 0 0 2 2 2 2 2 2
1 1 1 1 1 1 10 0 1 1 1 1 2 2 2 2 2 2 0 0 2 2 2 2 2 2 2 2 2 2 0 0 2 2 2 2
1 1 1 1 1 1 0 10 1 1 1 1 2 2 2 2 2 2 0 0 2 2 2 2 2 2 2 2 2 2 0 0 2 2 2 2
1 1 1 1 1 1 1 1 10 0 1 1 2 2 2 2 2 2 2 2 0 0 2 2 2 2 2 2 2 2 2 2 0 0 2 2
1 1 1 1 1 1 1 1 0 10 1 1 2 2 2 2 2 2 2 2 0 0 2 2 2 2 2 2 2 2 2 2 0 0 2 2
1 1 1 1 1 1 1 1 1 1 10 0 2 2 2 2 2 2 2 2 2 2 0 0 2 2 2 2 2 2 2 2 2 2 0 0
1 1 1 1 1 1 1 1 1 1 0 10 2 2 2 2 2 2 2 2 2 2 0 0 2 2 2 2 2 2 2 2 2 2 0 0
0 0 2 2 2 2 2 2 2 2 2 2 10 0 1 1 1 1 1 1 1 1 1 1 0 0 2 2 2 2 2 2 2 2 2 2
0 0 2 2 2 2 2 2 2 2 2 2 0 10 1 1 1 1 1 1 1 1 1 1 0 0 2 2 2 2 2 2 2 2 2 2
2 2 0 0 2 2 2 2 2 2 2 2 1 1 10 0 1 1 1 1 1 1 1 1 2 2 0 0 2 2 2 2 2 2 2 2
2 2 0 0 2 2 2 2 2 2 2 2 1 1 0 10 1 1 1 1 1 1 1 1 2 2 0 0 2 2 2 2 2 2 2 2
2 2 2 2 0 0 2 2 2 2 2 2 1 1 1 1 10 0 1 1 1 1 1 1 2 2 2 2 0 0 2 2 2 2 2 2
2 2 2 2 0 0 2 2 2 2 2 2 1 1 1 1 0 10 1 1 1 1 1 1 2 2 2 2 0 0 2 2 2 2 2 2
2 2 2 2 2 2 0 0 2 2 2 2 1 1 1 1 1 1 10 0 1 1 1 1 2 2 2 2 2 2 0 0 2 2 2 2
2 2 2 2 2 2 0 0 2 2 2 2 1 1 1 1 1 1 0 10 1 1 1 1 2 2 2 2 2 2 0 0 2 2 2 2
2 2 2 2 2 2 2 2 0 0 2 2 1 1 1 1 1 1 1 1 10 0 1 1 2 2 2 2 2 2 2 2 0 0 2 2
2 2 2 2 2 2 2 2 0 0 2 2 1 1 1 1 1 1 1 1 0 10 1 1 2 2 2 2 2 2 2 2 0 0 2 2
2 2 2 2 2 2 2 2 2 2 0 0 1 1 1 1 1 1 1 1 1 1 10 0 2 2 2 2 2 2 2 2 2 2 0 0
2 2 2 2 2 2 2 2 2 2 0 0 1 1 1 1 1 1 1 1 1 1 0 10 2 2 2 2 2 2 2 2 2 2 0 0
0 0 2 2 2 2 2 2 2 2 2 2 0 0 2 2 2 2 2 2 2 2 2 2 10 0 1 1 1 1 1 1 1 1 1 1
0 0 2 2 2 2 2 2 2 2 2 2 0 0 2 2 2 2 2 2 2 2 2 2 0 10 1 1 1 1 1 1 1 1 1 1
2 2 0 0 2 2 2 2 2 2 2 2 2 2 0 0 2 2 2 2 2 2 2 2 1 1 10 0 1 1 1 1 1 1 1 1
2 2 0 0 2 2 2 2 2 2 2 2 2 2 0 0 2 2 2 2 2 2 2 2 1 1 0 10 1 1 1 1 1 1 1 1
2 2 2 2 0 0 2 2 2 2 2 2 2 2 2 2 0 0 2 2 2 2 2 2 1 1 1 1 10 0 1 1 1 1 1 1
2 2 2 2 0 0 2 2 2 2 2 2 2 2 2 2 0 0 2 2 2 2 2 2 1 1 1 1 0 10 1 1 1 1 1 1
2 2 2 2 2 2 0 0 2 2 2 2 2 2 2 2 2 2 0 0 2 2 2 2 1 1 1 1 1 1 10 0 1 1 1 1
2 2 2 2 2 2 0 0 2 2 2 2 2 2 2 2 2 2 0 0 2 2 2 2 1 1 1 1 1 1 0 10 1 1 1 1
2 2 2 2 2 2 2 2 0 0 2 2 2 2 2 2 2 2 2 2 0 0 2 2 1 1 1 1 1 1 1 1 10 0 1 1
2 2 2 2 2 2 2 2 0 0 2 2 2 2 2 2 2 2 2 2 0 0 2 2 1 1 1 1 1 1 1 1 0 10 1 1
2 2 2 2 2 2 2 2 2 2 0 0 2 2 2 2 2 2 2 2 2 2 0 0 1 1 1 1 1 1 1 1 1 1 10 0
2 2 2 2 2 2 2 2 2 2 0 0 2 2 2 2 2 2 2 2 2 2 0 0 1 1 1 1 1 1 1 1 1 1 0 10
0 2
0 3
0 4
0 5
0 6
0 7
0 8
0 9
0 10
0 11
1 2
1 3
1 4
1 5
1 6
1 7
1 8
1 9
1 10
1 11
2 4
2 5
2 6
2 7
2 8
2 9
2 10
2 11
3 4
3 5
3 6
3 7
3 8
3 9
3 10
3 11
4 6
4 7
4 8
4 9
4 10
4 11
5 6
5 7
5 8
5 9
5 10
5 11
6 8
6 9
6 10
6 11
7 8
7 9
7 10
7 11
8 10
8 11
9 10
9 11
0 2
0 3
0 4
0 5
0 6
0 7
0 8
0 9
0 10
0 11
1 2
1 3
1 4
1 5
1 6
1 7
1 8
1 9
1 10
1 11
2 4
2 5
2 6
2 7
2 8
2 9
2 10
2 11
3 4
3 5
3 6
3 7
3 8
3 9
3 10
3 11
4 6
4 7
4 8
4 9
4 10
4 11
5 6
5 7
5 8
5 9
5 10
5 11
6 8
6 9
6 10
6 11
7 8
7 9
7 10
7 11
8 10
8 11
9 10
9 11
0 2
0 3
0 4
0 5
0 6
0 7
0 8
0 9
0 10
0 11
1 2
1 3
1 4
1 5
1 6
1 7
1 8
1 9
1 10
1 11
2 4
2 5
2 6
2 7
2 8
2 9
2 10
2 11
3 4
3 5
3 6
3 7
3 8
3 9
3 10
3 11
4 6
4 7
4 8
4 9
4 10
4 11
5 6
5 7
5 8
5 9
5 10
5 11
6 8
6 9
6 10
6 11
7 8
7 9
7 10
7 11
8 10
8 11
9 10
9 11
10277757394667338882 0
35 0 30 42 27 28 54 6 46 36 56 11 33 13 24 25 57 47 39 45 38 22 55 14 29 8 12 16 3 4 50 17 32 20 43 52 21 48 40 2 58 18 34 26 23 49 15 37 1 51 41 31 59 44 7 5 19 53 10 9
48 18 53 0 56 11 59 32 2 52 50 51 43 38 40 9 26 24 13 14 49 1 29 46 22 58 12 21 7 37 45 31 5 33 57 28 36 30 42 41 27 17 4 20 8 16 55 25 6 23 10 19 39 34 44 35 3 54 15 47
35 0 30 42 27 28 54 6 46 36 56 11 33 13 24 25 57 47 39 45 38 22 55 14 29 8 12 16 3 4 50 17 32 20 43 52 21 48 40 2 58 18 34 26 23 49 15 37 1 51 41 31 59 44 7 5 19 53 10 9
48 18 53 0 56 11 59 32 2 52 50 51 43 38 40 9 26 24 13 14 49 1 29 46 22 58 12 21 7 37 45 31 5 33 57 28 36 30 42 41 27 17 4 20 8 16 55 25 6 23 10 19 39 34 44 35 3 54 15 47
10817467978951845033 0
18 40 27 33 10 0 50 19 46 7 28 29 37 57 51 23 58 32 26 55 56 15 38 24 49 36 4 20 30 5 9 16 47 11 43 54 35 13 34 2 59 1 14 12 44 22 21 3 31 6 41 48 8 25 39 53 52 17 45 42
27 55 48 16 54 25 24 14 11 4 50 38 58 19 28 46 21 51 7 33 47 15 26 0 22 41 42 23 13 49 20 17 37 59 32 52 36 10 29 35 5 40 12 3 39 57 31 43 1 34 53 8 9 18 56 6 2 44 45 30
18 40 27 33 10 0 50 19 46 7 28 29 37 57 51 23 58 32 26 55 56 15 38 24 49 36 4 20 30 5 9 16 47 11 43 54 35 13 34 2 59 1 14 12 44 22 21 3 31 6 41 48 8 25 39 53 52 17 45 42
27 55 48 16 54 25 24 14 11 4 50 38 58 19 28 46 21 51 7 33 47 15 26 0 22 41 42 23 13 49 20 17 37 59 32 52 36 10 29 35 5 40 12 3 39 57 31 43 1 34 53 8 9 18 56 6 2 44 45 30
15603015684810173063 0
12 59 5 10 24 50 52 3 31 0 19 22 29 17 44 8 28 46 33 20 39 56 9 16 35 51 54 30 27 11 13 32 18 37 7 4 2 1 41 36 48 42 21 14 45 47 25 34 53 43 57 40 49 15 55 38 58 6 26 23
20 53 23 36 58 47 38 51 59 13 50 31 33 16 52 57 45 43 4 9 1 48 54 35 40 46 37 21 18 44 25 39 12 28 6 7 5 41 32 8 0 49 10 27 11 42 19 29 26 17 56 34 15 24 14 30 3 22 2 55
12 59 5 10 24 50 52 3 31 0 19 22 29 17 44 8 28 46 33 20 39 56 9 16 35 51 54 30 27 11 13 32 18 37 7 4 2 1 41 36 48 42 21 14 45 47 25 34 53 43 57 40 49 15 55 38 58 6 26 23
20 53 23 36 58 47 38 51 59 13 50 31 33 16 52 57 45 43 4 9 1 48 54 35 40 46 37 21 18 44 25 39 12 28 6 7 5 41 32 8 0 49 10 27 11 42 19 29 26 17 56 34 15 24 14 30 3 22 2 55
7824069281552074961 0
40 53 7 11 44 28 39 15 55 0 2 50 30 12 10 57 24 59 56 47 41 16 22 8 31 49 48 45 6 58 54 27 35 3 38 33 23 51 25 14 21 37 29 46 5 19 13 52 17 34 18 36 42 9 4 32 1 26 20 43
56 14 16 9 15 31 0 57 24 40 41 28 6 38 51 48 55 18 37 19 43 42 26 54 3 1 21 39 23 45 4 53 52 47 10 29 7 32 50 35 49 34 59 13 20 12 46 11 22 5 36 8 25 2 30 17 33 44 58 27
40 53 7 11 44 28 39 15 55 0 2 50 30 12 10 57 24 59 56 47 41 16 22 8 31 49 48 45 6 58 54 27 35 3 38 33 23 51 25 14 21 37 29 46 5 19 13 52 17 34 18 36 42 9 4 32 1 26 20 43
56 14 16 9 15 31 0 57 24 40 41 28 6 38 51 48 55 18 37 19 43 42 26 54 3 1 21 39 23 45 4 53 52 47 10 29 7 32 50 35 49 34 59 13 20 12 46 11 22 5 36 8 25 2 30 17 33 44 58 27
2587151656392071975 0
16 10 57 25 32 42 27 18 46 30 17 6 20 13 48 40 55 12 36 43 45 11 5 35 23 26 2 15 29 39 44 56 47 41 59 38 9 8 51 1 49 19 58 54 37 28 52 4 33 3 14 7 34 50 21 31 0 24 22 53
14 20 36 25 7 45 53 24 13 0 46 41 42 48 15 27 11 3 17 38 23 16 43 35 57 39 12 19 40 50 1 37 49 28 32 58 29 30 8 59 54 21 52 22 33 31 51 9 6 10 55 5 2 26 47 56 44 18 34 4
16 10 57 25 32 42 27 18 46 30 17 6 20 13 48 40 55 12 36 43 45 11 5 35 23 26 2 15 29 39 44 56 47 41 59 38 9 8 51 1 49 19 58 54 37 28 52 4 33 3 14 7 34 50 21 31 0 24 22 53
14 20 36 25 7 45 53 24 13 0 46 41 42 48 15 27 11 3 17 38 23 16 43 35 57 39 12 19 40 50 1 37 49 28 32 58 29 30 8 59 54 21 52 22 33 31 51 9 6 10 55 5 2 26 47 56 44 18 34 4
3539486739103109180 0
39 15 0 4 34 57 38 11 42 21 45 35 13 31 5 54 12 49 36 30 40 22 3 19 37 14 23 27 24 56 7 48 44 10 43 9 55 41 16 51 26 6 8 52 28 17 59 18 46 32 1 20 58 29 47 2 25 53 33 50
18 41 24 8 52 32 15 55 53 17 6 45 33 49 31 5 42 58 51 28 30 25 7 29 2 12 37 54 27 11 0 56 10 39 19 16 36 4 1 50 34 21 38 57 48 47 9 22 26 3 59 20 40 35 13 46 44 23 43 14
39 15 0 4 34 57 38 11 42 21 45 35 13 31 5 54 12 49 36 30 40 22 3 19 37 14 23 27 24 56 7 48 44 10 43 9 55 41 16 51 26 6 8 52 28 17 59 18 46 32 1 20 58 29 47 2 25 53 33 50
18 41 24 8 52 32 15 55 53 17 6 45 33 49 31 5 42 58 51 28 30 25 7 29 2 12 37 54 27 11 0 56 10 39 19 16 36 4 1 50 34 21 38 57 48 47 9 22 26 3 59 20 40 35 13 46 44 23 43 14
10198822343438978926 0
13 50 49 1 31 12 2 30 41 6 26 4 18 54 58 44 32 45 22 24 35 7 47 51 36 10 52 23 27 21 14 19 16 3 39 57 59 28 37 25 40 8 20 46 55 29 0 56 11 53 42 17 43 15 38 33 34 5 9 48
44 48 51 0 12 32 7 41 53 4 27 17 2 26 33 46 8 21 40 28 25 43 6 31 39 49 34 23 37 14 38 5 22 35 50 45 52 11 24 18 20 19 59 3 29 47 55 15 42 58 13 9 16 36 30 57 10 56 54 1
13 50 49 1 31 12 2 30 41 6 26 4 18 54 58 44 32 45 22 24 35 7 47 51 36 10 52 23 27 21 14 19 16 3 39 57 59 28 37 25 40 8 20 46 55 29 0 56 11 53 42 17 43 15 38 33 34 5 9 48
44 48 51 0 12 32 7 41 53 4 27 17 2 26 33 46 8 21 40 28 25 43 6 31 39 49 34 23 37 14 38 5 22 35 50 45 52 11 24 18 20 19 59 3 29 47 55 15 42 58 13 9 16 36 30 57 10 56 54 1
3161332782495716810 0
12 0 50 54 34 46 56 17 22 19 20 33 37 38 3 18 30 44 52 5 45 14 1 47 16 48 28 57 24 10 36 15 41 13 58 49 31 11 7 21 39 2 4 55 42 29 9 25 51 27 43 35 40 8 26 6 32 23 59 53
21 14 56 8 30 53 33 45 24 3 6 58 35 59 25 50 19 4 51 55 17 16 40 10 43 18 13 34 22 23 29 42 39 31 37 44 1 7 26 41 15 20 57 49 28 38 12 46 47 5 36 2 0 32 11 27 52 48 54 9
12 0 50 54 34 46 56 17 22 19 20 33 37 38 3 18 30 44 52 5 45 14 1 47 16 48 28 57 24 10 36 15 41 13 58 49 31 11 7 21 39 2 4 55 42 29 9 25 51 27 43 35 40 8 26 6 32 23 59 53
21 14 56 8 30 53 33 45 24 3 6 58 35 59 25 50 19 4 51 55 17 16 40 10 43 18 13 34 22 23 29 42 39 31 37 44 1 7 26 41 15 20 57 49 28 38 12 46 47 5 36 2 0 32 11 27 52 48 54 9
3035468679675560730 0
23 48 25 41 46 37 52 30 39 6 4 55 11 9 12 56 14 58 49 7 26 43 2 24 32 59 35 21 19 45 17 0 15 3 27 44 53 18 29 13 50 57 38 42 54 36 5 28 8 20 40 33 47 10 22 1 16 51 34 31
9 54 57 47 27 14 18 15 42 31 56 4 37 30 11 26 44 34 13 41 39 25 19 10 48 43 6 36 12 51 17 22 24 21 28 58 29 55 49 16 8 53 50 46 7 1 38 52 35 59 32 20 3 5 0 33 23 40 2 45
23 48 25 41 46 37 52 30 39 6 4 55 11 9 12 56 14 58 49 7 26 43 2 24 32 59 35 21 19 45 17 0 15 3 27 44 53 18 29 13 50 57 38 42 54 36 5 28 8 20 40 33 47 10 22 1 16 51 34 31
9 54 57 47 27 14 18 15 42 31 56 4 37 30 11 26 44 34 13 41 39 25 19 10 48 43 6 36 12 51 17 22 24 21 28 58 29 55 49 16 8 53 50 46 7 1 38 52 35 59 32 20 3 5 0 33 23 40 2 45
17850821362615026270 0
27 32 35 53 25 41 23 17 54 12 47 31 21 28 26 15 43 11 59 6 56 55 57 3 46 33 22 14 49 0 1 29 58 42 13 5 37 48 8 9 51 44 7 2 39 36 20 38 16 50 45 52 4 40 30 24 10 19 34 18
36 48 12 24 53 25 41 14 58 35 46 13 23 20 43 2 29 4 5 39 6 8 42 55 59 0 49 26 37 15 54 19 47 1 57 3 31 16 33 22 50 38 45 10 18 51 7 21 44 11 32 27 34 40 56 30 52 28 17 9
27 32 35 53 25 41 23 17 54 12 47 31 21 28 26 15 43 11 59 6 56 55 57 3 46 33 22 14 49 0 1 29 58 42 13 5 37 48 8 9 51 44 7 2 39 36 20 38 16 50 45 52 4 40 30 24 10 19 34 18
36 48 12 24 53 25 41 14 58 35 46 13 23 20 43 2 29 4 5 39 6 8 42 55 59 0 49 26 37 15 54 19 47 1 57 3 31 16 33 22 50 38 45 10 18 51 7 21 44 11 32 27 34 40 56 30 52 28 17 9
1595983695287399622 0
15 10 33 51 46 42 18 0 6 59 8 13 25 58 31 26 30 49 16 53 36 28 54 48 34 27 12 21 23 38 55 7 9 1 2 50 47 43 44 14 22 5 35 29 3 52 19 45 4 32 24 20 40 41 57 17 56 11 37 39
30 40 35 21 38 29 57 23 5 16 10 32 41 51 27 19 49 11 15 18 6 26 22 20 48 14 12 42 47 39 8 34 52 0 54 45 43 55 50 33 2 9 53 58 3 37 31 28 56 36 7 4 59 24 17 13 44 46 1 25
15 10 33 51 46 42 18 0 6 59 8 13 25 58 31 26 30 49 16 53 36 28 54 48 34 27 12 21 23 38 55 7 9 1 2 50 47 43 44 14 22 5 35 29 3 52 19 45 4 32 24 20 40 41 57 17 56 11 37 39
30 40 35 21 38 29 57 23 5 16 10 32 41 51 27 19 49 11 15 18 6 26 22 20 48 14 12 42 47 39 8 34 52 0 54 45 43 55 50 33 2 9 53 58 3 37 31 28 56 36 7 4 59 24 17 13 44 46 1 25
2626624600683279549 0
24 39 45 0 35 34 56 40 3 27 32 46 12 17 52 57 47 51 18 41 7 53 49 11 14 37 44 43 58 10 21 4 2 25 31 19 13 36 20 26 48 28 5 55 8 59 15 23 9 54 33 6 50 42 38 1 22 29 30 16
10 34 6 42 41 59 19 23 49 54 50 17 47 22 35 24 45 25 56 3 40 4 0 52 20 12 30 32 14 21 36 55 2 46 33 38 18 11 43 48 13 58 1 27 7 39 9 5 37 15 53 51 31 57 26 44 8 28 29 16
24 39 45 0 35 34 56 40 3 27 32 46 12 17 52 57 47 51 18 41 7 53 49 11 14 37 44 43 58 10 21 4 2 25 31 19 13 36 20 26 48 28 5 55 8 59 15 23 9 54 33 6 50 42 38 1 22 29 30 16
10 34 6 42 41 59 19 23 49 54 50 17 47 22 35 24 45 25 56 3 40 4 0 52 20 12 30 32 14 21 36 55 2 46 33 38 18 11 43 48 13 58 1 27 7 39 9 5 37 15 53 51 31 57 26 44 8 28 29 16
14314119402839420431 0
41 39 15 12 36 43 14 19 24 51 1 16 59 48 58 45 33 40 29 47 30 21 2 28 54 22 50 6 13 11 17 23 20 42 4 35 31 46 44 37 25 5 38 26 18 55 32 9 7 56 52 49 0 10 8 53 27 3 57 34
55 30 45 16 7 11 17 15 48 3 21 43 37 6 49 59 28 35 47 51 38 58 13 23 26 29 56 41 52 20 39 32 12 5 46 36 27 50 54 22 14 33 53 2 9 34 40 42 25 4 24 31 0 57 8 1 19 44 18 10
41 39 15 12 36 43 14 19 24 51 1 16 59 48 58 45 33 40 29 47 30 21 2 28 54 22 50 6 13 11 17 23 20 42 4 35 31 46 44 37 25 5 38 26 18 55 32 9 7 56 52 49 0 10 8 53 27 3 57 34
55 30 45 16 7 11 17 15 48 3 21 43 37 6 49 59 28 35 47 51 38 58 13 23 26 29 56 41 52 20 39 32 12 5 46 36 27 50 54 22 14 33 53 2 9 34 40 42 25 4 24 31 0 57 8 1 19 44 18 10
4302332931372882095 0
26 57 38 29 36 39 19 28 12 13 34 4 6 58 20 11 52 56 10 1 47 31 0 3 21 14 27 23 54 37 45 48 46 35 15 5 18 7 50 43 44 49 25 17 32 51 33 53 2 59 9 24 16 55 30 22 41 8 40 42
49 27 38 6 31 13 48 17 43 4 24 53 29 23 51 58 18 46 52 59 57 25 5 7 39 54 55 9 19 36 40 10 14 47 22 26 37 28 8 15 0 45 50 30 12 41 35 20 1 42 11 33 56 34 2 44 32 16 3 21
26 57 38 29 36 39 19 28 12 13 34 4 6 58 20 11 52 56 10 1 47 31 0 3 21 14 27 23 54 37 45 48 46 35 15 5 18 7 50 43 44 49 25 17 32 51 33 53 2 59 9 24 16 55 30 22 41 8 40 42
49 27 38 6 31 13 48 17 43 4 24 53 29 23 51 58 18 46 52 59 57 25 5 7 39 54 55 9 19 36 40 10 14 47 22 26 37 28 8 15 0 45 50 30 12 41 35 20 1 42 11 33 56 34 2 44 32 16 3 21
9643050262501564540 0
46 36 42 1 16 12 27 57 53 34 30 51 13 20 22 11 9 0 54 4 48 23 7 59 28 38 5 52 2 25 43 17 35 39 24 33 14 45 49 50 3 55 56 19 58 10 41 44 8 40 26 6 47 21 37 29 32 15 31 18
12 21 34 44 2 56 48 26 29 24 42 36 35 1 27 18 58 50 37 39 46 57 47 5 59 9 13 40 41 51 4 6 38 33 32 45 54 14 15 52 23 0 49 17 20 3 25 55 16 22 53 7 10 30 31 28 43 11 8 19
46 36 42 1 16 12 27 57 53 34 30 51 13 20 22 11 9 0 54 4 48 23 7 59 28 38 5 52 2 25 43 17 35 39 24 33 14 45 49 50 3 55 56 19 58 10 41 44 8 40 26 6 47 21 37 29 32 15 31 18
12 21 34 44 2 56 48 26 29 24 42 36 35 1 27 18 58 50 37 39 46 57 47 5 59 9 13 40 41 51 4 6 38 33 32 45 54 14 15 52 23 0 49 17 20 3 25 55 16 22 53 7 10 30 31 28 43 11 8 19
13075638337304456762 0
18 35 13 41 1 36 12 34 5 56 33 27 29 17 54 49 15 51 47 42 14 39 45 38 26 3 8 20 46 28 57 24 55 58 52 59 43 48 44 16 2 19 37 50 23 0 30 10 9 32 7 31 11 25 4 40 21 53 22 6
49 15 23 56 43 12 52 42 55 29 21 4 47 46 33 11 22 59 20 7 30 18 45 50 3 17 25 14 0 53 2 27 34 38 31 8 35 37 57 28 40 54 24 51 36 1 48 39 19 6 44 41 58 16 9 32 10 26 5 13
18 35 13 41 1 36 12 34 5 56 33 27 29 17 54 49 15 51 47 42 14 39 45 38 26 3 8 20 46 28 57 24 55 58 52 59 43 48 44 16 2 19 37 50 23 0 30 10 9 32 7 31 11 25 4 40 21 53 22 6
49 15 23 56 43 12 52 42 55 29 21 4 47 46 33 11 22 59 20 7 30 18 45 50 3 17 25 14 0 53 2 27 34 38 31 8 35 37 57 28 40 54 24 51 36 1 48 39 19 6 44 41 58 16 9 32 10 26 5 13
