FACTOR_PERMUTATION_V1 12 16 1024 1 1
10 0 1 1 1 1 1 1 1 1 1 1 0 0 2 2 2 2 2 2 2 2 2 2 0 0 2 2 2 2 2 2 2 2 2 2
0 10 1 1 1 1 1 1 1 1 1 1 0 0 2 2 2 2 2 2 2 2 2 2 0 0 2 2 2 2 2 2 2 2 2 2
1 1 10 0 1 1 1 1 1 1 1 1 2 2 0 0 2 2 2 2 2 2 2 2 2 2 0 0 2 2 2 2 2 2 2 2
1 1 0 10 1 1 1 1 1 1 1 1 2 2 0 0 2 2 2 2 2 2 2 2 2 2 0 0 2 2 2 2 2 2 2 2
1 1 1 1 10 0 1 1 1 1 1 1 2 2 2 2 0 0 2 2 2 2 2 2 2 2 2 2 0 0 2 2 2 2 2 2
1 1 1 1 0 10 1 1 1 1 1 1 2 2 2 2 0 0 2 2 2 2 2 2 2 2 2 2 0 0 2 2 2 2 2 2
1 1 1 1 1 1 10 0 1 1 1 1 2 2 2 2 2 2 0 0 2 2 2 2 2 2 2 2 2 2 0 0 2 2 2 2
1 1 1 1 1 1 0 10 1 1 1 1 2 2 2 2 2 2 0 0 2 2 2 2 2 2 2 2 2 2 0 0 2 2 2 2
1 1 1 1 1 1 1 1 10 0 1 1 2 2 2 2 2 2 2 2 0 0 2 2 2 2 2 2 2 2 2 2 0 0 2 2
1 1 1 1 1 1 1 1 0 10 1 1 2 2 2 2 2 2 2 2 0 0 2 2 2 2 2 2 2 2 2 2 0 0 2 2
1 1 1 1 1 1 1 1 1 1 10 0 2 2 2 2 2 2 2 2 2 2 0 0 2 2 2 2 2 2 2 2 2 2 0 0
1 1 1 1 1 1 1 1 1 1 0 10 2 2 2 2 2 2 2 2 2 2 0 0 2 2 2 2 2 2 2 2 2 2 0 0
0 0 2 2 2 2 2 2 2 2 2 2 10 0 1 1 1 1 1 1 1 1 1 1 0 0 2 2 2 2 2 2 2 2 2 2
0 0 2 2 2 2 2 2 2 2 2 2 0 10 1 1 1 1 1 1 1 1 1 1 0 0 2 2 2 2 2 2 2 2 2 2
2 2 0 0 2 2 2 2 2 2 2 2 1 1 10 0 1 1 1 1 1 1 1 1 2 2 0 0 2 2 2 2 2 2 2 2
2 2 0 0 2 2 2 2 2 2 2 2 1 1 0 10 1 1 1 1 1 1 1 1 2 2 0 0 2 2 2 2 2 2 2 2
2 2 2 2 0 0 2 2 2 2 2 2 1 1 1 1 10 0 1 1 1 1 1 1 2 2 2 2 0 0 2 2 2 2 2 2
2 2 2 2 0 0 2 2 2 2 2 2 1 1 1 1 0 10 1 1 1 1 1 1 2 2 2 2 0 0 2 2 2 2 2 2
2 2 2 2 2 2 0 0 2 2 2 2 1 1 1 1 1 1 10 0 1 1 1 1 2 2 2 2 2 2 0 0 2 2 2 2
2 2 2 2 2 2 0 0 2 2 2 2 1 1 1 1 1 1 0 10 1 1 1 1 2 2 2 2 2 2 0 0 2 2 2 2
2 2 2 2 2 2 2 2 0 0 2 2 1 1 1 1 1 1 1 1 10 0 1 1 2 2 2 2 2 2 2 2 0 0 2 2
2 2 2 2 2 2 2 2 0 0 2 2 1 1 1 1 1 1 1 1 0 10 1 1 2 2 2 2 2 2 2 2 0 0 2 2
2 2 2 2 2 2 2 2 2 2 0 0 1 1 1 1 1 1 1 1 1 1 10 0 2 2 2 2 2 2 2 2 2 2 0 0
2 2 2 2 2 2 2 2 2 2 0 0 1 1 1 1 1 1 1 1 1 1 0 10 2 2 2 2 2 2 2 2 2 2 0 0
0 0 2 2 2 2 2 2 2 2 2 2 0 0 2 2 2 2 2 2 2 2 2 2 10 0 1 1 1 1 1 1 1 1 1 1
0 0 2 2 2 2 2 2 2 2 2 2 0 0 2 2 2 2 2 2 2 2 2 2 0 10 1 1 1 1 1 1 1 1 1 1
2 2 0 0 2 2 2 2 2 2 2 2 2 2 0 0 2 2 2 2 2 2 2 2 1 1 10 0 1 1 1 1 1 1 1 1
2 2 0 0 2 2 2 2 2 2 2 2 2 2 0 0 2 2 2 2 2 2 2 2 1 1 0 10 1 1 1 1 1 1 1 1
2 2 2 2 0 0 2 2 2 2 2 2 2 2 2 2 0 0 2 2 2 2 2 2 1 1 1 1 10 0 1 1 1 1 1 1
2 2 2 2 0 0 2 2 2 2 2 2 2 2 2 2 0 0 2 2 2 2 2 2 1 1 1 1 0 10 1 1 1 1 1 1
2 2 2 2 2 2 0 0 2 2 2 2 2 2 2 2 2 2 0 0 2 2 2 2 1 1 1 1 1 1 10 0 1 1 1 1
2 2 2 2 2 2 0 0 2 2 2 2 2 2 2 2 2 2 0 0 2 2 2 2 1 1 1 1 1 1 0 10 1 1 1 1
2 2 2 2 2 2 2 2 0 0 2 2 2 2 2 2 2 2 2 2 0 0 2 2 1 1 1 1 1 1 1 1 10 0 1 1
2 2 2 2 2 2 2 2 0 0 2 2 2 2 2 2 2 2 2 2 0 0 2 2 1 1 1 1 1 1 1 1 0 10 1 1
2 2 2 2 2 2 2 2 2 2 0 0 2 2 2 2 2 2 2 2 2 2 0 0 1 1 1 1 1 1 1 1 1 1 10 0
2 2 2 2 2 2 2 2 2 2 0 0 2 2 2 2 2 2 2 2 2 2 0 0 1 1 1 1 1 1 1 1 1 1 0 10
0 2
0 3
0 4
0 5
0 6
0 7
0 8
0 9
0 10
0 11
1 2
1 3
1 4
1 5
1 6
1 7
1 8
1 9
1 10
1 11
2 4
2 5
2 6
2 7
2 8
2 9
2 10
2 11
3 4
3 5
3 6
3 7
3 8
3 9
3 10
3 11
4 6
4 7
4 8
4 9
4 10
4 11
5 6
5 7
5 8
5 9
5 10
5 11
6 8
6 9
6 10
6 11
7 8
7 9
7 10
7 11
8 10
8 11
9 10
9 11
0 2
0 3
0 4
0 5
0 6
0 7
0 8
0 9
0 10
0 11
1 2
1 3
1 4
1 5
1 6
1 7
1 8
1 9
1 10
1 11
2 4
2 5
2 6
2 7
2 8
2 9
2 10
2 11
3 4
3 5
3 6
3 7
3 8
3 9
3 10
3 11
4 6
4 7
4 8
4 9
4 10
4 11
5 6
5 7
5 8
5 9
5 10
5 11
6 8
6 9
6 10
6 11
7 8
7 9
7 10
7 11
8 10
8 11
9 10
9 11
0 2
0 3
0 4
0 5
0 6
0 7
0 8
0 9
0 10
0 11
1 2
1 3
1 4
1 5
1 6
1 7
1 8
1 9
1 10
1 11
2 4
2 5
2 6
2 7
2 8
2 9
2 10
2 11
3 4
3 5
3 6
3 7
3 8
3 9
3 10
3 11
4 6
4 7
4 8
4 9
4 10
4 11
5 6
5 7
5 8
5 9
5 10
5 11
6 8
6 9
6 10
6 11
7 8
7 9
7 10
7 11
8 10
8 11
9 10
9 11
7992658662776394817 5120
29 38 22 54 41 24 59 33 53 36 56 31 32 21 39 40 14 50 2 44 5 19 45 51 20 8 49 16 18 48 55 17 4 9 42 25 26 35 46 12 52 27 6 57 58 23 11 7 1 13 0 30 43 28 34 3 47 15 10 37
48 15 9 29 33 40 42 54 59 24 43 39 55 56 57 10 34 20 30 28 18 53 27 44 2 49 11 4 52 51 26 45 46 41 7 36 16 22 25 35 8 17 32 0 1 14 12 23 47 50 37 13 19 58 6 31 5 38 21 3
29 38 22 54 41 24 59 33 53 36 56 31 32 21 39 40 14 50 2 44 5 19 45 51 20 8 49 16 18 48 55 17 4 9 42 25 26 57 46 12 52 27 6 35 58 23 11 7 1 13 0 30 43 28 34 3 47 15 10 37
48 15 9 29 33 40 42 54 39 24 43 59 55 56 57 10 34 20 30 28 18 53 27 44 2 49 11 4 52 51 26 45 46 41 7 36 16 22 25 35 8 17 32 0 1 14 12 23 47 50 37 13 19 58 6 31 5 38 21 3
13146254849028266776 5120
57 53 25 38 35 14 50 3 43 32 56 42 23 46 45 41 0 34 26 28 33 15 20 2 13 36 5 19 18 6 9 47 12 40 48 52 8 24 51 55 4 30 1 59 27 22 11 49 54 10 39 16 29 31 58 21 37 17 44 7
50 44 40 55 45 32 28 22 25 19 21 56 27 33 35 38 43 36 48 46 5 18 16 39 42 9 47 53 6 49 12 57 51 23 37 2 31 7 10 29 26 14 24 0 54 3 52 59 58 41 4 30 8 17 13 15 1 20 11 34
57 53 25 38 35 14 50 3 43 32 56 42 52 46 45 41 0 34 26 28 33 15 20 2 13 36 5 19 18 6 9 47 12 40 48 23 8 24 51 55 4 30 1 59 27 22 11 49 54 10 39 16 29 31 58 21 37 17 44 7
50 44 40 55 45 32 28 22 25 19 21 56 27 33 35 38 43 36 48 46 5 18 16 39 42 9 47 53 6 49 12 57 51 23 37 2 31 7 10 29 26 14 24 0 54 3 52 59 58 41 4 30 8 17 13 15 1 20 11 34
1744946144588228118 5120
41 58 42 18 28 25 48 2 23 35 30 57 50 13 43 26 37 8 33 24 44 14 7 12 45 51 54 52 56 53 16 36 21 27 47 5 59 1 20 31 17 11 9 32 0 55 6 49 34 10 29 40 19 46 39 3 4 15 22 38
51 53 35 37 6 44 20 26 7 43 56 30 24 25 41 11 5 59 42 21 54 9 40 16 4 45 13 28 12 46 47 58 18 2 52 57 1 39 50 19 23 49 10 8 55 31 48 14 3 34 17 33 38 0 27 32 29 22 36 15
41 58 42 18 28 25 48 2 23 35 30 57 50 29 43 12 37 8 33 24 44 14 7 26 45 51 54 52 56 53 16 36 21 27 47 5 59 1 20 31 17 11 9 32 0 55 6 49 34 10 13 40 19 46 39 3 4 15 22 38
59 53 35 37 6 44 20 26 7 43 56 30 24 25 41 11 5 51 28 21 54 9 40 16 4 45 13 12 42 46 47 58 18 2 52 57 1 39 50 19 23 49 10 8 55 31 48 14 3 34 17 33 38 0 27 32 29 22 36 15
10930550227492086278 5120
55 52 47 22 34 39 16 20 26 7 53 15 46 30 25 42 41 35 44 56 49 32 38 8 14 50 4 10 1 58 59 17 40 3 51 37 27 11 54 57 2 48 29 23 9 5 12 21 0 13 18 6 45 19 24 28 43 33 31 36
56 28 49 26 44 22 43 19 2 33 47 58 48 59 29 35 25 37 23 31 24 18 7 15 55 1 39 36 51 41 5 40 42 46 13 52 38 34 0 14 54 3 16 17 30 20 32 53 9 27 45 10 8 21 57 6 11 12 4 50
55 52 47 22 34 39 16 20 26 7 53 15 46 30 25 42 41 35 44 56 49 32 38 8 14 50 4 10 1 58 59 17 40 3 51 37 27 11 54 57 2 48 29 23 9 5 12 21 0 13 18 6 45 19 24 28 43 33 31 36
56 28 49 26 44 22 43 19 2 33 47 58 48 59 29 35 25 37 23 31 24 18 7 15 55 1 39 36 51 41 5 40 42 46 13 52 38 34 0 14 54 3 16 17 30 20 32 53 9 27 45 10 8 21 57 6 11 12 4 50
2101726083647921108 5120
15 43 24 45 34 25 40 9 30 38 42 59 57 54 8 39 48 23 41 20 7 35 44 28 50 18 3 52 11 12 21 6 5 51 49 58 19 46 55 37 22 31 53 27 56 47 16 4 36 2 33 10 1 32 13 14 0 29 26 17
41 56 14 31 44 47 53 24 22 1 58 36 51 48 25 26 35 29 7 52 6 49 57 16 3 37 42 20 59 50 8 43 18 21 38 11 28 10 34 27 54 5 9 17 0 15 23 39 19 30 13 45 40 12 33 32 55 4 2 46
15 43 24 45 34 25 40 9 30 38 42 59 57 54 8 39 48 23 41 20 7 35 44 28 50 18 3 52 11 12 21 6 5 51 49 58 19 46 55 37 22 31 53 27 56 47 16 4 36 2 33 10 1 32 13 14 0 29 26 17
41 56 14 31 44 47 53 55 4 1 58 36 42 48 25 26 35 29 7 52 6 45 57 16 3 37 51 12 59 50 8 43 17 21 38 11 28 10 34 27 54 5 0 18 9 15 23 39 19 30 13 49 40 20 33 32 24 22 2 46
8024294635734084420 5120
48 28 53 25 46 27 40 24 45 5 39 4 43 34 21 35 23 18 36 6 8 14 19 3 31 26 52 41 57 56 49 44 12 9 22 54 16 38 0 51 30 33 11 55 47 37 7 10 59 2 1 20 50 29 58 17 13 32 15 42
47 55 33 54 25 45 1 36 23 26 5 46 19 22 56 2 42 53 32 20 48 58 52 59 7 12 40 49 30 15 41 8 50 57 6 44 35 27 37 0 39 18 38 11 24 16 4 9 3 34 13 17 10 51 29 28 14 43 21 31
48 28 53 25 46 27 40 24 45 5 39 4 43 34 21 35 23 18 36 6 58 14 19 3 31 26 52 41 57 56 49 44 12 9 22 54 16 38 0 51 30 33 11 55 47 37 7 10 59 2 1 20 50 29 8 17 13 32 15 42
42 55 33 54 25 45 1 36 23 27 5 58 19 22 56 2 47 53 32 20 48 46 52 59 7 12 40 49 30 15 41 8 50 16 6 44 35 26 37 0 39 18 38 11 24 57 4 9 3 34 13 17 10 51 29 28 14 43 21 31
6202235782661296358 5120
12 55 30 7 33 24 38 26 36 45 37 41 57 54 27 44 42 25 29 49 34 50 59 58 0 47 6 43 56 51 20 19 5 3 39 48 23 4 53 14 17 22 32 10 35 15 21 31 13 46 8 16 40 28 9 1 11 18 52 2
57 28 24 31 47 8 50 49 9 26 58 25 35 32 44 55 0 22 37 45 4 29 5 41 54 13 48 14 53 6 38 42 59 51 15 11 19 56 3 40 30 12 18 10 36 27 7 52 33 34 21 2 16 1 17 39 46 23 20 43
12 55 42 7 33 23 38 26 36 45 43 41 24 54 27 44 30 25 29 49 34 48 59 58 0 47 6 37 56 51 20 19 5 3 39 50 57 4 53 14 17 22 32 10 35 15 21 31 13 40 8 16 46 28 9 1 11 18 52 2
57 28 24 31 47 8 50 4 59 26 58 25 55 32 44 35 0 22 37 45 49 11 5 41 54 13 48 14 53 6 38 42 19 51 15 29 9 56 3 40 30 12 18 17 36 27 7 52 33 34 21 2 16 43 10 39 46 23 20 1
15873084135988517506 5120
53 41 46 24 59 29 56 36 15 4 3 49 52 51 30 26 28 40 6 45 14 20 32 57 19 58 43 39 54 27 18 38 1 13 44 5 2 11 7 55 25 48 8 33 42 31 50 16 23 21 12 47 37 9 22 17 35 10 0 34
47 22 58 51 56 53 23 32 20 45 48 37 34 59 26 39 19 4 21 55 33 52 40 2 43 14 18 0 5 17 57 46 49 35 42 38 27 44 41 25 30 16 11 6 8 3 24 31 13 12 7 1 28 29 9 10 15 50 54 36
53 41 29 24 59 46 56 36 15 4 3 49 52 55 1 26 30 40 44 45 14 20 32 57 19 6 43 39 54 27 18 38 28 13 58 5 2 11 7 51 25 48 8 33 42 31 50 16 23 21 12 47 37 9 22 17 35 10 0 34
47 22 58 51 56 53 23 28 20 45 48 37 34 59 25 39 19 18 21 35 33 52 40 2 43 4 14 0 5 17 57 46 49 55 42 38 27 44 41 26 30 16 11 6 8 13 24 31 3 12 7 1 32 29 9 10 15 50 54 36
5118261935974448261 5120
4 36 0 56 44 28 41 34 59 23 53 46 37 51 16 26 27 39 1 48 33 15 2 57 43 8 21 38 19 42 25 7 12 55 52 49 45 32 50 9 54 6 18 17 24 20 5 35 31 47 14 58 13 10 40 22 3 11 30 29
47 41 37 27 26 58 32 15 42 30 46 4 24 25 21 38 43 51 33 28 48 18 5 2 55 29 17 14 54 49 19 56 50 12 13 0 34 9 11 22 7 53 45 31 8 1 57 52 39 16 6 20 35 59 10 44 23 36 40 3
4 36 0 56 44 28 41 34 59 23 53 46 37 51 16 26 27 39 1 48 33 15 2 57 43 8 21 38 19 42 25 7 12 55 52 49 45 32 50 9 54 6 18 17 24 20 5 35 31 47 14 58 13 10 40 22 3 11 30 29
47 41 37 27 26 58 32 15 42 30 46 4 24 25 21 38 43 51 33 28 48 18 5 2 55 29 17 14 54 49 19 56 50 12 13 0 34 9 11 22 7 53 45 31 8 1 57 52 39 16 6 20 35 59 10 44 23 36 40 3
1240864220508430217 5120
37 43 19 53 34 57 29 40 22 38 35 26 55 59 49 28 54 30 44 39 51 56 6 13 42 15 25 7 52 18 9 2 41 45 3 48 17 4 8 36 16 21 32 5 0 1 50 14 10 47 20 46 58 11 33 24 12 31 23 27
59 8 49 56 37 43 41 29 24 30 4 54 32 20 35 58 31 42 23 25 57 14 46 44 12 40 36 5 19 48 45 38 15 55 33 21 53 18 22 0 28 50 9 10 47 52 7 34 26 11 16 6 1 27 13 2 51 39 3 17
37 43 19 53 34 57 29 40 22 38 35 26 55 59 49 28 54 30 44 39 51 56 6 13 42 15 25 7 52 18 9 2 41 45 3 48 17 4 8 36 16 21 32 5 0 1 50 14 10 47 20 46 58 11 33 24 12 31 23 27
59 8 49 56 37 43 41 29 24 30 4 54 32 20 35 58 31 42 23 25 57 14 46 44 12 40 36 5 19 48 45 38 15 55 33 21 53 18 22 0 28 50 9 10 47 52 7 34 26 11 16 6 1 27 13 2 51 39 3 17
14421633283968392785 5120
37 40 24 51 35 18 42 3 6 33 15 13 58 28 25 27 56 41 32 36 49 44 26 5 47 50 14 38 55 16 48 59 54 22 39 7 57 46 2 31 30 10 1 4 0 34 53 52 19 12 45 8 20 17 29 21 23 11 9 43
58 44 26 24 2 21 35 52 42 37 47 49 4 54 56 41 20 30 31 25 51 8 17 40 43 5 38 48 6 55 3 19 34 36 12 45 11 32 15 59 18 53 57 33 50 14 1 0 39 27 22 28 9 46 7 16 13 29 23 10
37 40 24 51 35 18 42 3 6 33 15 13 58 28 25 0 56 41 21 36 49 44 26 5 47 50 14 38 55 16 48 59 54 22 39 7 57 46 2 31 30 10 1 4 27 34 53 52 19 12 45 8 20 17 29 32 23 11 9 43
58 44 26 24 2 21 35 52 42 37 47 49 4 54 56 41 20 29 31 25 51 8 17 40 43 5 38 48 6 55 3 19 34 36 12 45 11 32 15 59 18 53 57 33 50 14 1 0 39 27 22 28 9 46 7 16 13 30 23 10
12321412763673207118 5120
51 18 52 34 45 47 25 36 5 24 39 59 30 56 57 0 42 29 23 54 19 14 21 7 40 50 44 43 38 53 11 46 9 55 28 4 15 1 27 26 49 48 41 58 37 32 22 17 8 12 2 33 35 13 16 20 10 3 31 6
33 48 9 37 54 44 40 27 26 12 55 36 56 25 45 47 0 35 41 29 4 59 22 57 14 43 2 52 46 30 19 17 5 8 53 38 39 49 15 6 10 11 24 1 16 50 7 21 34 28 32 3 20 18 31 58 42 51 13 23
51 18 52 34 25 47 45 36 6 24 39 59 30 56 57 0 42 3 23 54 19 14 21 7 40 8 44 43 38 53 11 46 9 55 28 4 15 1 27 26 49 48 41 58 37 32 22 17 50 12 2 33 35 13 16 20 10 29 31 5
33 48 9 37 54 44 34 27 26 12 55 36 56 23 45 46 0 35 41 29 22 59 4 57 14 43 2 52 47 30 19 17 5 8 53 38 39 49 15 6 10 11 24 1 16 50 7 21 40 28 32 3 20 18 31 58 42 51 13 25
8965533273737450184 5120
56 51 48 39 33 34 43 26 28 23 40 37 59 52 46 24 21 29 30 0 14 55 49 2 36 19 44 3 8 57 7 15 11 54 42 45 27 6 53 35 22 31 9 13 18 4 25 32 1 20 12 16 41 47 58 38 10 50 5 17
21 33 26 50 8 38 30 55 52 39 32 9 37 35 20 46 34 51 53 42 59 44 19 58 43 36 4 5 49 15 41 56 54 13 16 23 6 31 27 3 2 18 25 57 7 40 14 48 47 10 28 45 0 17 29 12 22 11 24 1
56 51 48 39 33 34 43 26 28 23 40 37 59 52 46 24 21 29 30 0 14 55 49 2 41 19 44 3 8 11 7 15 57 54 42 45 27 6 53 35 22 31 9 10 18 4 25 32 1 20 12 16 36 47 58 38 13 50 5 17
21 33 26 50 8 38 30 55 52 39 32 9 37 31 20 46 34 51 53 42 59 16 19 58 43 36 4 5 49 15 41 56 54 13 44 23 6 35 27 3 2 18 25 57 7 40 14 48 47 10 28 45 0 17 29 12 22 11 24 1
9918116532129521059 5120
36 57 55 46 25 29 44 20 7 48 52 59 34 50 47 45 23 39 21 28 4 17 56 19 14 54 43 2 49 18 41 32 40 3 12 5 16 58 1 37 26 24 6 51 31 9 11 53 35 22 33 13 8 15 0 27 38 10 30 42
6 28 25 55 46 58 51 54 43 11 40 5 52 26 59 15 39 35 22 29 57 8 13 21 42 4 32 53 34 49 17 9 20 56 48 47 31 12 50 18 7 14 24 16 10 30 19 1 3 41 36 38 33 27 2 44 23 37 45 0
36 57 55 46 25 29 45 20 7 28 52 59 34 50 41 44 23 39 21 48 4 17 56 19 14 26 43 2 49 10 47 32 40 3 12 5 16 58 1 31 54 24 6 51 37 9 11 53 35 22 33 13 8 15 0 27 38 18 30 42
20 28 21 55 26 58 51 54 43 11 40 5 52 22 59 15 39 35 42 46 57 8 13 25 29 4 32 53 34 49 17 9 6 10 48 47 31 12 50 56 7 14 24 16 18 30 19 1 3 41 36 38 33 27 2 44 23 37 45 0
7192680156757676808 5120
46 17 9 29 56 33 36 20 26 43 41 49 18 35 53 21 57 13 32 23 16 59 7 47 15 52 45 50 55 54 44 2 12 8 22 28 30 34 42 4 24 25 10 38 58 0 14 6 27 40 39 3 37 19 1 48 5 11 31 51
52 20 28 48 24 46 59 54 45 30 44 4 49 27 58 40 37 19 32 6 8 14 47 7 41 21 23 12 16 33 18 57 34 36 13 53 56 9 29 26 51 15 55 0 5 50 38 39 22 11 1 25 10 31 17 35 43 42 2 3
46 17 9 32 56 33 36 20 26 43 41 49 18 30 53 21 57 13 29 23 16 59 7 47 15 52 45 50 55 54 44 2 12 8 22 28 35 34 42 4 24 25 10 38 58 0 14 6 27 40 39 3 37 19 1 48 5 11 31 51
52 20 35 48 24 46 59 54 45 30 44 4 49 27 58 40 37 19 32 6 8 14 47 7 41 21 23 12 16 33 18 57 34 36 13 53 56 9 29 26 51 15 39 0 5 50 38 55 22 11 1 25 10 31 17 28 43 42 2 3
5800187062649292536 5120
46 44 23 24 22 59 28 41 6 14 57 55 8 25 43 35 17 50 38 48 53 1 49 2 54 13 20 29 47 18 58 16 36 4 7 52 19 56 34 9 30 39 40 0 5 11 51 33 3 31 12 32 45 37 26 42 15 27 21 10
31 50 56 54 41 42 55 7 29 25 36 45 52 10 33 6 35 47 5 27 8 57 3 58 12 51 49 16 15 4 38 44 18 34 37 2 28 17 1 22 39 30 24 9 23 40 11 53 59 46 21 14 26 19 20 32 48 13 0 43
46 44 23 24 22 59 28 41 6 14 57 55 8 25 43 35 17 50 38 48 53 1 49 2 54 13 20 29 47 18 58 16 36 4 7 52 19 56 34 9 30 39 40 0 5 11 51 33 3 31 12 32 45 37 26 42 15 27 21 10
31 50 56 54 41 42 55 7 29 25 36 45 52 10 33 6 35 47 5 27 8 57 3 58 12 51 49 16 15 4 38 44 18 34 37 2 28 17 1 22 39 30 24 9 23 40 11 53 59 46 21 14 26 19 20 32 48 13 0 43
