FACTOR_PERMUTATION_V1 12 16 1024 1 1
10 0 1 1 1 1 1 1 1 1 1 1 0 0 2 2 2 2 2 2 2 2 2 2 0 0 2 2 2 2 2 2 2 2 2 2
0 10 1 1 1 1 1 1 1 1 1 1 0 0 2 2 2 2 2 2 2 2 2 2 0 0 2 2 2 2 2 2 2 2 2 2
1 1 10 0 1 1 1 1 1 1 1 1 2 2 0 0 2 2 2 2 2 2 2 2 2 2 0 0 2 2 2 2 2 2 2 2
1 1 0 10 1 1 1 1 1 1 1 1 2 2 0 0 2 2 2 2 2 2 2 2 2 2 0 0 2 2 2 2 2 2 2 2
1 1 1 1 10 0 1 1 1 1 1 1 2 2 2 2 0 0 2 2 2 2 2 2 2 2 2 2 0 0 2 2 2 2 2 2
1 1 1 1 0 10 1 1 1 1 1 1 2 2 2 2 0 0 2 2 2 2 2 2 2 2 2 2 0 0 2 2 2 2 2 2
1 1 1 1 1 1 10 0 1 1 1 1 2 2 2 2 2 2 0 0 2 2 2 2 2 2 2 2 2 2 0 0 2 2 2 2
1 1 1 1 1 1 0 10 1 1 1 1 2 2 2 2 2 2 0 0 2 2 2 2 2 2 2 2 2 2 0 0 2 2 2 2
1 1 1 1 1 1 1 1 10 0 1 1 2 2 2 2 2 2 2 2 0 0 2 2 2 2 2 2 2 2 2 2 0 0 2 2
1 1 1 1 1 1 1 1 0 10 1 1 2 2 2 2 2 2 2 2 0 0 2 2 2 2 2 2 2 2 2 2 0 0 2 2
1 1 1 1 1 1 1 1 1 1 10 0 2 2 2 2 2 2 2 2 2 2 0 0 2 2 2 2 2 2 2 2 2 2 0 0
1 1 1 1 1 1 1 1 1 1 0 10 2 2 2 2 2 2 2 2 2 2 0 0 2 2 2 2 2 2 2 2 2 2 0 0
0 0 2 2 2 2 2 2 2 2 2 2 10 0 1 1 1 1 1 1 1 1 1 1 0 0 2 2 2 2 2 2 2 2 2 2
0 0 2 2 2 2 2 2 2 2 2 2 0 10 1 1 1 1 1 1 1 1 1 1 0 0 2 2 2 2 2 2 2 2 2 2
2 2 0 0 2 2 2 2 2 2 2 2 1 1 10 0 1 1 1 1 1 1 1 1 2 2 0 0 2 2 2 2 2 2 2 2
2 2 0 0 2 2 2 2 2 2 2 2 1 1 0 10 1 1 1 1 1 1 1 1 2 2 0 0 2 2 2 2 2 2 2 2
2 2 2 2 0 0 2 2 2 2 2 2 1 1 1 1 10 0 1 1 1 1 1 1 2 2 2 2 0 0 2 2 2 2 2 2
2 2 2 2 0 0 2 2 2 2 2 2 1 1 1 1 0 10 1 1 1 1 1 1 2 2 2 2 0 0 2 2 2 2 2 2
2 2 2 2 2 2 0 0 2 2 2 2 1 1 1 1 1 1 10 0 1 1 1 1 2 2 2 2 2 2 0 0 2 2 2 2
2 2 2 2 2 2 0 0 2 2 2 2 1 1 1 1 1 1 0 10 1 1 1 1 2 2 2 2 2 2 0 0 2 2 2 2
2 2 2 2 2 2 2 2 0 0 2 2 1 1 1 1 1 1 1 1 10 0 1 1 2 2 2 2 2 2 2 2 0 0 2 2
2 2 2 2 2 2 2 2 0 0 2 2 1 1 1 1 1 1 1 1 0 10 1 1 2 2 2 2 2 2 2 2 0 0 2 2
2 2 2 2 2 2 2 2 2 2 0 0 1 1 1 1 1 1 1 1 1 1 10 0 2 2 2 2 2 2 2 2 2 2 0 0
2 2 2 2 2 2 2 2 2 2 0 0 1 1 1 1 1 1 1 1 1 1 0 10 2 2 2 2 2 2 2 2 2 2 0 0
0 0 2 2 2 2 2 2 2 2 2 2 0 0 2 2 2 2 2 2 2 2 2 2 10 0 1 1 1 1 1 1 1 1 1 1
0 0 2 2 2 2 2 2 2 2 2 2 0 0 2 2 2 2 2 2 2 2 2 2 0 10 1 1 1 1 1 1 1 1 1 1
2 2 0 0 2 2 2 2 2 2 2 2 2 2 0 0 2 2 2 2 2 2 2 2 1 1 10 0 1 1 1 1 1 1 1 1
2 2 0 0 2 2 2 2 2 2 2 2 2 2 0 0 2 2 2 2 2 2 2 2 1 1 0 10 1 1 1 1 1 1 1 1
2 2 2 2 0 0 2 2 2 2 2 2 2 2 2 2 0 0 2 2 2 2 2 2 1 1 1 1 10 0 1 1 1 1 1 1
2 2 2 2 0 0 2 2 2 2 2 2 2 2 2 2 0 0 2 2 2 2 2 2 1 1 1 1 0 10 1 1 1 1 1 1
2 2 2 2 2 2 0 0 2 2 2 2 2 2 2 2 2 2 0 0 2 2 2 2 1 1 1 1 1 1 10 0 1 1 1 1
2 2 2 2 2 2 0 0 2 2 2 2 2 2 2 2 2 2 0 0 2 2 2 2 1 1 1 1 1 1 0 10 1 1 1 1
2 2 2 2 2 2 2 2 0 0 2 2 2 2 2 2 2 2 2 2 0 0 2 2 1 1 1 1 1 1 1 1 10 0 1 1
2 2 2 2 2 2 2 2 0 0 2 2 2 2 2 2 2 2 2 2 0 0 2 2 1 1 1 1 1 1 1 1 0 10 1 1
2 2 2 2 2 2 2 2 2 2 0 0 2 2 2 2 2 2 2 2 2 2 0 0 1 1 1 1 1 1 1 1 1 1 10 0
2 2 2 2 2 2 2 2 2 2 0 0 2 2 2 2 2 2 2 2 2 2 0 0 1 1 1 1 1 1 1 1 1 1 0 10
0 2
0 3
0 4
0 5
0 6
0 7
0 8
0 9
0 10
0 11
1 2
1 3
1 4
1 5
1 6
1 7
1 8
1 9
1 10
1 11
2 4
2 5
2 6
2 7
2 8
2 9
2 10
2 11
3 4
3 5
3 6
3 7
3 8
3 9
3 10
3 11
4 6
4 7
4 8
4 9
4 10
4 11
5 6
5 7
5 8
5 9
5 10
5 11
6 8
6 9
6 10
6 11
7 8
7 9
7 10
7 11
8 10
8 11
9 10
9 11
0 2
0 3
0 4
0 5
0 6
0 7
0 8
0 9
0 10
0 11
1 2
1 3
1 4
1 5
1 6
1 7
1 8
1 9
1 10
1 11
2 4
2 5
2 6
2 7
2 8
2 9
2 10
2 11
3 4
3 5
3 6
3 7
3 8
3 9
3 10
3 11
4 6
4 7
4 8
4 9
4 10
4 11
5 6
5 7
5 8
5 9
5 10
5 11
6 8
6 9
6 10
6 11
7 8
7 9
7 10
7 11
8 10
8 11
9 10
9 11
0 2
0 3
0 4
0 5
0 6
0 7
0 8
0 9
0 10
0 11
1 2
1 3
1 4
1 5
1 6
1 7
1 8
1 9
1 10
1 11
2 4
2 5
2 6
2 7
2 8
2 9
2 10
2 11
3 4
3 5
3 6
3 7
3 8
3 9
3 10
3 11
4 6
4 7
4 8
4 9
4 10
4 11
5 6
5 7
5 8
5 9
5 10
5 11
6 8
6 9
6 10
6 11
7 8
7 9
7 10
7 11
8 10
8 11
9 10
9 11
17951641924834997535 3072
29 38 27 54 41 24 59 33 53 40 56 37 30 21 25 39 14 9 2 44 7 19 49 51 20 8 45 48 5 16 55 17 4 50 42 11 18 57 46 12 52 22 6 34 58 23 35 36 1 13 0 32 43 26 28 3 47 15 10 31
48 15 9 29 33 58 42 54 20 23 43 59 37 24 57 10 34 41 22 28 18 55 2 44 36 49 11 27 52 51 26 45 46 12 7 4 16 30 25 35 8 17 0 6 1 14 39 56 47 50 53 13 19 40 32 31 5 38 21 3
29 38 27 54 55 24 59 30 53 40 56 37 33 21 25 39 14 44 2 9 7 19 49 51 20 8 45 48 5 11 41 17 4 50 42 16 18 57 46 12 52 22 6 34 58 23 35 36 1 13 0 32 43 26 28 3 47 15 10 31
48 15 9 29 33 58 42 54 20 23 43 59 37 24 57 26 34 41 22 28 18 55 2 44 36 49 11 27 52 51 10 45 46 12 7 4 16 30 25 35 8 17 0 6 1 14 39 56 47 50 53 13 19 40 32 31 5 38 21 3
9268372538283579769 3072
57 53 25 38 35 14 50 19 43 28 56 42 52 55 39 41 2 32 10 31 33 15 20 6 13 36 5 46 18 12 9 47 0 40 48 54 23 24 51 7 4 29 8 59 27 22 11 49 1 26 45 16 34 30 58 21 37 17 44 3
50 44 40 31 45 28 32 23 25 19 21 46 27 33 35 38 43 36 48 52 5 18 16 47 51 9 39 53 29 49 12 57 42 22 37 2 55 7 10 34 56 14 24 0 15 3 54 59 58 41 4 6 8 17 13 26 1 20 11 30
57 53 25 38 35 14 50 19 43 28 56 42 52 55 39 41 2 32 10 31 33 15 20 6 13 36 5 46 18 12 9 47 0 40 48 54 23 24 29 7 4 51 8 59 27 22 11 49 1 26 45 16 34 30 58 21 37 17 44 3
50 44 40 34 45 28 32 23 25 19 21 46 27 33 35 38 43 36 48 52 5 18 16 47 51 9 39 53 29 49 12 57 42 22 37 2 55 7 10 31 56 14 24 0 15 3 54 59 58 41 4 6 8 17 13 26 1 20 11 30
3167967650054667244 3072
41 58 42 18 28 25 48 2 23 47 30 59 50 29 43 26 37 8 33 24 44 14 7 12 45 51 54 52 56 53 16 36 21 27 35 5 57 1 20 31 17 11 9 32 0 55 6 49 34 10 13 40 19 46 39 3 4 15 22 38
59 53 35 37 48 44 20 21 7 22 51 30 24 31 38 58 5 42 12 43 54 45 40 16 4 56 13 28 14 46 47 11 17 2 52 57 1 39 50 19 23 49 10 8 55 25 6 9 3 18 32 33 41 0 27 34 29 26 36 15
41 58 42 18 28 25 48 2 23 47 30 57 50 29 43 26 37 8 33 24 44 14 7 12 45 51 54 52 56 53 16 36 21 27 35 5 59 1 20 31 17 11 9 32 0 55 6 49 34 10 13 40 19 46 39 3 4 15 22 38
59 53 35 37 48 44 20 21 7 22 51 30 24 34 38 58 5 42 12 43 54 45 40 16 4 56 13 28 14 46 47 11 17 2 52 57 1 39 50 19 23 49 10 8 55 25 6 9 3 18 32 33 41 0 27 31 29 26 36 15
5542737208097025949 3072
55 52 57 7 34 37 16 20 22 45 53 50 10 11 25 24 41 35 44 47 49 32 38 8 14 36 4 46 1 58 59 17 26 3 51 2 23 30 54 40 39 48 29 27 9 5 12 21 0 13 18 6 42 19 33 28 43 31 56 15
56 28 59 22 47 26 43 19 2 33 44 57 48 58 29 41 25 37 23 31 27 42 1 15 55 7 38 36 9 20 5 40 52 46 13 51 45 34 0 14 54 18 16 17 30 53 32 8 50 10 39 24 3 21 49 6 11 12 4 35
55 52 57 7 34 37 16 20 22 45 53 50 10 11 25 24 41 35 44 47 49 32 38 8 14 36 4 46 1 58 59 17 26 3 51 2 23 30 54 40 39 48 29 27 9 5 12 21 0 13 18 6 42 19 33 28 43 31 56 15
56 28 59 22 44 26 43 19 2 33 47 57 48 58 29 41 25 37 23 31 27 42 1 15 55 7 38 36 9 20 5 40 52 46 13 51 45 34 0 14 54 18 16 17 30 53 32 8 50 10 39 24 3 21 49 6 11 12 4 35
2548106333118935483 3072
15 43 24 58 34 25 40 47 30 38 48 59 57 54 8 39 23 32 31 20 7 22 45 28 50 18 3 52 11 12 44 6 9 51 49 42 55 46 19 37 0 53 41 27 56 35 16 4 36 2 33 10 1 21 13 14 5 29 26 17
36 56 14 34 44 47 53 59 9 31 58 41 42 48 26 27 35 29 7 52 6 45 23 16 3 37 51 12 55 50 8 43 17 24 38 10 28 11 1 25 54 5 0 18 20 15 57 39 19 30 13 49 40 2 33 32 21 22 4 46
15 43 24 58 34 25 40 47 30 38 48 59 57 54 42 39 23 32 31 20 7 22 45 28 50 18 3 52 11 12 44 6 9 51 26 8 19 46 55 37 0 53 41 27 56 35 16 4 36 2 33 10 1 21 13 14 5 29 49 17
36 56 14 34 44 47 53 24 9 31 58 41 42 48 26 27 35 29 7 52 6 17 37 16 3 23 22 12 25 50 8 55 49 43 38 10 28 11 1 59 54 5 0 18 20 15 57 39 19 30 13 45 40 2 33 32 21 51 4 46
11968397667063519991 3072
14 28 31 25 46 27 50 24 45 5 39 4 44 30 21 35 23 18 36 6 58 48 47 3 43 26 52 41 57 56 49 53 13 9 22 54 16 38 0 51 34 33 11 55 19 37 7 10 59 2 1 20 40 29 8 17 12 32 15 42
56 55 33 54 25 45 47 36 23 20 43 58 19 22 46 2 30 53 32 24 48 3 52 59 7 12 40 49 42 15 41 8 50 16 39 44 35 0 37 26 6 18 38 11 27 57 51 5 1 34 13 17 10 4 29 28 14 31 21 9
14 28 31 25 46 27 50 24 45 5 39 4 44 30 21 35 54 18 36 6 58 48 47 3 43 26 52 41 57 56 49 53 13 9 22 23 16 38 0 51 34 33 11 55 19 37 7 10 59 2 1 20 40 29 8 17 12 32 15 42
56 55 33 54 25 45 47 36 23 20 43 58 19 22 46 2 30 53 32 24 48 3 52 59 7 12 40 49 42 15 41 8 50 16 39 44 35 0 37 26 6 18 38 11 27 57 51 5 1 34 13 17 10 4 29 28 14 31 21 9
17601389339353866858 3072
12 55 42 7 33 23 38 26 36 45 43 41 24 54 27 50 30 25 29 49 34 48 59 58 0 47 6 37 56 51 20 17 5 3 39 44 57 4 53 14 19 22 32 10 35 15 21 31 13 40 8 16 46 28 9 1 11 18 52 2
57 28 24 31 47 58 50 4 59 26 8 25 55 32 44 35 0 22 37 45 49 11 5 41 54 13 48 14 53 6 38 42 19 51 15 29 9 56 3 40 30 12 18 17 36 27 7 52 33 34 21 2 16 43 10 39 46 23 20 1
12 55 42 7 33 23 38 26 36 45 43 41 24 54 27 47 30 25 29 49 34 48 57 58 0 50 6 37 56 51 20 17 5 3 39 44 59 4 53 14 19 22 32 10 35 15 21 31 13 40 8 16 46 28 9 1 11 18 52 2
57 28 24 31 19 7 50 4 59 26 58 25 55 32 44 11 0 22 37 45 49 35 5 41 54 13 48 14 53 6 38 42 47 51 15 29 9 56 46 40 30 12 18 8 36 27 17 52 33 34 21 20 16 43 10 39 3 23 2 1
4426300008119095339 3072
53 41 29 24 59 46 56 36 15 4 3 49 52 55 1 26 30 39 44 45 14 20 48 57 19 6 47 40 54 27 18 38 28 13 58 5 2 11 7 51 25 32 8 33 42 31 50 16 23 21 12 37 43 9 22 17 35 10 0 34
47 22 58 51 56 53 23 28 20 45 48 18 34 59 25 39 9 37 21 55 33 52 40 2 43 4 14 6 5 17 35 46 49 57 42 38 27 44 41 26 30 16 11 8 0 13 24 31 12 3 7 1 32 29 19 10 15 50 54 36
53 41 29 24 59 46 56 36 15 4 3 49 52 55 1 26 30 39 44 45 14 20 48 57 19 6 47 40 54 27 18 38 28 13 58 5 2 11 7 51 25 32 8 33 42 31 50 16 23 21 12 37 43 9 22 17 35 10 0 34
47 22 58 51 56 53 23 28 20 45 48 18 34 59 25 39 9 37 21 55 33 52 40 2 43 4 14 6 5 17 35 46 49 57 42 38 27 44 41 26 30 16 11 8 0 13 24 31 12 3 7 1 32 29 19 10 15 50 54 36
11495296184066715841 3072
48 36 25 0 44 37 41 34 59 4 53 46 28 51 16 56 27 39 29 23 26 15 2 47 43 8 21 38 19 42 32 7 12 3 52 58 45 33 50 55 54 6 18 17 24 57 5 35 1 20 14 49 9 10 40 22 13 11 30 31
47 54 15 27 18 58 32 37 42 30 40 55 24 17 29 38 43 51 33 12 48 16 5 2 35 21 49 14 41 25 19 13 36 56 28 4 34 9 11 22 7 53 45 31 8 1 57 52 39 26 6 20 0 59 10 44 23 50 46 3
48 36 25 0 44 37 41 34 59 4 53 46 28 51 8 56 27 39 29 23 26 15 2 47 43 16 21 38 19 42 32 7 12 3 52 58 45 33 50 55 54 6 18 17 24 57 5 35 1 20 14 49 9 10 40 22 13 11 30 31
47 54 15 27 18 58 32 37 42 30 40 55 24 17 29 38 43 51 33 12 48 16 5 2 35 21 49 19 41 25 14 13 36 56 28 4 34 9 11 22 7 53 45 31 8 1 57 52 39 59 6 20 0 26 10 44 23 50 46 3
17690175342187956304 3072
37 43 35 53 34 57 29 36 22 39 55 38 15 59 49 28 54 30 44 45 14 56 6 13 42 5 25 7 52 27 2 18 41 17 3 48 26 33 8 40 16 21 32 12 0 1 51 50 19 47 20 46 4 9 58 24 11 31 23 10
59 8 43 56 37 49 41 29 24 30 42 54 31 20 47 58 32 4 23 25 57 14 46 44 15 40 36 5 19 48 39 38 1 55 33 21 53 18 22 0 28 50 9 10 35 52 7 34 26 11 16 6 12 27 13 2 51 45 3 17
37 43 35 53 34 57 29 36 22 39 55 38 15 59 49 28 54 30 44 45 14 56 6 13 42 5 25 7 52 27 2 18 41 17 3 48 26 33 8 40 16 21 32 12 0 1 51 50 19 47 20 46 4 9 58 24 11 31 23 10
59 8 43 56 37 49 41 29 24 30 42 54 31 20 35 58 32 4 23 25 57 14 46 44 15 40 36 5 19 48 39 38 1 55 33 21 53 18 22 0 28 50 9 10 47 52 7 34 26 11 16 6 12 27 13 2 51 45 3 17
17641817206782740129 3072
39 40 24 51 35 18 42 43 6 33 31 13 58 56 0 25 28 9 44 36 49 21 26 5 47 50 14 38 55 16 48 41 54 22 37 7 57 8 2 15 30 10 1 4 59 34 53 52 19 12 45 46 20 17 29 32 23 11 27 3
58 44 26 25 2 21 35 48 42 37 43 49 4 55 56 41 40 29 31 24 6 18 17 20 3 5 38 51 19 54 47 52 12 36 34 45 11 32 15 59 8 53 57 33 50 14 1 0 39 27 22 28 9 46 7 16 13 30 23 10
39 40 24 51 35 18 42 43 6 33 31 13 26 56 0 25 28 9 44 36 49 21 58 5 47 50 14 38 55 16 48 41 54 22 37 7 57 8 2 15 30 10 1 4 59 34 53 52 19 12 45 46 20 17 29 32 23 11 27 3
58 44 26 25 2 21 35 48 42 37 43 49 4 55 56 41 40 29 31 24 6 18 17 20 3 5 38 51 19 54 47 52 12 36 34 45 11 32 15 59 8 53 57 33 50 14 1 0 39 27 22 28 9 46 7 16 13 30 23 10
1296787156463963426 3072
51 18 52 34 25 47 45 36 6 24 39 59 30 56 57 0 42 3 23 54 19 14 21 11 40 8 44 43 38 53 7 46 9 55 28 4 15 1 27 26 49 48 41 58 37 32 22 17 50 12 2 33 35 13 16 20 10 29 31 5
45 48 9 37 39 44 34 27 26 12 55 36 56 23 33 46 0 35 41 29 22 7 4 57 14 43 2 52 47 30 19 17 5 8 53 38 58 49 15 6 10 11 24 1 16 50 59 21 40 28 32 3 20 18 31 54 42 51 13 25
51 18 52 34 25 47 45 36 6 24 39 59 30 56 57 0 42 3 23 54 19 14 21 11 40 8 44 43 38 53 7 46 9 55 28 4 15 1 27 26 49 48 41 58 37 32 22 17 50 12 2 33 35 13 16 20 10 29 31 5
45 48 9 37 39 44 34 27 26 12 55 36 56 23 33 46 0 35 41 29 22 7 4 57 14 43 2 52 47 30 19 17 5 8 53 38 58 49 15 6 10 11 24 1 16 50 59 21 40 28 32 3 20 18 31 54 42 51 13 25
7488648548895036987 3072
56 51 48 17 33 34 41 26 35 23 40 37 59 52 46 10 21 28 30 0 14 55 49 2 45 19 44 3 8 11 58 13 57 54 42 43 27 29 53 6 22 31 9 24 18 4 25 32 1 20 12 16 50 47 7 38 15 36 5 39
21 44 26 51 8 38 30 55 15 39 32 9 37 31 25 43 40 50 53 42 46 45 19 58 2 36 4 52 49 5 34 56 54 13 7 3 6 35 27 1 57 16 33 18 22 41 14 48 47 17 24 59 0 10 29 12 28 11 20 23
56 51 48 17 33 34 41 26 47 22 40 37 59 52 46 10 21 28 30 0 14 55 49 2 32 19 44 3 8 11 58 13 57 54 6 43 27 29 53 42 23 31 9 24 18 4 25 45 1 20 12 16 50 35 7 38 15 36 5 39
21 44 26 48 8 38 30 55 15 39 32 9 37 33 25 43 40 50 53 42 46 45 19 58 2 36 4 52 49 59 28 57 54 3 7 13 6 51 27 1 56 16 31 18 22 41 14 5 47 17 24 35 0 10 29 12 34 11 20 23
6492904976747352061 3072
36 57 55 54 7 13 45 20 11 28 46 59 26 50 41 32 23 33 21 48 4 25 56 19 14 34 43 2 49 10 47 38 40 3 12 5 16 58 1 31 52 24 6 51 30 9 39 53 35 22 17 29 8 15 0 27 44 18 37 42
59 28 22 32 24 58 51 40 43 31 36 54 52 25 11 6 41 42 35 46 57 8 13 27 29 4 15 53 12 49 17 9 21 5 48 47 55 34 50 45 7 14 26 16 19 30 10 1 3 18 39 38 33 20 2 44 23 37 56 0
36 57 55 54 7 13 45 20 11 28 58 59 26 50 41 32 23 15 21 48 4 25 56 19 14 34 43 2 49 10 47 38 40 3 12 5 16 46 1 31 52 24 6 51 30 9 39 53 35 22 17 29 8 33 0 27 44 18 37 42
59 28 22 32 24 58 51 55 43 40 36 54 52 25 11 6 20 46 35 42 57 8 13 27 29 4 15 53 12 49 17 9 21 5 48 47 31 34 50 45 7 14 26 16 19 30 10 1 3 18 39 38 33 41 2 44 23 37 56 0
15020619077531721165 3072
46 17 9 32 56 33 36 23 41 43 26 49 18 30 53 21 57 13 29 20 16 59 7 38 15 52 39 4 55 54 44 2 12 8 22 28 35 34 42 50 24 25 10 47 58 0 14 6 27 40 45 3 37 19 1 48 5 11 31 51
52 20 31 22 12 46 41 54 45 30 44 4 43 27 58 35 37 19 40 6 8 14 47 7 59 21 23 38 16 33 18 57 34 36 13 53 32 9 26 49 51 15 39 0 5 50 24 55 48 11 1 25 10 56 17 28 29 42 2 3
46 17 9 32 56 33 36 23 41 43 26 53 18 30 49 21 57 13 28 20 16 59 7 38 15 52 39 4 55 54 44 2 12 3 22 29 35 34 37 50 24 25 10 47 58 0 14 6 27 40 45 8 42 19 1 48 5 11 31 51
52 20 31 22 12 56 41 54 45 59 44 4 43 58 35 27 37 30 38 6 8 14 47 7 19 21 23 40 16 33 18 57 34 36 13 53 0 9 26 49 51 15 39 32 5 50 24 55 48 11 1 25 10 46 17 28 29 42 2 3
13890178419162706982 3072
56 36 23 45 20 59 34 51 6 17 47 0 8 49 43 35 25 50 38 48 14 22 58 2 54 13 33 29 53 18 57 15 41 4 7 52 19 46 28 9 30 39 40 24 5 11 55 10 3 31 12 32 44 1 26 42 16 27 21 37
31 41 50 54 56 47 23 7 29 25 36 45 52 10 33 46 28 42 9 27 3 57 8 58 20 55 49 16 18 4 38 44 15 34 37 2 35 17 1 22 39 30 24 51 59 40 11 53 19 5 21 14 26 6 12 32 48 43 0 13
56 36 23 45 20 59 34 51 6 17 47 27 8 49 43 35 25 50 38 48 14 22 58 2 54 13 33 29 53 18 57 15 41 4 7 52 19 46 28 9 30 39 40 24 5 11 55 10 3 31 12 32 44 1 26 42 16 0 21 37
31 47 50 54 56 6 21 7 29 25 36 45 52 10 33 46 28 42 9 27 3 57 8 58 20 55 49 16 18 4 38 44 15 34 37 2 35 17 1 22 39 30 24 51 59 40 11 53 19 5 23 14 26 41 12 32 48 43 0 13
