FACTOR_PERMUTATION_V1 12 16 1024 1 0
10 0 1 1 1 1 1 1 1 1 1 1 1 0 2 2 2 2 1 2 2 2 2 2 1 0 2 2 2 2 1 2 2 2 2 2
0 10 1 1 1 1 1 1 1 1 1 1 0 1 2 2 2 2 2 1 2 2 2 2 0 1 2 2 2 2 2 1 2 2 2 2
1 1 10 0 1 1 1 1 1 1 1 1 2 2 1 0 2 2 2 2 1 2 2 2 2 2 1 0 2 2 2 2 1 2 2 2
1 1 0 10 1 1 1 1 1 1 1 1 2 2 0 1 2 2 2 2 2 1 2 2 2 2 0 1 2 2 2 2 2 1 2 2
1 1 1 1 10 0 1 1 1 1 1 1 2 2 2 2 1 0 2 2 2 2 1 2 2 2 2 2 1 0 2 2 2 2 1 2
1 1 1 1 0 10 1 1 1 1 1 1 2 2 2 2 0 1 2 2 2 2 2 1 2 2 2 2 0 1 2 2 2 2 2 1
1 1 1 1 1 1 10 0 1 1 1 1 1 2 2 2 2 2 1 0 2 2 2 2 1 2 2 2 2 2 1 0 2 2 2 2
1 1 1 1 1 1 0 10 1 1 1 1 2 1 2 2 2 2 0 1 2 2 2 2 2 1 2 2 2 2 0 1 2 2 2 2
1 1 1 1 1 1 1 1 10 0 1 1 2 2 1 2 2 2 2 2 1 0 2 2 2 2 1 2 2 2 2 2 1 0 2 2
1 1 1 1 1 1 1 1 0 10 1 1 2 2 2 1 2 2 2 2 0 1 2 2 2 2 2 1 2 2 2 2 0 1 2 2
1 1 1 1 1 1 1 1 1 1 10 0 2 2 2 2 1 2 2 2 2 2 1 0 2 2 2 2 1 2 2 2 2 2 1 0
1 1 1 1 1 1 1 1 1 1 0 10 2 2 2 2 2 1 2 2 2 2 0 1 2 2 2 2 2 1 2 2 2 2 0 1
1 0 2 2 2 2 1 2 2 2 2 2 10 0 1 1 1 1 1 1 1 1 1 1 1 2 2 2 2 2 1 0 2 2 2 2
0 1 2 2 2 2 2 1 2 2 2 2 0 10 1 1 1 1 1 1 1 1 1 1 2 1 2 2 2 2 0 1 2 2 2 2
2 2 1 0 2 2 2 2 1 2 2 2 1 1 10 0 1 1 1 1 1 1 1 1 2 2 1 2 2 2 2 2 1 0 2 2
2 2 0 1 2 2 2 2 2 1 2 2 1 1 0 10 1 1 1 1 1 1 1 1 2 2 2 1 2 2 2 2 0 1 2 2
2 2 2 2 1 0 2 2 2 2 1 2 1 1 1 1 10 0 1 1 1 1 1 1 2 2 2 2 1 2 2 2 2 2 1 0
2 2 2 2 0 1 2 2 2 2 2 1 1 1 1 1 0 10 1 1 1 1 1 1 2 2 2 2 2 1 2 2 2 2 0 1
1 2 2 2 2 2 1 0 2 2 2 2 1 1 1 1 1 1 10 0 1 1 1 1 1 0 2 2 2 2 1 2 2 2 2 2
2 1 2 2 2 2 0 1 2 2 2 2 1 1 1 1 1 1 0 10 1 1 1 1 0 1 2 2 2 2 2 1 2 2 2 2
2 2 1 2 2 2 2 2 1 0 2 2 1 1 1 1 1 1 1 1 10 0 1 1 2 2 1 0 2 2 2 2 1 2 2 2
2 2 2 1 2 2 2 2 0 1 2 2 1 1 1 1 1 1 1 1 0 10 1 1 2 2 0 1 2 2 2 2 2 1 2 2
2 2 2 2 1 2 2 2 2 2 1 0 1 1 1 1 1 1 1 1 1 1 10 0 2 2 2 2 1 0 2 2 2 2 1 2
2 2 2 2 2 1 2 2 2 2 0 1 1 1 1 1 1 1 1 1 1 1 0 10 2 2 2 2 0 1 2 2 2 2 2 1
1 0 2 2 2 2 1 2 2 2 2 2 1 2 2 2 2 2 1 0 2 2 2 2 10 0 1 1 1 1 1 1 1 1 1 1
0 1 2 2 2 2 2 1 2 2 2 2 2 1 2 2 2 2 0 1 2 2 2 2 0 10 1 1 1 1 1 1 1 1 1 1
2 2 1 0 2 2 2 2 1 2 2 2 2 2 1 2 2 2 2 2 1 0 2 2 1 1 10 0 1 1 1 1 1 1 1 1
2 2 0 1 2 2 2 2 2 1 2 2 2 2 2 1 2 2 2 2 0 1 2 2 1 1 0 10 1 1 1 1 1 1 1 1
2 2 2 2 1 0 2 2 2 2 1 2 2 2 2 2 1 2 2 2 2 2 1 0 1 1 1 1 10 0 1 1 1 1 1 1
2 2 2 2 0 1 2 2 2 2 2 1 2 2 2 2 2 1 2 2 2 2 0 1 1 1 1 1 0 10 1 1 1 1 1 1
1 2 2 2 2 2 1 0 2 2 2 2 1 0 2 2 2 2 1 2 2 2 2 2 1 1 1 1 1 1 10 0 1 1 1 1
2 1 2 2 2 2 0 1 2 2 2 2 0 1 2 2 2 2 2 1 2 2 2 2 1 1 1 1 1 1 0 10 1 1 1 1
2 2 1 2 2 2 2 2 1 0 2 2 2 2 1 0 2 2 2 2 1 2 2 2 1 1 1 1 1 1 1 1 10 0 1 1
2 2 2 1 2 2 2 2 0 1 2 2 2 2 0 1 2 2 2 2 2 1 2 2 1 1 1 1 1 1 1 1 0 10 1 1
2 2 2 2 1 2 2 2 2 2 1 0 2 2 2 2 1 0 2 2 2 2 1 2 1 1 1 1 1 1 1 1 1 1 10 0
2 2 2 2 2 1 2 2 2 2 0 1 2 2 2 2 0 1 2 2 2 2 2 1 1 1 1 1 1 1 1 1 1 1 0 10
0 2
0 3
0 4
0 5
0 6
0 7
0 8
0 9
0 10
0 11
1 2
1 3
1 4
1 5
1 6
1 7
1 8
1 9
1 10
1 11
2 4
2 5
2 6
2 7
2 8
2 9
2 10
2 11
3 4
3 5
3 6
3 7
3 8
3 9
3 10
3 11
4 6
4 7
4 8
4 9
4 10
4 11
5 6
5 7
5 8
5 9
5 10
5 11
6 8
6 9
6 10
6 11
7 8
7 9
7 10
7 11
8 10
8 11
9 10
9 11
0 2
0 3
0 4
0 5
0 6
0 7
0 8
0 9
0 10
0 11
1 2
1 3
1 4
1 5
1 6
1 7
1 8
1 9
1 10
1 11
2 4
2 5
2 6
2 7
2 8
2 9
2 10
2 11
3 4
3 5
3 6
3 7
3 8
3 9
3 10
3 11
4 6
4 7
4 8
4 9
4 10
4 11
5 6
5 7
5 8
5 9
5 10
5 11
6 8
6 9
6 10
6 11
7 8
7 9
7 10
7 11
8 10
8 11
9 10
9 11
0 2
0 3
0 4
0 5
0 6
0 7
0 8
0 9
0 10
0 11
1 2
1 3
1 4
1 5
1 6
1 7
1 8
1 9
1 10
1 11
2 4
2 5
2 6
2 7
2 8
2 9
2 10
2 11
3 4
3 5
3 6
3 7
3 8
3 9
3 10
3 11
4 6
4 7
4 8
4 9
4 10
4 11
5 6
5 7
5 8
5 9
5 10
5 11
6 8
6 9
6 10
6 11
7 8
7 9
7 10
7 11
8 10
8 11
9 10
9 11
17951516652859179646 37888
31 8 56 57 38 21 13 33 53 36 49 47 23 10 32 39 40 54 51 44 7 26 46 2 42 55 16 59 9 37 14 6 50 45 24 11 28 27 52 4 30 17 58 34 15 22 29 5 41 3 25 19 35 18 43 48 1 0 12 20
59 34 16 51 3 53 28 54 21 2 46 31 41 1 50 38 17 42 24 45 19 52 10 56 36 14 7 5 25 49 57 13 55 6 40 12 27 8 37 33 29 48 39 0 26 18 15 32 11 20 30 58 44 9 35 23 4 47 43 22
31 8 56 57 38 21 13 33 53 36 49 47 23 10 32 39 40 54 51 44 7 26 46 2 42 55 16 59 9 37 14 6 50 45 24 11 28 27 52 4 30 17 58 34 15 22 29 5 41 3 25 19 35 18 43 48 1 0 12 20
59 34 16 51 3 53 28 54 21 2 46 31 41 1 50 38 17 42 24 45 19 52 10 56 36 14 7 5 25 49 57 13 55 6 40 12 27 8 37 33 29 48 39 0 26 18 15 32 11 20 30 58 44 9 35 23 4 47 43 22
18347110144826999403 37888
59 28 26 51 52 2 3 21 11 58 48 17 57 54 27 37 35 0 36 13 15 22 40 46 5 39 43 7 12 47 50 44 56 55 4 23 49 33 42 31 16 9 1 25 34 18 6 38 10 29 45 32 19 8 24 30 53 20 41 14
4 3 34 26 59 32 45 20 23 52 40 41 49 24 16 46 55 42 22 33 47 43 25 14 38 13 11 8 48 6 28 37 19 54 17 30 35 58 5 12 0 10 1 53 51 7 56 15 18 50 44 21 29 27 9 39 36 2 31 57
59 28 26 51 52 2 3 21 11 58 48 17 57 54 27 33 35 0 36 13 15 22 40 46 5 39 43 7 12 47 50 44 56 55 4 23 49 37 42 31 32 9 1 25 34 18 6 16 10 29 45 38 19 8 24 30 53 20 41 14
4 3 34 26 59 32 45 20 23 52 40 41 49 24 16 46 55 42 22 33 47 43 25 14 38 19 11 8 48 6 1 37 13 54 17 30 35 58 5 12 0 10 28 53 51 7 56 15 18 50 44 21 29 27 9 39 36 2 31 57
801043045932061418 37888
54 43 45 26 24 9 39 29 1 36 41 56 28 20 58 33 31 18 13 48 6 17 7 16 42 27 37 21 49 32 40 46 57 4 3 12 19 22 15 35 52 0 30 55 51 2 14 5 34 10 44 47 8 53 25 38 23 11 50 59
48 35 0 55 34 44 37 36 58 45 50 39 11 4 33 38 47 27 24 43 19 15 41 59 53 5 21 12 42 8 16 54 14 26 49 6 7 57 40 31 52 20 22 25 56 29 28 17 10 46 13 32 1 18 3 23 30 9 2 51
54 43 45 26 24 9 39 29 1 36 41 56 28 23 47 33 31 18 13 48 6 17 7 16 42 27 37 21 49 32 19 46 57 4 3 12 40 22 15 35 52 0 30 55 51 2 14 5 34 10 44 58 8 53 25 38 20 11 50 59
48 35 0 55 34 29 37 36 58 45 50 39 11 4 33 38 47 27 24 43 19 54 41 59 53 5 21 12 42 8 16 15 14 26 49 6 7 57 40 31 52 20 22 25 56 44 28 17 10 46 3 32 1 18 13 23 30 9 2 51
14836981982259650024 37888
43 49 34 9 39 2 35 26 21 52 42 37 22 57 28 24 18 19 45 25 7 30 16 41 8 20 14 54 1 6 47 46 51 48 15 40 59 56 12 55 38 11 58 31 13 50 23 17 5 10 4 44 27 53 33 0 32 36 3 29
53 37 56 45 34 25 35 23 36 57 27 49 32 22 21 40 33 50 13 52 51 42 41 16 12 3 58 4 9 18 6 10 55 46 44 30 17 59 43 28 5 20 48 54 1 7 11 0 26 19 31 39 8 47 2 29 14 38 24 15
43 49 34 9 39 2 29 26 21 52 42 37 22 57 28 24 18 19 45 25 7 30 16 41 8 20 14 54 1 6 47 46 51 48 15 40 59 56 12 55 38 11 58 31 13 50 23 17 5 10 4 44 27 53 33 0 32 36 3 35
53 37 56 45 34 25 35 23 36 57 27 49 32 22 21 40 33 50 13 52 51 42 41 16 12 3 58 4 9 18 6 10 55 46 44 30 17 59 43 28 5 20 48 54 1 7 11 0 26 19 31 39 8 47 2 29 14 38 24 15
11102207231683257448 37888
45 57 52 4 20 58 22 19 54 1 3 34 12 50 16 35 43 36 25 27 0 18 9 33 41 26 48 15 51 17 46 38 55 23 42 2 14 8 29 39 32 53 59 24 6 31 10 44 11 56 28 49 7 47 13 37 40 21 5 30
49 54 38 34 21 55 37 9 32 29 57 51 20 23 45 40 18 33 3 48 19 8 10 12 1 26 42 53 59 44 28 6 13 50 52 39 56 7 30 15 5 31 4 35 22 47 11 17 27 16 58 41 46 43 25 24 14 2 36 0
45 57 52 7 20 34 22 19 54 2 3 58 12 50 16 35 43 36 25 27 0 18 9 33 41 26 48 15 51 17 46 38 55 23 42 1 14 8 29 39 32 53 59 24 6 31 10 44 11 56 28 49 4 13 47 37 40 21 5 30
39 54 22 34 29 55 37 9 32 21 57 51 20 23 45 40 18 33 3 48 19 8 10 12 1 26 42 53 59 44 28 6 13 50 52 49 56 7 30 15 5 31 4 35 38 47 11 17 27 16 58 41 46 43 25 24 14 2 36 0
1007482534377512734 37888
58 37 35 49 27 21 32 47 36 52 9 42 22 56 40 53 19 24 33 29 12 59 14 38 13 23 26 6 16 34 46 17 5 51 3 41 45 55 50 39 0 48 57 28 43 4 54 10 20 11 7 31 1 8 44 18 30 25 15 2
55 45 49 56 24 11 51 5 20 40 58 36 57 17 31 50 32 41 21 10 26 12 47 3 37 42 14 7 15 46 6 2 19 54 30 16 59 35 39 4 8 23 22 53 0 29 52 9 34 18 13 28 38 27 44 33 1 43 25 48
58 37 35 49 27 21 32 47 36 52 9 42 22 56 40 53 19 24 33 29 12 59 14 38 13 23 26 6 16 34 46 17 5 51 3 41 45 55 50 39 0 48 57 28 43 4 54 10 20 11 7 31 1 8 44 18 30 25 15 2
55 45 49 56 24 11 51 5 20 40 58 36 57 17 31 50 32 41 21 10 26 12 47 3 37 42 14 7 15 46 6 2 19 54 30 16 59 35 39 4 8 23 22 53 0 29 52 9 34 18 13 28 38 27 44 33 1 43 25 48
6822728010322558851 37888
50 57 5 58 28 27 42 38 29 53 43 48 51 25 34 16 11 54 20 41 39 19 56 7 14 21 36 9 1 35 49 46 37 55 3 12 0 26 32 59 15 24 13 52 8 4 22 44 47 10 6 17 40 45 31 2 33 23 18 30
59 42 41 57 58 34 20 1 16 54 33 40 32 46 36 47 13 22 4 23 14 7 19 10 50 37 43 6 26 55 3 53 44 12 48 11 35 2 5 49 25 17 0 56 31 45 15 30 18 52 21 38 24 9 29 39 28 51 8 27
50 57 5 58 28 27 42 38 29 53 43 48 51 25 34 16 11 54 20 41 39 19 56 7 14 21 36 9 1 35 49 46 37 55 3 12 0 26 32 59 15 24 13 52 8 4 22 44 47 10 6 17 40 45 31 2 33 23 18 30
59 42 41 57 58 34 20 1 16 54 33 40 32 46 36 47 13 22 4 23 14 7 19 10 50 37 43 6 26 55 3 53 44 12 48 11 35 2 5 49 25 17 0 56 31 45 15 30 18 52 21 38 24 9 29 39 28 51 8 27
6212771507141908373 37888
38 21 32 45 40 58 30 55 3 52 43 57 31 22 51 13 56 7 26 39 15 9 25 48 18 42 59 2 8 14 17 1 37 12 53 50 41 28 19 27 49 24 6 54 23 34 16 33 29 36 44 10 47 0 20 35 5 4 11 46
45 36 47 54 24 28 34 27 33 52 38 18 22 29 39 44 37 51 26 7 58 46 19 50 55 23 48 2 6 57 40 35 31 13 42 49 30 10 32 15 5 41 25 59 14 4 0 16 3 56 17 1 9 8 43 53 12 21 20 11
12 21 32 45 40 58 30 55 3 52 43 57 31 22 51 13 56 7 26 39 15 9 25 48 18 42 59 2 8 14 17 1 37 38 53 50 41 28 19 0 49 24 6 54 23 34 16 33 29 36 44 10 47 27 20 35 5 4 11 46
45 36 47 54 24 28 34 27 33 52 38 18 22 29 39 44 37 51 26 7 58 46 19 50 55 23 48 2 6 57 40 35 31 13 42 49 30 10 32 15 5 41 25 59 14 4 0 16 3 56 17 1 9 8 43 53 12 21 20 11
2380654651567795122 37888
23 40 6 8 41 28 29 51 13 53 47 50 36 25 35 45 12 52 31 26 57 17 46 38 5 22 7 14 59 48 16 19 43 37 33 3 0 49 15 34 20 11 10 1 56 9 42 55 30 58 44 39 27 21 54 32 4 24 18 2
43 6 26 41 31 50 20 58 33 57 15 29 25 27 24 44 35 36 34 49 59 8 22 21 40 55 42 38 4 54 12 56 51 45 37 11 32 28 13 19 16 5 46 17 52 30 48 10 47 18 7 39 1 2 53 9 3 14 0 23
23 40 6 8 27 28 29 51 13 53 47 50 36 25 35 45 12 52 31 26 57 17 46 38 0 22 7 14 59 48 16 19 43 37 33 3 5 49 15 34 20 11 10 1 56 9 42 55 30 58 44 39 41 21 54 24 4 32 18 2
42 6 26 41 31 50 20 58 33 57 15 29 25 27 24 44 35 36 34 49 59 8 22 21 40 55 13 38 4 54 12 56 51 45 37 11 32 28 43 19 16 5 46 17 52 30 48 10 47 18 7 39 1 2 53 9 3 14 0 23
934150774160547288 37888
23 8 52 22 29 35 46 2 49 38 19 42 27 25 56 12 32 54 43 36 58 48 39 40 55 51 44 3 16 47 59 6 37 13 28 53 15 26 41 7 4 30 1 31 34 14 18 9 50 21 24 11 0 45 33 57 10 17 5 20
46 57 27 1 24 2 31 43 58 49 29 52 25 50 12 35 40 59 22 44 17 55 38 26 48 54 7 39 8 30 9 45 11 36 13 37 56 32 5 14 28 51 18 53 4 20 6 10 21 19 42 33 41 3 23 16 15 47 34 0
23 8 52 22 29 35 46 2 49 38 19 42 27 25 56 12 32 54 43 36 58 48 39 40 55 51 44 3 16 47 59 6 37 14 28 53 15 26 41 1 4 30 7 31 34 13 18 9 50 21 24 11 0 45 33 57 10 17 5 20
46 57 27 1 24 2 31 43 58 49 29 52 25 50 12 35 40 59 22 44 17 55 38 26 48 54 7 39 8 30 9 45 11 36 13 37 56 32 5 14 28 51 18 53 4 20 6 10 21 19 42 33 41 3 23 16 15 47 34 0
3597755671428512637 37888
39 37 16 46 27 34 29 59 52 4 21 41 32 22 26 33 2 14 43 49 51 56 7 55 11 54 3 20 42 58 44 6 50 15 38 1 53 9 23 28 25 18 35 48 19 0 17 5 13 36 30 12 40 47 10 45 31 57 8 24
11 44 20 30 58 59 55 46 2 32 36 53 17 28 24 47 29 26 16 51 57 54 42 31 40 49 7 0 23 8 9 56 12 35 48 37 41 1 50 4 15 33 22 45 6 19 52 25 13 39 34 18 5 10 3 38 21 14 27 43
39 37 16 46 27 34 29 59 52 4 21 41 32 22 26 33 2 14 43 49 51 56 7 55 1 54 3 20 42 58 44 6 50 15 38 11 53 9 23 28 25 18 35 48 19 0 17 5 13 36 30 12 40 47 10 45 31 57 8 24
15 44 20 30 58 59 55 46 2 32 36 53 17 28 24 47 29 26 16 51 57 54 42 31 40 49 7 0 23 8 9 56 12 35 48 37 41 1 50 4 11 33 22 45 6 19 52 25 13 39 34 18 5 10 3 38 21 14 27 43
8648272240369313018 37888
35 8 25 43 44 32 37 50 38 59 39 19 57 33 20 47 30 40 0 23 54 48 18 45 3 7 14 27 22 13 41 5 56 42 49 28 4 1 12 15 11 52 34 24 51 26 53 2 46 31 6 17 9 10 58 36 21 16 55 29
43 32 38 25 59 36 30 35 8 37 56 57 14 50 44 33 41 23 13 28 9 45 40 3 12 51 53 22 31 10 19 46 54 2 42 49 58 27 29 39 0 16 11 55 26 4 52 7 48 21 20 1 6 18 17 24 5 47 34 15
35 8 25 43 44 32 37 50 38 59 39 15 57 33 20 47 30 40 0 23 54 48 18 45 3 7 14 27 22 13 41 5 56 42 49 28 4 1 12 19 11 52 34 24 51 26 53 2 46 31 6 17 9 10 58 36 21 16 55 29
43 32 38 25 59 36 30 35 8 37 56 57 14 50 44 33 41 23 13 28 9 45 40 3 12 51 53 22 31 10 19 46 54 2 42 49 58 27 29 39 0 16 11 55 26 4 52 7 48 21 20 1 6 18 17 24 5 47 34 15
722366677405353493 37888
45 44 35 23 59 37 30 8 38 20 52 4 32 58 28 46 41 27 25 15 19 50 12 39 51 3 6 34 53 55 26 33 18 36 14 57 47 24 5 40 22 49 7 56 10 42 1 11 16 31 21 48 29 9 13 0 54 2 17 43
8 52 30 49 57 32 40 27 45 20 41 21 50 6 10 59 31 26 44 33 38 23 58 42 43 14 9 13 17 46 36 55 35 48 12 4 25 15 56 5 1 51 28 18 19 29 53 0 3 47 11 39 2 7 24 34 22 16 54 37
45 44 35 23 59 37 30 8 38 20 52 4 32 58 28 46 41 27 25 15 14 50 12 39 51 3 6 34 53 55 26 33 18 36 19 57 47 24 5 40 22 49 7 56 10 42 1 11 16 31 21 48 29 9 13 0 54 2 17 43
8 52 30 49 57 32 40 27 45 20 41 21 50 6 10 59 31 26 44 33 38 23 58 42 15 14 9 13 17 46 36 55 35 4 12 48 25 43 56 5 1 51 28 18 19 29 53 0 3 47 11 39 2 7 24 34 22 16 54 37
4702045400264353076 37888
56 9 58 25 48 39 28 29 21 52 13 17 35 49 54 46 27 24 38 30 59 0 37 1 36 8 42 51 31 2 44 40 14 43 18 57 10 20 16 4 15 6 34 19 50 23 32 45 47 41 7 11 3 55 33 53 5 26 22 12
57 56 59 54 46 43 42 7 28 20 44 40 22 30 58 11 0 47 49 52 15 4 39 37 18 26 25 29 51 33 14 6 41 31 3 53 34 24 5 2 32 17 19 45 23 13 8 48 38 1 21 27 35 50 12 9 16 36 55 10
56 9 58 25 48 39 28 29 21 52 13 17 35 49 54 46 27 24 38 30 59 0 37 1 36 8 42 51 31 2 44 40 14 43 18 57 10 20 16 4 15 6 34 19 50 23 32 45 47 41 7 11 3 55 33 53 5 26 22 12
57 56 59 54 46 43 42 7 28 20 44 40 22 30 58 11 0 47 49 52 15 4 39 37 18 26 25 29 51 33 14 6 41 31 3 53 34 24 5 2 32 17 19 45 23 13 8 48 38 1 21 27 35 50 12 9 16 36 55 10
3699353349054579851 37888
59 57 34 5 40 32 20 45 30 21 58 36 48 27 49 3 54 41 31 11 2 43 42 26 14 15 6 38 9 7 35 13 29 46 18 53 25 52 12 22 55 17 16 33 56 50 10 24 1 19 44 37 51 23 39 8 0 47 28 4
56 59 57 58 1 21 55 36 23 29 19 38 54 49 45 44 22 0 50 28 11 24 53 8 40 47 2 42 14 34 46 35 4 37 6 12 51 39 7 3 31 52 16 9 15 30 20 5 41 26 33 48 32 18 43 25 13 10 17 27
59 52 34 5 40 32 20 45 30 21 58 36 48 27 49 3 54 41 31 11 2 43 42 26 14 15 6 38 9 7 35 13 29 46 18 53 25 57 12 22 55 17 16 33 56 50 10 24 1 19 44 37 51 23 39 8 0 47 28 4
56 59 57 58 1 21 55 36 23 29 19 38 54 49 45 44 22 0 50 28 11 24 53 8 40 47 2 42 14 34 46 35 4 37 6 12 51 39 7 3 31 52 16 9 15 30 20 5 41 26 33 48 32 18 43 25 13 10 17 27
6549367641591055156 37888
7 4 58 32 44 35 36 46 52 27 43 48 55 10 30 57 26 12 45 33 49 24 18 17 40 51 29 37 9 59 41 34 13 23 56 15 6 38 22 19 11 28 54 8 1 53 14 42 47 25 20 39 2 50 5 21 31 16 3 0
39 47 6 43 22 0 48 35 54 10 45 38 30 44 26 19 50 40 51 31 9 8 59 56 15 42 37 24 52 18 58 2 5 55 49 11 12 7 34 25 21 14 57 33 27 36 1 53 32 13 28 3 29 23 46 20 17 41 16 4
7 4 58 32 44 35 36 46 52 27 43 48 55 10 30 57 26 12 45 33 49 24 18 17 40 51 20 37 9 59 41 34 13 23 56 15 6 38 22 19 11 28 54 8 1 53 14 42 47 25 29 39 2 50 5 21 31 16 3 0
39 47 32 43 22 7 48 35 54 10 45 38 30 44 26 19 50 40 51 31 9 8 59 56 15 42 37 24 52 18 58 2 5 55 49 11 12 0 34 25 21 14 57 33 27 36 1 53 6 13 28 3 29 23 46 20 17 41 16 4
