FACTOR_PERMUTATION_V1 12 16 1024 1 0
10 0 1 1 1 1 1 1 1 1 1 1 1 0 2 2 2 2 1 2 2 2 2 2 1 0 2 2 2 2 1 2 2 2 2 2
0 10 1 1 1 1 1 1 1 1 1 1 0 1 2 2 2 2 2 1 2 2 2 2 0 1 2 2 2 2 2 1 2 2 2 2
1 1 10 0 1 1 1 1 1 1 1 1 2 2 1 0 2 2 2 2 1 2 2 2 2 2 1 0 2 2 2 2 1 2 2 2
1 1 0 10 1 1 1 1 1 1 1 1 2 2 0 1 2 2 2 2 2 1 2 2 2 2 0 1 2 2 2 2 2 1 2 2
1 1 1 1 10 0 1 1 1 1 1 1 2 2 2 2 1 0 2 2 2 2 1 2 2 2 2 2 1 0 2 2 2 2 1 2
1 1 1 1 0 10 1 1 1 1 1 1 2 2 2 2 0 1 2 2 2 2 2 1 2 2 2 2 0 1 2 2 2 2 2 1
1 1 1 1 1 1 10 0 1 1 1 1 1 2 2 2 2 2 1 0 2 2 2 2 1 2 2 2 2 2 1 0 2 2 2 2
1 1 1 1 1 1 0 10 1 1 1 1 2 1 2 2 2 2 0 1 2 2 2 2 2 1 2 2 2 2 0 1 2 2 2 2
1 1 1 1 1 1 1 1 10 0 1 1 2 2 1 2 2 2 2 2 1 0 2 2 2 2 1 2 2 2 2 2 1 0 2 2
1 1 1 1 1 1 1 1 0 10 1 1 2 2 2 1 2 2 2 2 0 1 2 2 2 2 2 1 2 2 2 2 0 1 2 2
1 1 1 1 1 1 1 1 1 1 10 0 2 2 2 2 1 2 2 2 2 2 1 0 2 2 2 2 1 2 2 2 2 2 1 0
1 1 1 1 1 1 1 1 1 1 0 10 2 2 2 2 2 1 2 2 2 2 0 1 2 2 2 2 2 1 2 2 2 2 0 1
1 0 2 2 2 2 1 2 2 2 2 2 10 0 1 1 1 1 1 1 1 1 1 1 1 2 2 2 2 2 1 0 2 2 2 2
0 1 2 2 2 2 2 1 2 2 2 2 0 10 1 1 1 1 1 1 1 1 1 1 2 1 2 2 2 2 0 1 2 2 2 2
2 2 1 0 2 2 2 2 1 2 2 2 1 1 10 0 1 1 1 1 1 1 1 1 2 2 1 2 2 2 2 2 1 0 2 2
2 2 0 1 2 2 2 2 2 1 2 2 1 1 0 10 1 1 1 1 1 1 1 1 2 2 2 1 2 2 2 2 0 1 2 2
2 2 2 2 1 0 2 2 2 2 1 2 1 1 1 1 10 0 1 1 1 1 1 1 2 2 2 2 1 2 2 2 2 2 1 0
2 2 2 2 0 1 2 2 2 2 2 1 1 1 1 1 0 10 1 1 1 1 1 1 2 2 2 2 2 1 2 2 2 2 0 1
1 2 2 2 2 2 1 0 2 2 2 2 1 1 1 1 1 1 10 0 1 1 1 1 1 0 2 2 2 2 1 2 2 2 2 2
2 1 2 2 2 2 0 1 2 2 2 2 1 1 1 1 1 1 0 10 1 1 1 1 0 1 2 2 2 2 2 1 2 2 2 2
2 2 1 2 2 2 2 2 1 0 2 2 1 1 1 1 1 1 1 1 10 0 1 1 2 2 1 0 2 2 2 2 1 2 2 2
2 2 2 1 2 2 2 2 0 1 2 2 1 1 1 1 1 1 1 1 0 10 1 1 2 2 0 1 2 2 2 2 2 1 2 2
2 2 2 2 1 2 2 2 2 2 1 0 1 1 1 1 1 1 1 1 1 1 10 0 2 2 2 2 1 0 2 2 2 2 1 2
2 2 2 2 2 1 2 2 2 2 0 1 1 1 1 1 1 1 1 1 1 1 0 10 2 2 2 2 0 1 2 2 2 2 2 1
1 0 2 2 2 2 1 2 2 2 2 2 1 2 2 2 2 2 1 0 2 2 2 2 10 0 1 1 1 1 1 1 1 1 1 1
0 1 2 2 2 2 2 1 2 2 2 2 2 1 2 2 2 2 0 1 2 2 2 2 0 10 1 1 1 1 1 1 1 1 1 1
2 2 1 0 2 2 2 2 1 2 2 2 2 2 1 2 2 2 2 2 1 0 2 2 1 1 10 0 1 1 1 1 1 1 1 1
2 2 0 1 2 2 2 2 2 1 2 2 2 2 2 1 2 2 2 2 0 1 2 2 1 1 0 10 1 1 1 1 1 1 1 1
2 2 2 2 1 0 2 2 2 2 1 2 2 2 2 2 1 2 2 2 2 2 1 0 1 1 1 1 10 0 1 1 1 1 1 1
2 2 2 2 0 1 2 2 2 2 2 1 2 2 2 2 2 1 2 2 2 2 0 1 1 1 1 1 0 10 1 1 1 1 1 1
1 2 2 2 2 2 1 0 2 2 2 2 1 0 2 2 2 2 1 2 2 2 2 2 1 1 1 1 1 1 10 0 1 1 1 1
2 1 2 2 2 2 0 1 2 2 2 2 0 1 2 2 2 2 2 1 2 2 2 2 1 1 1 1 1 1 0 10 1 1 1 1
2 2 1 2 2 2 2 2 1 0 2 2 2 2 1 0 2 2 2 2 1 2 2 2 1 1 1 1 1 1 1 1 10 0 1 1
2 2 2 1 2 2 2 2 0 1 2 2 2 2 0 1 2 2 2 2 2 1 2 2 1 1 1 1 1 1 1 1 0 10 1 1
2 2 2 2 1 2 2 2 2 2 1 0 2 2 2 2 1 0 2 2 2 2 1 2 1 1 1 1 1 1 1 1 1 1 10 0
2 2 2 2 2 1 2 2 2 2 0 1 2 2 2 2 0 1 2 2 2 2 2 1 1 1 1 1 1 1 1 1 1 1 0 10
0 2
0 3
0 4
0 5
0 6
0 7
0 8
0 9
0 10
0 11
1 2
1 3
1 4
1 5
1 6
1 7
1 8
1 9
1 10
1 11
2 4
2 5
2 6
2 7
2 8
2 9
2 10
2 11
3 4
3 5
3 6
3 7
3 8
3 9
3 10
3 11
4 6
4 7
4 8
4 9
4 10
4 11
5 6
5 7
5 8
5 9
5 10
5 11
6 8
6 9
6 10
6 11
7 8
7 9
7 10
7 11
8 10
8 11
9 10
9 11
0 2
0 3
0 4
0 5
0 6
0 7
0 8
0 9
0 10
0 11
1 2
1 3
1 4
1 5
1 6
1 7
1 8
1 9
1 10
1 11
2 4
2 5
2 6
2 7
2 8
2 9
2 10
2 11
3 4
3 5
3 6
3 7
3 8
3 9
3 10
3 11
4 6
4 7
4 8
4 9
4 10
4 11
5 6
5 7
5 8
5 9
5 10
5 11
6 8
6 9
6 10
6 11
7 8
7 9
7 10
7 11
8 10
8 11
9 10
9 11
0 2
0 3
0 4
0 5
0 6
0 7
0 8
0 9
0 10
0 11
1 2
1 3
1 4
1 5
1 6
1 7
1 8
1 9
1 10
1 11
2 4
2 5
2 6
2 7
2 8
2 9
2 10
2 11
3 4
3 5
3 6
3 7
3 8
3 9
3 10
3 11
4 6
4 7
4 8
4 9
4 10
4 11
5 6
5 7
5 8
5 9
5 10
5 11
6 8
6 9
6 10
6 11
7 8
7 9
7 10
7 11
8 10
8 11
9 10
9 11
18161352385403654390 26624
31 8 56 57 38 21 13 33 53 36 49 47 23 10 32 39 40 54 51 44 7 26 46 2 42 55 16 59 9 37 14 6 50 45 24 11 28 27 52 4 30 17 58 34 15 22 29 5 41 3 25 19 35 18 43 48 1 0 12 20
53 34 16 51 3 45 28 54 21 2 46 31 41 1 50 38 17 42 24 59 19 52 10 56 36 14 7 5 25 49 57 13 55 6 40 12 27 8 37 33 29 48 39 0 26 18 15 32 11 20 30 58 44 9 35 23 4 47 43 22
31 8 56 57 38 21 13 33 53 36 49 47 23 10 32 39 40 54 51 44 7 26 46 2 42 55 16 59 9 37 14 6 50 45 24 11 28 27 52 4 30 17 58 34 15 22 29 5 41 3 25 19 35 18 43 48 1 0 12 20
53 34 16 51 3 45 28 54 21 2 46 31 41 1 50 38 17 42 24 59 19 52 10 56 36 14 7 5 25 49 57 13 55 6 40 12 27 8 37 33 29 48 39 0 26 18 15 32 11 20 30 58 44 9 35 23 4 47 43 22
16011014783907725615 26624
59 28 26 51 52 2 3 21 32 58 48 17 57 54 45 33 35 0 36 13 15 22 40 46 5 41 43 7 12 47 50 44 56 55 4 23 49 37 42 31 11 9 1 25 34 18 16 6 10 29 27 38 19 8 24 30 53 20 39 14
4 3 34 26 59 32 45 20 23 52 40 41 49 24 16 46 55 42 22 33 47 43 53 51 38 10 11 8 48 6 1 37 13 54 17 30 35 58 5 12 0 25 28 15 14 7 56 19 18 50 44 21 29 27 9 39 36 2 31 57
59 28 26 51 52 2 3 21 32 58 48 17 57 54 27 33 35 0 36 13 15 22 40 46 5 41 43 7 12 47 50 44 56 55 4 23 49 37 42 53 11 9 1 25 31 18 16 6 10 29 45 38 19 8 24 30 34 20 39 14
4 3 34 26 59 32 45 20 23 52 40 41 49 24 16 46 55 42 22 11 47 43 53 51 38 10 33 8 48 6 1 37 13 54 17 30 35 58 5 12 0 25 28 15 19 7 56 14 18 50 44 21 29 27 9 39 36 2 31 57
14405542174287623775 26624
54 43 45 26 24 9 39 29 1 36 41 56 28 23 47 33 31 18 13 48 6 17 7 16 42 27 37 21 49 32 19 46 57 4 3 12 40 22 15 35 52 0 30 55 51 2 14 5 34 10 44 58 8 53 25 38 20 11 50 59
48 35 0 55 34 29 37 36 58 45 50 39 11 4 33 38 47 27 24 43 19 54 41 59 53 5 21 12 49 8 16 15 14 26 42 6 7 57 40 31 52 20 22 25 56 44 28 17 10 46 3 32 1 18 13 23 30 9 2 51
54 43 45 26 24 9 39 29 1 36 41 56 28 23 47 33 31 18 13 48 6 17 7 16 42 27 37 21 49 32 19 46 57 4 3 12 40 22 15 35 52 0 30 55 51 2 14 5 34 10 44 58 8 53 25 38 20 11 50 59
48 35 0 55 34 29 37 36 58 45 50 39 11 4 33 38 47 27 24 43 19 54 41 59 53 5 21 12 49 8 16 15 14 26 42 6 7 57 40 31 52 20 22 25 56 44 28 17 10 46 3 32 1 18 13 23 30 9 2 51
2925962190924378462 26624
43 49 34 0 39 41 29 26 21 52 42 37 22 57 28 24 18 35 45 25 7 30 16 2 8 12 14 54 1 6 47 46 51 48 15 40 59 56 20 55 38 11 58 31 13 50 23 17 5 10 4 44 27 53 33 9 32 36 3 19
53 37 56 45 34 25 1 23 36 57 27 39 32 22 21 41 31 50 13 52 51 43 40 16 12 3 58 4 9 18 6 10 55 46 44 30 17 59 42 28 5 20 48 54 35 7 11 0 26 19 33 49 8 47 2 29 14 38 24 15
43 49 34 6 39 41 29 26 21 52 42 37 22 57 28 24 18 51 45 25 7 30 16 2 8 12 14 23 1 0 47 46 19 48 15 40 59 56 20 55 38 11 58 31 13 50 54 17 5 10 4 44 27 53 33 9 32 36 3 35
53 37 56 45 34 25 35 23 36 57 27 39 32 22 21 41 7 50 13 52 51 43 40 16 12 3 58 4 9 18 6 1 55 46 44 30 17 10 42 28 5 20 48 54 31 59 11 0 26 19 33 49 8 47 2 29 14 38 24 15
15958441237823917012 26624
45 57 52 4 20 58 22 19 54 2 3 34 12 50 16 35 43 36 25 27 0 18 47 33 41 26 48 15 55 17 46 38 51 23 42 1 14 8 29 39 32 53 59 24 6 31 10 44 11 56 28 49 7 13 9 37 40 21 5 30
49 54 22 34 29 55 37 9 32 21 57 51 20 23 45 40 18 33 3 48 19 8 10 12 31 26 42 39 59 44 28 6 13 50 52 17 56 7 30 15 5 1 4 35 38 43 11 53 27 16 58 41 46 47 25 24 14 2 36 0
45 57 52 4 20 34 22 19 53 2 3 58 12 50 16 35 43 36 32 27 0 18 9 33 41 26 48 15 54 17 46 38 51 23 42 1 14 8 29 39 25 55 59 24 6 31 10 44 11 56 28 49 7 13 47 37 40 21 5 30
49 54 22 34 29 55 37 9 32 21 57 51 20 23 45 40 18 33 3 48 19 8 10 12 31 26 42 39 59 44 28 6 13 50 52 17 56 7 30 15 5 1 4 35 38 43 11 53 27 16 58 41 46 47 25 24 14 2 36 0
16625245375733777422 26624
58 37 35 49 9 21 32 47 36 52 27 42 48 56 40 53 19 24 33 29 12 7 14 38 13 23 26 6 16 34 46 17 5 51 3 41 45 55 50 39 0 22 57 28 54 4 15 10 20 11 25 31 1 8 44 18 30 59 43 2
55 45 49 56 24 11 51 5 20 40 58 36 57 17 31 50 32 41 21 10 26 12 47 3 38 48 14 7 15 46 6 2 19 54 30 16 59 35 39 4 8 23 22 53 0 29 52 9 34 18 43 28 37 27 44 33 1 13 25 42
58 37 35 49 9 21 32 47 36 52 27 42 48 56 40 53 19 24 33 29 12 7 14 38 13 23 26 6 16 34 46 17 5 51 3 41 45 55 50 39 0 22 57 28 54 4 15 10 20 11 25 31 1 8 44 18 30 59 43 2
55 45 49 56 24 11 51 5 20 40 58 36 57 17 31 50 32 41 21 10 26 12 47 3 38 48 14 7 15 46 6 2 19 54 30 16 59 35 39 4 8 23 22 53 0 29 52 9 34 18 43 28 37 27 44 33 1 13 25 42
17308538840230675511 26624
50 6 5 58 28 27 42 38 44 53 43 48 51 25 34 16 11 54 20 41 39 19 56 7 1 21 36 9 14 35 49 46 37 55 3 12 0 26 32 59 15 24 29 52 8 4 22 13 47 10 57 17 40 45 31 2 33 23 18 30
59 42 41 57 58 34 20 1 48 54 33 40 32 46 36 47 13 22 4 23 14 7 19 10 50 37 43 6 26 55 3 53 44 12 16 11 35 2 5 49 25 17 0 56 31 45 15 30 18 52 21 38 24 9 29 39 28 51 8 27
50 6 5 58 28 27 42 38 44 53 43 48 51 25 34 16 11 54 20 41 39 19 56 7 1 21 36 9 14 35 49 46 37 55 3 12 0 26 32 59 15 24 29 52 8 4 22 13 47 10 57 17 40 45 31 2 33 23 18 30
59 42 41 57 58 34 20 1 48 54 33 40 32 46 36 47 13 22 4 23 14 7 19 10 50 37 43 6 26 55 3 53 44 12 16 11 35 2 5 49 25 17 0 56 31 45 15 30 18 52 21 38 24 9 29 39 28 51 8 27
473042461598394396 26624
12 21 32 45 40 58 30 55 3 52 43 57 31 22 50 13 38 7 26 39 15 9 25 48 18 42 59 2 8 14 17 1 37 56 53 51 41 28 19 0 49 24 6 54 23 34 16 33 29 36 44 10 47 27 20 35 5 4 11 46
45 36 47 54 24 28 34 27 33 52 38 18 22 29 39 44 37 51 26 7 58 46 19 50 55 23 48 2 6 57 40 35 31 13 42 49 30 10 32 15 5 41 25 59 14 4 0 16 3 56 17 1 9 8 43 53 12 21 20 11
12 21 32 45 40 58 30 55 3 52 43 57 31 22 50 13 38 7 26 39 15 9 25 48 18 42 59 2 8 14 17 1 37 53 56 51 41 28 19 27 49 24 6 54 23 34 16 33 29 36 44 10 47 0 20 35 5 4 11 46
45 36 47 54 24 28 34 27 33 52 38 18 22 29 37 44 50 51 26 7 58 46 19 39 55 23 48 2 6 57 40 35 31 13 42 49 30 10 32 15 5 41 25 59 14 4 0 16 3 56 17 1 9 8 43 53 12 21 20 11
5548582566706042285 26624
37 40 6 8 27 33 29 51 13 53 47 50 36 25 35 45 12 52 31 32 57 17 46 38 0 42 7 14 59 48 16 19 43 23 28 3 5 49 15 34 20 11 10 1 56 9 22 55 30 39 44 58 41 21 54 24 4 26 18 2
42 6 26 41 31 50 20 58 33 57 15 29 25 27 24 44 35 36 34 49 59 8 22 21 40 55 13 38 4 54 12 56 51 45 37 11 32 28 53 19 16 5 46 17 52 30 48 10 47 18 7 39 1 2 23 9 3 14 0 43
37 40 6 8 27 33 29 51 13 53 47 50 36 25 35 45 12 52 31 1 57 17 46 2 0 42 7 14 59 48 16 19 43 23 28 3 5 49 15 34 20 11 10 32 56 9 22 55 30 58 44 38 41 21 54 24 4 26 18 39
42 6 21 41 31 50 20 58 33 57 15 29 25 27 24 44 35 36 34 49 59 7 22 26 40 55 17 38 4 54 12 56 51 45 37 11 32 28 23 19 16 5 46 13 52 30 48 10 47 18 8 39 1 2 53 9 3 14 0 43
5419208992086323864 26624
23 8 52 22 29 47 46 12 49 38 19 42 27 25 56 2 32 54 43 36 58 48 39 40 55 51 44 3 16 35 59 6 37 50 28 53 15 26 41 1 4 30 7 31 34 13 18 9 14 21 24 11 0 45 33 57 10 17 5 20
46 57 27 1 24 39 31 36 58 53 29 52 25 30 12 35 40 59 22 44 14 55 38 26 48 54 7 4 8 50 9 45 11 49 13 37 56 32 5 17 28 51 18 2 43 20 6 10 21 19 42 33 41 3 23 16 15 47 34 0
23 8 52 22 29 47 46 12 49 38 19 42 27 25 56 2 32 54 43 36 58 48 39 40 55 51 44 3 16 35 59 6 37 50 28 53 15 26 41 1 4 30 7 31 34 13 18 9 14 21 24 11 0 45 33 57 10 17 5 20
46 57 27 1 24 39 31 36 58 53 29 52 25 30 12 35 40 59 22 44 14 55 38 26 48 54 7 4 8 50 9 45 11 49 13 37 56 32 5 17 28 51 18 2 43 20 6 10 21 19 42 33 41 3 23 16 15 47 34 0
2443756225642621766 26624
39 37 16 46 27 34 29 59 48 4 21 41 32 22 26 33 2 14 54 17 51 52 7 55 50 15 3 20 42 58 56 6 1 43 38 11 53 9 23 28 25 18 35 44 19 0 49 5 13 36 12 30 40 47 10 45 31 57 8 24
53 44 20 30 58 27 55 46 2 32 36 17 59 31 24 8 29 26 49 51 57 54 42 28 40 3 7 0 43 18 9 56 12 35 48 37 41 1 50 4 11 33 22 45 6 19 52 25 16 39 34 13 15 10 47 38 21 14 23 5
39 37 16 46 27 34 29 59 48 4 21 41 32 22 26 33 2 14 54 17 51 52 7 55 50 15 3 20 42 58 56 6 1 43 38 11 53 9 23 28 25 18 35 44 19 0 49 5 13 36 12 30 40 47 10 45 31 57 8 24
53 44 20 30 58 27 55 46 2 32 36 17 59 31 24 8 29 26 49 51 57 54 42 28 40 3 7 0 43 18 9 56 12 35 48 37 41 1 50 4 11 33 22 45 6 19 52 25 16 39 34 13 15 10 47 38 21 14 23 5
9722196817437386412 26624
35 8 25 53 44 32 43 50 38 59 45 15 57 33 41 47 30 40 0 23 54 48 18 39 2 7 55 22 20 13 27 5 56 42 49 28 4 1 12 19 11 52 34 24 51 26 14 3 46 31 6 17 9 10 58 36 21 16 37 29
43 32 38 25 59 36 30 35 8 37 56 57 14 50 44 33 41 23 13 28 9 45 40 3 12 51 34 22 31 10 19 46 54 2 42 7 58 27 29 53 0 16 11 55 26 4 52 39 48 21 20 1 6 18 17 24 5 47 49 15
35 8 25 53 44 32 43 50 38 59 45 15 57 33 41 47 30 40 0 23 54 48 18 39 2 7 55 22 20 13 27 5 56 42 49 28 4 1 12 19 11 52 34 24 51 26 14 3 46 31 6 17 9 10 58 36 21 16 37 29
43 32 38 25 59 36 30 35 8 37 56 57 14 50 44 33 41 23 13 28 9 45 40 3 12 51 34 22 31 10 19 46 54 2 42 7 58 27 29 53 0 16 11 55 26 4 52 39 48 21 20 1 6 18 17 24 5 47 49 15
263667880245065212 26624
45 44 35 23 59 37 30 8 38 20 52 4 32 58 28 46 41 27 25 15 14 50 12 39 51 3 6 34 53 55 26 33 18 36 9 57 47 24 5 40 22 49 7 56 10 42 1 11 16 31 21 48 29 19 13 0 54 2 17 43
8 52 30 49 57 32 40 27 45 20 41 21 50 6 10 59 31 26 44 33 38 23 58 42 15 14 9 13 17 46 36 55 35 4 12 48 25 43 56 5 1 51 28 18 19 29 53 0 3 47 11 39 2 7 24 34 22 16 54 37
45 44 35 23 59 37 30 8 38 20 52 4 32 58 28 46 41 27 25 15 14 50 12 39 51 3 6 34 53 55 26 33 18 36 9 57 47 24 5 40 22 49 7 56 10 42 1 11 16 31 21 48 29 19 13 0 54 2 17 43
8 52 30 49 57 32 40 27 45 20 41 21 50 6 10 59 31 26 44 33 38 23 58 42 15 14 9 13 17 46 36 55 35 4 12 48 25 43 56 5 1 51 28 18 19 29 53 0 3 47 11 39 2 7 24 34 22 16 54 37
812930193175780343 26624
56 9 50 25 48 39 28 29 21 52 13 14 35 49 58 46 27 23 38 30 59 0 37 1 36 8 42 51 31 2 44 40 17 54 18 57 10 20 16 4 15 6 34 19 43 24 32 45 47 41 7 11 3 55 33 53 5 26 22 12
57 56 59 54 46 43 42 7 28 20 44 40 51 30 58 11 0 47 49 52 15 4 39 26 18 37 25 29 31 33 14 6 41 22 3 53 34 24 5 2 32 17 19 45 23 13 8 48 38 1 21 27 35 50 12 9 16 36 55 10
56 9 54 25 48 39 28 29 21 52 13 14 35 49 58 46 27 24 38 30 59 0 37 1 36 8 42 51 31 2 44 40 17 50 18 57 10 20 16 4 15 6 34 19 43 23 32 45 47 41 7 11 3 55 33 53 5 26 22 12
57 56 59 54 46 43 42 7 28 20 44 40 51 30 58 11 0 47 49 52 15 4 39 26 18 37 25 29 31 33 14 6 41 22 3 53 34 24 5 2 32 17 19 45 23 13 8 48 38 1 21 27 35 50 12 9 16 36 55 10
17802869062252662842 26624
59 52 8 7 40 32 23 45 30 21 58 36 24 27 17 3 56 41 31 11 2 43 42 26 14 15 6 38 29 5 35 13 9 34 18 53 25 57 12 22 55 49 16 33 46 50 10 48 1 19 44 37 51 0 39 54 20 47 28 4
52 39 57 58 1 23 55 36 21 29 19 44 54 49 45 38 42 26 50 28 10 24 53 8 40 47 3 51 14 34 46 35 4 37 6 12 22 59 7 2 31 56 16 9 15 30 20 5 41 18 33 48 32 13 43 25 11 0 17 27
59 52 8 7 40 32 23 45 30 21 58 36 24 27 17 3 56 41 31 11 2 43 42 26 14 15 6 38 29 5 35 13 9 34 18 53 25 57 12 22 55 49 16 33 46 50 10 48 1 19 44 37 20 0 39 54 51 47 28 4
52 39 57 58 1 23 55 36 21 29 19 44 54 49 45 38 42 26 50 28 10 24 53 8 40 47 3 51 14 34 46 35 4 37 6 12 22 59 7 2 31 56 16 9 15 30 20 5 41 18 33 48 32 13 43 25 11 0 17 27
2413199852191054094 26624
7 4 58 32 44 35 36 46 52 27 43 48 55 10 30 57 26 12 45 33 49 24 18 17 40 51 19 37 9 59 41 29 13 23 56 15 6 38 14 34 11 28 54 8 1 53 22 42 47 25 20 39 2 50 5 21 31 16 3 0
39 47 6 43 22 7 48 35 54 10 45 38 30 44 26 19 50 0 51 31 9 8 59 56 15 42 37 57 52 18 58 2 5 55 49 11 12 25 34 40 21 14 24 33 27 36 1 53 32 13 28 3 29 23 46 20 17 41 16 4
7 4 58 32 44 35 36 46 52 27 43 48 55 10 30 57 26 12 45 33 22 24 18 17 40 51 19 37 9 59 41 29 13 23 56 15 6 38 14 34 11 28 54 8 1 53 49 42 47 25 20 39 2 50 5 21 31 16 3 0
39 47 6 43 22 7 48 35 54 10 45 38 30 44 26 19 50 0 51 31 9 8 59 56 15 42 37 57 52 18 58 2 5 55 49 11 12 25 34 40 21 14 24 33 27 36 1 53 32 13 28 3 29 23 46 20 17 41 16 4
