FACTOR_PERMUTATION_V1 12 16 1024 1 0
10 0 1 1 1 1 1 1 1 1 1 1 0 0 2 2 2 2 2 2 2 2 2 2 0 1 1 2 2 2 2 2 2 2 2 2
0 10 1 1 1 1 1 1 1 1 1 1 0 0 2 2 2 2 2 2 2 2 2 2 1 0 2 2 1 2 2 2 2 2 2 2
1 1 10 0 1 1 1 1 1 1 1 1 2 2 0 0 2 2 2 2 2 2 2 2 1 2 0 1 2 2 2 2 2 2 2 2
1 1 0 10 1 1 1 1 1 1 1 1 2 2 0 0 2 2 2 2 2 2 2 2 2 2 1 0 2 1 2 2 2 2 2 2
1 1 1 1 10 0 1 1 1 1 1 1 2 2 2 2 0 1 1 2 2 2 2 2 2 1 2 2 0 1 2 2 2 2 2 2
1 1 1 1 0 10 1 1 1 1 1 1 2 2 2 2 1 0 2 1 2 2 2 2 2 2 2 1 1 0 2 2 2 2 2 2
1 1 1 1 1 1 10 0 1 1 1 1 2 2 2 2 1 2 0 1 2 2 2 2 2 2 2 2 2 2 0 1 1 2 2 2
1 1 1 1 1 1 0 10 1 1 1 1 2 2 2 2 2 1 1 0 2 2 2 2 2 2 2 2 2 2 1 0 2 1 2 2
1 1 1 1 1 1 1 1 10 0 1 1 2 2 2 2 2 2 2 2 0 1 1 2 2 2 2 2 2 2 1 2 0 1 2 2
1 1 1 1 1 1 1 1 0 10 1 1 2 2 2 2 2 2 2 2 1 0 2 1 2 2 2 2 2 2 2 1 1 0 2 2
1 1 1 1 1 1 1 1 1 1 10 0 2 2 2 2 2 2 2 2 1 2 0 1 2 2 2 2 2 2 2 2 2 2 0 0
1 1 1 1 1 1 1 1 1 1 0 10 2 2 2 2 2 2 2 2 2 1 1 0 2 2 2 2 2 2 2 2 2 2 0 0
0 0 2 2 2 2 2 2 2 2 2 2 10 0 1 1 1 1 1 1 1 1 1 1 0 1 1 2 2 2 2 2 2 2 2 2
0 0 2 2 2 2 2 2 2 2 2 2 0 10 1 1 1 1 1 1 1 1 1 1 1 0 2 2 1 2 2 2 2 2 2 2
2 2 0 0 2 2 2 2 2 2 2 2 1 1 10 0 1 1 1 1 1 1 1 1 1 2 0 1 2 2 2 2 2 2 2 2
2 2 0 0 2 2 2 2 2 2 2 2 1 1 0 10 1 1 1 1 1 1 1 1 2 2 1 0 2 1 2 2 2 2 2 2
2 2 2 2 0 1 1 2 2 2 2 2 1 1 1 1 10 1 0 1 1 1 1 1 2 1 2 2 0 2 1 2 2 2 2 2
2 2 2 2 1 0 2 1 2 2 2 2 1 1 1 1 1 10 1 0 1 1 1 1 2 2 2 1 2 0 2 1 2 2 2 2
2 2 2 2 1 2 0 1 2 2 2 2 1 1 1 1 0 1 10 1 1 1 1 1 2 2 2 2 1 2 0 2 1 2 2 2
2 2 2 2 2 1 1 0 2 2 2 2 1 1 1 1 1 0 1 10 1 1 1 1 2 2 2 2 2 1 2 0 2 1 2 2
2 2 2 2 2 2 2 2 0 1 1 2 1 1 1 1 1 1 1 1 10 1 0 1 2 2 2 2 2 2 1 2 0 2 1 2
2 2 2 2 2 2 2 2 1 0 2 1 1 1 1 1 1 1 1 1 1 10 1 0 2 2 2 2 2 2 2 1 2 0 2 1
2 2 2 2 2 2 2 2 1 2 0 1 1 1 1 1 1 1 1 1 0 1 10 1 2 2 2 2 2 2 2 2 1 2 0 1
2 2 2 2 2 2 2 2 2 1 1 0 1 1 1 1 1 1 1 1 1 0 1 10 2 2 2 2 2 2 2 2 2 1 1 0
0 1 1 2 2 2 2 2 2 2 2 2 0 1 1 2 2 2 2 2 2 2 2 2 10 1 0 1 1 1 1 1 1 1 1 1
1 0 2 2 1 2 2 2 2 2 2 2 1 0 2 2 1 2 2 2 2 2 2 2 1 10 1 1 0 1 1 1 1 1 1 1
1 2 0 1 2 2 2 2 2 2 2 2 1 2 0 1 2 2 2 2 2 2 2 2 0 1 10 1 1 1 1 1 1 1 1 1
2 2 1 0 2 1 2 2 2 2 2 2 2 2 1 0 2 1 2 2 2 2 2 2 1 1 1 10 1 0 1 1 1 1 1 1
2 1 2 2 0 1 2 2 2 2 2 2 2 1 2 2 0 2 1 2 2 2 2 2 1 0 1 1 10 1 1 1 1 1 1 1
2 2 2 1 1 0 2 2 2 2 2 2 2 2 2 1 2 0 2 1 2 2 2 2 1 1 1 0 1 10 1 1 1 1 1 1
2 2 2 2 2 2 0 1 1 2 2 2 2 2 2 2 1 2 0 2 1 2 2 2 1 1 1 1 1 1 10 1 0 1 1 1
2 2 2 2 2 2 1 0 2 1 2 2 2 2 2 2 2 1 2 0 2 1 2 2 1 1 1 1 1 1 1 10 1 0 1 1
2 2 2 2 2 2 1 2 0 1 2 2 2 2 2 2 2 2 1 2 0 2 1 2 1 1 1 1 1 1 0 1 10 1 1 1
2 2 2 2 2 2 2 1 1 0 2 2 2 2 2 2 2 2 2 1 2 0 2 1 1 1 1 1 1 1 1 0 1 10 1 1
2 2 2 2 2 2 2 2 2 2 0 0 2 2 2 2 2 2 2 2 1 2 0 1 1 1 1 1 1 1 1 1 1 1 10 0
2 2 2 2 2 2 2 2 2 2 0 0 2 2 2 2 2 2 2 2 2 1 1 0 1 1 1 1 1 1 1 1 1 1 0 10
0 2
0 3
0 4
0 5
0 6
0 7
0 8
0 9
0 10
0 11
1 2
1 3
1 4
1 5
1 6
1 7
1 8
1 9
1 10
1 11
2 4
2 5
2 6
2 7
2 8
2 9
2 10
2 11
3 4
3 5
3 6
3 7
3 8
3 9
3 10
3 11
4 6
4 7
4 8
4 9
4 10
4 11
5 6
5 7
5 8
5 9
5 10
5 11
6 8
6 9
6 10
6 11
7 8
7 9
7 10
7 11
8 10
8 11
9 10
9 11
0 2
0 3
0 4
0 5
0 6
0 7
0 8
0 9
0 10
0 11
1 2
1 3
1 4
1 5
1 6
1 7
1 8
1 9
1 10
1 11
2 4
2 5
2 6
2 7
2 8
2 9
2 10
2 11
3 4
3 5
3 6
3 7
3 8
3 9
3 10
3 11
4 5
4 7
4 8
4 9
4 10
4 11
5 6
5 8
5 9
5 10
5 11
6 7
6 8
6 9
6 10
6 11
7 8
7 9
7 10
7 11
8 9
8 11
9 10
10 11
0 1
0 3
0 4
0 5
0 6
0 7
0 8
0 9
0 10
0 11
1 2
1 3
1 5
1 6
1 7
1 8
1 9
1 10
1 11
2 3
2 4
2 5
2 6
2 7
2 8
2 9
2 10
2 11
3 4
3 6
3 7
3 8
3 9
3 10
3 11
4 5
4 6
4 7
4 8
4 9
4 10
4 11
5 6
5 7
5 8
5 9
5 10
5 11
6 7
6 9
6 10
6 11
7 8
7 10
7 11
8 9
8 10
8 11
9 10
9 11
12778292549051161814 20480
41 46 31 52 8 26 42 22 44 32 19 23 45 51 20 56 29 53 48 40 5 17 13 49 54 4 37 43 58 6 9 12 50 38 34 14 55 24 0 30 7 16 33 18 28 59 27 47 57 11 36 25 35 3 1 39 10 2 15 21
48 39 57 40 42 11 34 53 24 21 44 56 58 20 27 28 50 47 32 30 19 51 41 46 37 8 16 49 4 54 45 26 12 18 38 55 29 3 59 23 17 5 14 25 7 1 52 0 10 33 6 2 9 15 36 31 43 35 22 13
41 46 31 52 8 26 42 22 44 32 19 23 13 51 20 56 29 53 48 40 5 17 45 49 54 4 37 43 58 6 9 12 50 38 30 14 55 24 0 34 7 16 33 18 28 59 27 47 57 11 36 25 35 3 1 39 10 2 15 21
43 39 57 40 45 11 34 53 24 21 44 56 58 20 27 28 50 47 32 48 19 51 41 46 38 8 16 49 4 54 52 26 12 18 37 55 29 3 59 23 17 5 14 25 7 1 42 0 10 33 6 2 9 15 36 31 30 35 22 13
5002061349396002030 20480
48 23 34 28 45 56 41 55 13 25 54 12 50 46 21 32 33 51 24 37 53 6 29 19 18 2 49 44 52 8 57 39 42 59 7 47 17 20 9 3 35 16 58 14 15 30 22 27 31 10 38 1 0 26 5 43 36 4 11 40
33 18 5 14 45 3 25 28 38 36 55 30 26 50 7 20 47 48 57 21 15 54 41 24 42 58 43 4 53 39 35 56 10 9 22 2 17 44 1 27 16 49 19 59 8 6 32 52 51 23 0 31 40 13 29 11 37 12 46 34
48 23 34 28 59 56 38 55 13 25 54 12 50 46 21 32 33 51 24 37 53 6 29 19 18 2 49 44 52 8 57 39 42 45 7 47 17 20 27 3 35 16 58 14 15 30 22 9 31 10 41 1 0 26 5 43 36 4 11 40
33 18 5 14 45 3 25 28 38 36 15 30 26 50 7 20 47 48 57 21 31 54 41 24 42 58 43 4 53 39 35 56 10 9 22 2 17 44 1 27 16 49 19 59 8 6 32 52 51 23 0 55 40 13 29 11 37 12 46 34
16406509497788952476 20480
15 48 54 45 7 59 21 30 56 20 58 44 57 22 27 38 28 23 47 1 17 6 52 42 51 2 49 36 4 40 33 8 55 37 13 16 18 25 46 34 29 24 35 32 26 9 53 14 3 43 41 31 11 19 0 39 12 5 10 50
31 54 22 23 32 2 39 17 11 47 42 26 25 6 30 33 43 41 59 52 53 18 56 0 12 37 20 49 46 55 9 36 4 15 48 35 34 13 57 7 38 5 40 51 14 29 3 58 8 21 10 16 27 44 45 24 1 28 50 19
15 48 54 45 7 59 21 30 56 20 58 44 57 22 27 38 28 23 47 1 17 6 52 42 51 2 49 36 4 40 33 8 55 37 13 16 18 25 46 34 29 24 35 32 26 9 53 14 3 43 41 31 11 19 0 39 12 5 10 50
31 54 22 23 32 2 39 17 11 47 42 26 25 6 30 33 43 41 59 52 53 18 56 0 12 37 20 49 46 55 9 36 4 15 48 35 34 13 57 7 38 5 40 51 14 29 3 58 8 21 10 16 27 44 45 24 1 28 50 19
8008912331780985644 20480
37 46 10 22 54 35 42 23 33 38 43 51 34 40 56 21 25 48 55 28 53 4 41 49 45 18 29 16 8 32 58 1 36 15 47 14 6 57 17 30 27 5 19 12 52 59 7 44 11 0 13 24 9 39 50 26 20 31 2 3
44 28 54 58 32 10 26 38 42 23 39 43 52 19 27 51 53 33 6 49 50 48 40 15 14 47 16 30 55 57 8 46 9 22 18 7 59 3 21 1 29 17 25 56 0 13 37 4 36 35 31 12 34 11 20 2 45 41 5 24
37 46 10 22 54 35 42 23 33 38 43 51 34 40 56 21 25 48 55 28 53 4 41 49 45 18 29 16 8 32 58 1 36 15 47 14 6 57 17 30 27 5 19 12 52 59 7 44 11 0 13 24 9 39 50 26 20 31 2 3
44 28 54 58 32 10 26 38 42 23 39 43 52 19 27 51 53 33 6 49 50 48 40 15 14 47 16 30 55 57 8 46 9 22 18 7 59 3 21 1 29 17 25 56 0 13 37 4 36 35 31 12 34 11 20 2 45 41 5 24
10171797559492642350 20480
46 56 34 14 2 54 21 51 25 38 59 52 23 24 41 49 4 50 37 29 6 12 33 39 13 31 47 8 17 9 42 45 55 20 3 30 19 22 57 1 44 26 58 35 28 0 48 53 18 43 10 5 7 27 32 16 11 36 40 15
37 33 39 30 56 51 18 29 44 45 36 14 26 49 55 47 23 46 1 31 54 59 17 3 58 41 15 12 24 57 2 16 21 48 4 7 13 9 8 42 25 52 5 53 0 40 10 22 34 27 35 32 28 11 38 20 43 50 19 6
46 56 54 14 2 34 23 31 25 38 59 52 29 24 35 49 4 50 37 36 6 12 33 39 13 47 51 8 17 9 42 45 55 20 3 30 19 22 57 1 53 26 58 41 28 0 48 44 18 43 10 5 7 27 32 16 11 21 40 15
37 33 39 30 56 51 41 50 44 45 36 14 26 49 25 47 23 46 1 31 54 59 17 3 58 27 15 12 24 57 2 55 21 48 4 7 29 8 9 42 16 52 5 53 0 40 10 22 34 18 35 32 28 11 38 20 43 13 19 6
6151479008492363357 20480
40 55 29 25 49 45 47 48 11 38 28 39 57 30 23 52 27 50 36 44 56 16 9 58 46 15 10 4 26 6 43 12 42 41 17 5 24 7 13 31 8 14 18 59 1 51 53 20 33 3 35 54 0 2 22 32 37 19 21 34
14 16 56 31 8 35 41 43 42 32 57 48 3 58 46 33 23 19 55 36 20 54 44 6 17 50 28 45 13 40 27 21 18 38 7 52 49 34 53 51 30 24 59 22 4 5 10 47 12 11 37 2 39 26 15 0 1 29 9 25
40 55 29 25 49 45 47 48 11 38 28 39 57 30 23 52 27 50 36 44 56 16 9 58 46 15 10 4 26 6 43 12 42 41 17 5 24 7 13 31 8 14 18 59 1 51 53 20 33 3 35 54 0 2 22 32 37 19 21 34
14 16 56 31 8 35 41 43 42 32 57 48 3 58 46 33 23 19 55 36 20 54 44 6 17 50 28 45 13 40 27 21 18 38 7 52 49 34 53 51 30 24 59 22 4 5 10 47 12 11 37 2 39 26 15 0 1 29 9 25
16567020859377768270 20480
53 54 51 32 35 40 42 26 20 24 56 39 50 5 33 27 30 45 46 38 47 59 19 16 3 36 1 18 8 13 43 48 12 7 15 4 52 29 57 23 11 17 0 41 55 34 49 25 10 14 44 2 58 9 22 28 37 21 6 31
38 13 52 54 58 1 26 43 45 28 42 56 32 33 10 41 47 22 6 5 8 14 46 25 39 18 37 31 59 57 2 12 53 40 49 23 27 50 11 24 48 35 15 21 36 20 7 4 3 34 30 51 9 29 17 55 19 16 44 0
53 54 51 32 35 40 42 10 20 24 56 39 50 5 33 27 30 45 46 38 47 59 19 16 3 36 1 18 8 13 43 48 12 7 15 4 52 29 57 23 11 17 0 41 55 34 49 25 26 14 44 2 58 9 22 28 37 21 6 31
38 13 24 54 58 1 26 43 45 28 42 56 32 33 10 41 47 22 6 5 8 14 46 25 39 18 37 31 59 57 2 12 53 40 49 23 27 50 11 52 48 35 15 21 36 20 7 4 3 34 30 51 9 29 17 55 19 16 44 0
12357430386233431875 20480
39 45 8 10 49 24 41 22 32 31 55 4 53 59 21 38 50 29 37 56 16 30 6 40 42 18 44 0 17 57 7 46 12 52 20 54 35 27 43 26 47 28 58 33 5 2 3 48 23 1 19 13 34 15 25 14 11 9 51 36
46 20 55 57 14 47 29 33 37 22 56 44 19 23 58 26 9 42 34 3 51 54 28 45 8 39 15 48 50 16 27 41 53 2 52 13 38 0 30 12 43 7 1 6 40 18 49 10 59 17 21 5 11 31 36 32 25 35 4 24
39 45 8 10 49 24 41 22 32 31 55 4 53 59 21 38 50 29 37 56 16 30 6 40 42 18 44 9 17 57 7 46 12 52 20 54 35 27 43 26 47 28 58 33 5 2 3 48 23 1 19 13 34 15 25 14 11 0 51 36
46 20 55 57 14 47 29 33 37 22 56 44 19 23 58 26 9 42 34 43 51 54 28 45 8 39 15 48 50 16 27 41 53 2 52 13 38 0 30 3 12 7 1 6 40 18 49 10 59 17 21 5 11 31 36 32 25 35 4 24
7155778671236643256 20480
32 22 46 34 58 50 55 36 53 6 44 41 52 33 57 28 47 26 21 4 16 9 56 5 59 42 12 23 45 7 8 38 51 37 13 43 54 17 0 49 35 18 27 24 15 14 48 40 29 2 10 11 3 19 30 25 39 20 1 31
59 54 7 40 11 29 36 44 21 19 58 22 43 9 20 33 55 42 51 31 50 52 2 17 12 23 49 38 6 13 39 57 46 8 28 14 34 24 32 26 15 48 53 16 27 18 3 25 10 47 56 45 41 1 0 35 30 5 37 4
32 14 46 34 56 50 55 36 53 6 44 41 52 33 57 28 47 26 21 4 16 9 58 5 59 42 12 23 45 7 8 38 51 37 13 43 54 17 0 49 35 18 27 24 15 22 48 40 29 2 10 11 3 19 30 25 39 20 1 31
59 54 7 40 11 29 36 44 21 19 58 22 43 9 20 33 55 42 51 31 50 52 2 17 12 23 49 38 6 13 39 57 46 8 28 14 34 24 32 26 15 48 53 16 27 18 3 25 10 47 56 45 41 1 0 35 30 5 37 4
1529648150981508268 20480
44 50 31 36 59 25 32 47 57 26 29 51 30 54 8 48 20 27 39 43 19 6 55 58 40 4 41 16 24 56 38 17 45 37 3 15 18 10 46 0 7 33 35 9 12 34 14 22 49 13 23 21 1 52 42 28 53 5 11 2
51 8 48 55 28 56 39 34 43 35 41 52 17 27 32 45 33 22 24 4 44 40 58 12 13 54 7 31 59 10 47 29 5 46 16 38 25 9 19 37 50 1 18 36 53 6 30 49 3 26 15 14 57 0 20 23 2 21 42 11
44 50 31 36 59 25 32 47 57 26 29 51 30 54 8 48 20 27 39 43 19 6 55 58 40 4 41 16 24 56 38 17 45 37 3 15 18 10 46 0 7 33 35 9 12 34 14 22 49 13 23 21 1 52 42 28 53 5 11 2
51 8 48 55 28 56 39 34 43 35 41 52 17 27 32 45 33 22 24 4 44 40 58 12 13 54 7 31 59 10 47 36 5 46 16 38 25 9 19 37 50 1 18 29 53 6 30 49 3 26 15 14 57 0 20 23 2 21 42 11
16818798583814014140 20480
34 56 10 27 29 50 36 55 39 53 52 46 58 35 24 25 40 42 23 28 57 17 45 20 51 3 15 4 9 48 41 44 14 8 37 54 5 11 31 32 49 21 7 1 26 18 38 47 33 19 0 16 59 12 6 43 13 2 30 22
35 40 59 30 57 32 50 8 24 29 54 49 19 56 45 15 47 33 36 5 42 58 16 17 0 37 31 55 52 9 34 38 23 22 7 12 26 53 39 18 43 6 11 51 14 4 25 21 3 20 46 48 2 44 1 10 27 28 13 41
34 56 10 27 29 50 36 55 39 53 40 46 58 35 24 25 52 42 23 28 57 17 45 20 51 3 15 4 9 48 41 44 14 8 37 54 5 11 31 32 49 21 7 1 26 18 38 47 33 19 0 16 59 12 6 43 13 2 30 22
35 38 59 30 16 32 50 8 24 29 54 49 19 56 45 15 47 33 36 5 42 58 57 17 0 37 31 55 52 9 34 40 23 22 7 12 26 53 39 18 43 6 11 51 14 4 25 21 3 20 46 48 2 44 1 10 27 28 13 41
8366629506256091289 20480
41 8 25 52 44 46 30 40 23 48 6 27 31 21 35 50 16 26 47 39 51 3 54 17 58 37 33 13 56 12 57 45 2 42 53 15 18 28 5 9 43 14 7 11 59 49 22 34 10 4 1 36 55 24 38 0 29 20 19 32
22 54 44 40 50 12 59 55 15 30 39 49 26 51 37 1 3 43 27 31 8 52 11 58 35 41 48 24 10 5 38 36 33 17 6 42 23 57 29 4 32 47 18 56 25 19 16 0 34 46 45 7 14 9 21 20 2 53 28 13
41 8 25 52 44 46 30 40 23 48 6 27 31 21 35 50 16 26 47 39 51 3 54 17 58 37 33 13 56 12 57 45 2 42 53 15 18 28 5 9 43 14 7 11 59 49 22 34 10 1 4 36 55 24 38 0 29 20 19 32
22 54 44 40 50 12 39 55 15 30 59 49 26 51 37 1 3 43 27 31 8 52 11 58 35 41 48 24 10 5 38 36 33 17 6 42 23 57 29 4 32 47 18 56 25 19 16 0 34 46 45 7 14 9 21 20 2 53 28 13
15634208111483297192 20480
55 25 54 9 21 58 51 36 32 30 48 37 56 8 27 28 29 22 53 41 39 50 44 13 26 5 47 6 57 49 43 59 4 34 12 3 1 24 35 11 7 45 33 10 16 52 20 23 15 40 18 38 2 19 42 31 46 17 0 14
38 56 34 31 41 3 17 50 43 39 11 8 19 58 48 15 36 47 44 23 4 5 40 59 12 57 25 42 45 22 0 35 37 51 30 16 26 33 7 52 14 24 18 53 9 20 55 13 21 32 49 54 27 10 6 1 29 28 2 46
55 25 54 9 21 58 51 36 32 30 48 37 56 8 27 28 29 22 53 41 39 50 44 13 26 5 47 6 57 49 43 59 4 34 12 3 1 24 35 10 7 45 33 11 16 52 20 23 15 40 18 38 2 19 42 31 46 17 0 14
38 56 34 31 41 3 17 50 43 39 11 8 19 58 48 15 53 47 44 23 4 5 40 59 12 57 25 42 45 22 0 35 37 51 30 16 26 33 7 52 14 24 18 36 9 20 55 13 21 32 49 54 27 10 6 1 29 28 2 46
13912198534273784487 20480
52 58 32 22 27 2 46 40 47 53 43 36 31 49 59 25 12 20 7 50 54 57 33 9 37 14 45 42 19 4 44 56 51 6 15 34 21 17 41 3 48 0 18 11 26 55 1 39 5 30 24 16 8 35 13 38 10 29 28 23
41 16 22 43 38 46 37 31 11 36 33 49 57 56 21 44 53 27 28 23 8 48 14 55 32 47 4 15 17 51 26 9 1 35 52 45 59 29 3 6 25 30 34 2 39 19 58 24 10 40 0 7 54 13 20 12 42 18 5 50
52 58 32 22 27 2 46 40 47 53 43 36 31 49 59 25 12 20 7 50 54 57 33 9 37 14 45 42 19 4 44 56 51 6 15 34 21 17 41 3 48 0 18 11 26 55 1 39 5 30 24 16 8 35 13 38 10 29 28 23
41 16 22 43 38 46 37 31 12 36 33 49 57 56 21 44 53 27 28 23 8 48 14 55 32 47 4 15 17 51 26 9 1 35 52 45 59 29 3 6 25 30 34 2 39 19 58 24 10 40 0 7 54 13 20 11 42 18 5 50
13101525452119732608 20480
47 7 58 32 27 57 21 37 39 34 49 44 22 26 29 2 52 35 55 40 46 31 20 59 18 48 6 13 9 50 19 14 36 54 38 24 8 28 15 23 11 42 16 17 41 4 0 53 33 3 45 56 51 43 25 5 30 1 10 12
57 49 43 45 40 25 54 56 11 36 46 38 58 48 55 33 34 51 23 21 4 50 12 15 39 5 41 29 31 18 37 53 8 0 42 24 47 9 22 28 52 16 17 27 30 19 7 6 10 26 32 1 3 20 13 35 2 14 44 59
47 7 58 32 27 57 21 37 39 34 49 44 22 26 29 2 52 35 55 40 46 31 20 59 18 48 6 13 9 50 19 14 36 54 38 24 8 28 15 23 11 42 16 17 41 4 0 53 33 3 45 56 51 43 25 5 30 1 10 12
57 49 43 45 40 25 54 56 11 36 46 38 58 48 55 31 34 51 23 21 4 50 12 15 39 5 41 29 33 18 37 53 8 0 42 24 47 9 22 28 52 16 17 27 30 19 7 6 26 10 32 1 3 20 13 35 2 14 44 59
11131010431191843912 20480
54 53 25 47 35 24 14 40 41 21 42 55 52 9 34 56 20 31 49 36 33 3 57 48 17 26 12 5 6 18 16 28 43 51 7 50 45 19 59 15 22 1 27 58 11 0 39 32 44 4 8 37 2 46 29 10 23 30 13 38
4 56 42 27 40 54 46 45 14 28 59 29 30 24 23 25 50 47 2 52 57 53 3 33 18 17 55 36 58 48 41 9 0 37 43 10 7 21 34 8 44 49 16 35 39 51 1 15 26 11 31 12 19 6 13 32 38 5 22 20
54 53 33 47 35 24 14 40 41 21 42 59 52 9 34 56 20 31 49 36 25 3 57 48 17 26 12 5 1 18 16 28 43 51 7 50 45 19 55 15 22 6 27 58 11 0 39 32 44 4 8 37 2 46 29 10 23 30 13 38
4 56 57 27 40 54 46 45 14 28 59 29 30 44 23 25 50 47 2 52 42 53 3 33 18 17 55 36 58 48 41 9 0 37 43 10 7 24 19 8 21 49 16 35 39 51 1 15 26 11 31 12 34 6 13 32 38 5 22 20
