FACTOR_PERMUTATION_V1 12 16 1024 1 1
10 0 1 1 1 1 1 1 1 1 1 1 1 0 2 2 2 2 1 2 2 2 2 2 1 0 2 2 2 2 1 2 2 2 2 2
0 10 1 1 1 1 1 1 1 1 1 1 0 1 2 2 2 2 2 1 2 2 2 2 0 1 2 2 2 2 2 1 2 2 2 2
1 1 10 0 1 1 1 1 1 1 1 1 2 2 1 0 2 2 2 2 1 2 2 2 2 2 1 0 2 2 2 2 1 2 2 2
1 1 0 10 1 1 1 1 1 1 1 1 2 2 0 1 2 2 2 2 2 1 2 2 2 2 0 1 2 2 2 2 2 1 2 2
1 1 1 1 10 0 1 1 1 1 1 1 2 2 2 2 1 0 2 2 2 2 1 2 2 2 2 2 1 0 2 2 2 2 1 2
1 1 1 1 0 10 1 1 1 1 1 1 2 2 2 2 0 1 2 2 2 2 2 1 2 2 2 2 0 1 2 2 2 2 2 1
1 1 1 1 1 1 10 0 1 1 1 1 1 2 2 2 2 2 1 0 2 2 2 2 1 2 2 2 2 2 1 0 2 2 2 2
1 1 1 1 1 1 0 10 1 1 1 1 2 1 2 2 2 2 0 1 2 2 2 2 2 1 2 2 2 2 0 1 2 2 2 2
1 1 1 1 1 1 1 1 10 0 1 1 2 2 1 2 2 2 2 2 1 0 2 2 2 2 1 2 2 2 2 2 1 0 2 2
1 1 1 1 1 1 1 1 0 10 1 1 2 2 2 1 2 2 2 2 0 1 2 2 2 2 2 1 2 2 2 2 0 1 2 2
1 1 1 1 1 1 1 1 1 1 10 0 2 2 2 2 1 2 2 2 2 2 1 0 2 2 2 2 1 2 2 2 2 2 1 0
1 1 1 1 1 1 1 1 1 1 0 10 2 2 2 2 2 1 2 2 2 2 0 1 2 2 2 2 2 1 2 2 2 2 0 1
1 0 2 2 2 2 1 2 2 2 2 2 10 0 1 1 1 1 1 1 1 1 1 1 1 2 2 2 2 2 1 0 2 2 2 2
0 1 2 2 2 2 2 1 2 2 2 2 0 10 1 1 1 1 1 1 1 1 1 1 2 1 2 2 2 2 0 1 2 2 2 2
2 2 1 0 2 2 2 2 1 2 2 2 1 1 10 0 1 1 1 1 1 1 1 1 2 2 1 2 2 2 2 2 1 0 2 2
2 2 0 1 2 2 2 2 2 1 2 2 1 1 0 10 1 1 1 1 1 1 1 1 2 2 2 1 2 2 2 2 0 1 2 2
2 2 2 2 1 0 2 2 2 2 1 2 1 1 1 1 10 0 1 1 1 1 1 1 2 2 2 2 1 2 2 2 2 2 1 0
2 2 2 2 0 1 2 2 2 2 2 1 1 1 1 1 0 10 1 1 1 1 1 1 2 2 2 2 2 1 2 2 2 2 0 1
1 2 2 2 2 2 1 0 2 2 2 2 1 1 1 1 1 1 10 0 1 1 1 1 1 0 2 2 2 2 1 2 2 2 2 2
2 1 2 2 2 2 0 1 2 2 2 2 1 1 1 1 1 1 0 10 1 1 1 1 0 1 2 2 2 2 2 1 2 2 2 2
2 2 1 2 2 2 2 2 1 0 2 2 1 1 1 1 1 1 1 1 10 0 1 1 2 2 1 0 2 2 2 2 1 2 2 2
2 2 2 1 2 2 2 2 0 1 2 2 1 1 1 1 1 1 1 1 0 10 1 1 2 2 0 1 2 2 2 2 2 1 2 2
2 2 2 2 1 2 2 2 2 2 1 0 1 1 1 1 1 1 1 1 1 1 10 0 2 2 2 2 1 0 2 2 2 2 1 2
2 2 2 2 2 1 2 2 2 2 0 1 1 1 1 1 1 1 1 1 1 1 0 10 2 2 2 2 0 1 2 2 2 2 2 1
1 0 2 2 2 2 1 2 2 2 2 2 1 2 2 2 2 2 1 0 2 2 2 2 10 0 1 1 1 1 1 1 1 1 1 1
0 1 2 2 2 2 2 1 2 2 2 2 2 1 2 2 2 2 0 1 2 2 2 2 0 10 1 1 1 1 1 1 1 1 1 1
2 2 1 0 2 2 2 2 1 2 2 2 2 2 1 2 2 2 2 2 1 0 2 2 1 1 10 0 1 1 1 1 1 1 1 1
2 2 0 1 2 2 2 2 2 1 2 2 2 2 2 1 2 2 2 2 0 1 2 2 1 1 0 10 1 1 1 1 1 1 1 1
2 2 2 2 1 0 2 2 2 2 1 2 2 2 2 2 1 2 2 2 2 2 1 0 1 1 1 1 10 0 1 1 1 1 1 1
2 2 2 2 0 1 2 2 2 2 2 1 2 2 2 2 2 1 2 2 2 2 0 1 1 1 1 1 0 10 1 1 1 1 1 1
1 2 2 2 2 2 1 0 2 2 2 2 1 0 2 2 2 2 1 2 2 2 2 2 1 1 1 1 1 1 10 0 1 1 1 1
2 1 2 2 2 2 0 1 2 2 2 2 0 1 2 2 2 2 2 1 2 2 2 2 1 1 1 1 1 1 0 10 1 1 1 1
2 2 1 2 2 2 2 2 1 0 2 2 2 2 1 0 2 2 2 2 1 2 2 2 1 1 1 1 1 1 1 1 10 0 1 1
2 2 2 1 2 2 2 2 0 1 2 2 2 2 0 1 2 2 2 2 2 1 2 2 1 1 1 1 1 1 1 1 0 10 1 1
2 2 2 2 1 2 2 2 2 2 1 0 2 2 2 2 1 0 2 2 2 2 1 2 1 1 1 1 1 1 1 1 1 1 10 0
2 2 2 2 2 1 2 2 2 2 0 1 2 2 2 2 0 1 2 2 2 2 2 1 1 1 1 1 1 1 1 1 1 1 0 10
0 2
0 3
0 4
0 5
0 6
0 7
0 8
0 9
0 10
0 11
1 2
1 3
1 4
1 5
1 6
1 7
1 8
1 9
1 10
1 11
2 4
2 5
2 6
2 7
2 8
2 9
2 10
2 11
3 4
3 5
3 6
3 7
3 8
3 9
3 10
3 11
4 6
4 7
4 8
4 9
4 10
4 11
5 6
5 7
5 8
5 9
5 10
5 11
6 8
6 9
6 10
6 11
7 8
7 9
7 10
7 11
8 10
8 11
9 10
9 11
0 2
0 3
0 4
0 5
0 6
0 7
0 8
0 9
0 10
0 11
1 2
1 3
1 4
1 5
1 6
1 7
1 8
1 9
1 10
1 11
2 4
2 5
2 6
2 7
2 8
2 9
2 10
2 11
3 4
3 5
3 6
3 7
3 8
3 9
3 10
3 11
4 6
4 7
4 8
4 9
4 10
4 11
5 6
5 7
5 8
5 9
5 10
5 11
6 8
6 9
6 10
6 11
7 8
7 9
7 10
7 11
8 10
8 11
9 10
9 11
0 2
0 3
0 4
0 5
0 6
0 7
0 8
0 9
0 10
0 11
1 2
1 3
1 4
1 5
1 6
1 7
1 8
1 9
1 10
1 11
2 4
2 5
2 6
2 7
2 8
2 9
2 10
2 11
3 4
3 5
3 6
3 7
3 8
3 9
3 10
3 11
4 6
4 7
4 8
4 9
4 10
4 11
5 6
5 7
5 8
5 9
5 10
5 11
6 8
6 9
6 10
6 11
7 8
7 9
7 10
7 11
8 10
8 11
9 10
9 11
14875271919187675384 2048
23 40 34 33 38 46 13 51 31 59 36 53 32 27 35 2 50 45 10 12 7 8 16 39 44 54 49 21 14 37 58 24 4 47 56 11 9 55 52 19 3 20 30 57 15 26 48 5 41 22 43 6 29 18 17 42 1 0 25 28
50 29 57 33 3 53 2 54 21 36 45 51 39 31 46 20 26 42 24 5 18 10 13 38 22 55 7 9 30 49 52 19 44 0 40 12 27 8 37 25 48 11 41 6 56 4 15 32 16 28 17 58 34 59 35 23 1 47 43 14
23 40 30 27 56 29 13 51 31 59 36 53 32 26 35 2 34 3 10 12 7 8 16 39 44 54 49 21 14 37 58 24 4 47 38 11 9 55 52 19 46 20 50 57 15 33 42 5 41 22 43 6 45 18 17 48 1 0 25 28
50 29 57 33 3 53 2 54 21 36 49 51 39 26 46 20 31 42 24 5 18 10 13 38 22 55 7 9 8 45 52 19 44 0 40 12 27 30 37 25 48 11 41 6 56 4 15 32 16 28 17 58 34 59 35 23 1 47 43 14
12164227652107239575 2048
35 38 26 30 52 58 5 21 16 41 44 42 6 54 27 31 33 22 36 17 15 4 39 46 51 59 43 12 49 13 34 47 56 2 3 23 57 20 40 53 11 0 37 9 32 18 24 45 10 29 7 48 19 8 25 1 50 28 55 14
8 42 47 25 59 32 35 37 23 48 57 34 40 22 16 46 55 3 39 33 38 27 58 0 50 43 45 12 52 6 19 20 36 54 17 31 10 11 5 18 1 49 28 53 13 7 56 14 26 30 44 4 29 24 9 2 15 21 51 41
35 38 26 30 52 58 5 21 16 41 46 42 6 54 27 31 33 22 36 17 15 4 39 44 51 59 43 12 49 13 34 47 56 8 3 23 57 20 40 53 11 0 37 9 32 18 24 45 10 29 7 48 19 2 25 1 50 28 55 14
8 42 47 25 59 32 35 37 23 48 57 34 40 22 16 46 55 3 39 33 38 27 58 0 50 43 45 12 52 6 19 20 36 54 17 31 10 11 5 18 1 49 28 53 13 7 56 14 26 30 44 4 29 24 9 2 15 21 51 41
2827434984757998010 2048
54 38 3 39 24 9 26 31 35 30 41 45 28 23 6 33 29 47 10 50 57 17 8 11 51 18 53 21 25 34 19 48 13 2 42 14 49 27 52 40 15 0 16 46 55 4 56 1 36 37 44 58 20 43 5 32 7 12 22 59
48 43 33 6 46 34 27 36 8 37 26 12 14 30 16 55 47 53 24 50 19 58 41 45 31 2 13 5 1 54 49 57 38 56 42 35 20 44 40 15 23 3 9 11 52 21 39 17 7 29 22 32 28 25 59 0 4 10 18 51
54 38 3 39 24 9 26 31 35 25 41 45 28 23 6 33 29 47 10 50 57 17 8 11 51 12 53 21 30 34 27 48 13 2 42 14 49 19 52 40 18 0 16 46 55 4 56 1 36 58 44 37 20 43 5 32 7 15 22 59
48 43 33 6 46 34 27 28 8 37 26 12 14 30 16 55 47 53 24 50 49 58 41 45 31 2 13 5 1 54 19 57 38 56 42 35 20 44 40 15 23 3 9 11 52 21 39 17 7 29 22 32 36 25 59 0 4 10 18 51
4443312762573142182 2048
9 53 34 59 21 26 16 20 29 48 37 56 19 13 33 25 6 35 45 27 7 54 57 47 8 42 14 52 4 32 41 44 46 5 18 36 1 15 22 43 38 31 58 2 30 50 23 3 40 10 51 12 28 0 11 17 24 55 39 49
44 39 9 53 31 34 3 42 10 38 56 36 49 13 21 41 25 54 32 30 50 14 55 20 12 59 58 45 35 18 16 4 52 47 23 7 17 24 37 28 5 51 1 40 26 48 46 0 27 2 8 33 43 6 29 57 19 11 22 15
9 53 34 59 21 26 16 20 29 48 37 56 19 13 33 25 6 35 45 27 7 54 57 47 8 42 14 52 4 32 41 44 46 5 18 36 1 15 22 43 38 31 58 2 30 50 23 3 40 10 51 12 28 0 11 17 24 55 39 49
44 39 9 53 31 34 3 42 10 38 56 36 49 13 21 41 25 54 32 30 50 14 55 20 12 59 58 45 35 18 16 4 52 47 23 7 17 24 37 28 5 51 1 40 26 48 46 0 27 2 8 33 43 6 29 57 19 11 22 15
10362773241480214651 2048
44 32 53 0 20 34 6 41 54 27 21 58 30 50 37 17 19 4 35 24 56 59 14 23 15 2 7 43 51 11 46 48 55 22 5 12 57 8 45 13 25 1 29 39 9 31 42 52 33 18 38 49 36 16 47 28 26 40 3 10
49 54 32 34 21 27 41 31 58 3 52 4 40 23 25 33 26 45 13 48 15 39 10 12 9 50 47 38 56 29 11 2 42 19 24 17 51 7 14 20 5 35 53 18 16 22 1 55 8 57 44 37 43 46 59 30 28 6 36 0
44 32 53 0 20 34 6 41 54 27 21 58 30 50 37 17 19 4 35 24 56 59 14 23 15 2 7 43 51 11 46 48 55 22 5 12 57 8 45 13 25 1 29 39 9 31 42 52 33 18 38 49 36 16 47 28 26 40 3 10
49 54 32 34 21 27 41 31 58 3 52 4 40 23 25 33 26 45 13 48 15 39 10 12 9 50 47 38 56 29 11 2 42 19 24 17 51 7 14 20 5 35 53 18 16 22 1 55 8 57 44 37 43 46 59 30 28 6 36 0
231780421986300367 2048
31 40 6 49 19 21 52 47 58 32 51 36 14 56 24 53 41 0 33 44 12 55 48 3 13 39 26 7 1 11 46 17 5 16 57 45 9 35 59 42 23 22 29 38 54 4 15 25 10 34 2 20 8 50 27 18 30 28 43 37
55 45 22 29 38 1 44 17 54 19 58 30 6 12 47 40 32 41 21 4 25 26 39 3 43 36 48 16 28 14 24 57 59 46 5 15 0 53 51 35 11 37 49 52 31 56 9 7 34 8 18 23 10 27 13 33 50 2 20 42
31 40 6 49 19 21 52 47 58 32 51 36 14 56 24 53 41 0 33 44 12 55 48 3 13 39 26 7 1 11 46 17 5 16 57 45 9 35 59 42 23 22 29 38 54 4 15 25 10 34 2 20 8 50 27 18 30 28 43 37
55 45 22 29 38 1 44 17 54 19 58 30 6 12 47 40 32 41 21 4 25 26 39 3 43 36 48 16 28 14 24 57 59 46 5 15 0 53 51 35 11 37 49 52 31 56 9 7 34 8 18 23 10 27 13 33 50 2 20 42
7913080408997620211 2048
25 9 44 29 34 27 42 40 28 53 47 49 51 17 20 24 33 54 4 38 39 6 52 36 57 10 58 1 22 56 43 41 37 19 3 13 0 18 35 55 31 16 12 32 14 50 21 5 46 2 48 59 8 45 11 7 15 23 26 30
3 22 12 34 36 56 33 31 2 52 23 40 32 11 43 41 47 58 45 0 50 8 19 21 14 37 59 39 54 57 1 17 48 7 16 55 35 6 5 46 25 49 24 15 26 53 4 30 20 42 44 18 9 27 29 38 28 13 10 51
17 9 44 29 34 27 42 40 28 53 47 49 51 25 20 24 33 54 4 38 39 6 52 36 57 10 58 1 0 56 43 41 37 19 3 13 22 18 35 55 31 16 12 32 14 50 21 5 46 2 48 59 8 45 11 7 15 23 26 30
59 22 12 34 36 56 33 31 2 52 23 40 32 11 55 41 47 58 45 0 14 7 19 46 50 37 3 39 54 57 1 17 48 8 16 43 35 6 5 21 25 49 24 15 26 53 4 30 20 42 44 18 9 27 29 38 28 13 10 51
7855573605880388810 2048
12 21 30 6 40 58 43 27 1 24 45 19 56 33 29 38 37 7 50 39 15 51 26 48 18 55 54 3 8 16 17 5 36 46 53 57 22 9 41 25 49 52 35 13 31 23 14 34 32 2 44 10 47 28 20 59 0 4 11 42
45 30 47 37 24 28 41 56 33 27 44 13 4 54 23 26 25 51 34 16 58 22 19 59 55 2 48 12 6 57 50 35 38 39 46 53 40 10 31 15 52 36 49 5 14 29 0 18 3 42 17 1 32 9 43 7 8 21 20 11
12 21 30 6 40 58 43 27 1 24 45 19 56 33 29 38 37 7 50 3 15 51 26 48 18 55 54 39 8 16 17 5 36 46 53 57 22 9 41 25 49 52 35 13 31 23 14 34 32 2 44 10 47 28 20 59 0 4 11 42
45 30 47 37 24 28 41 56 33 27 44 13 4 54 23 26 25 51 34 16 58 22 19 59 55 2 48 12 6 57 50 35 38 39 46 53 40 10 31 15 52 36 49 5 14 29 0 18 3 42 17 1 32 9 43 7 8 21 20 11
10730531434671637318 2048
40 36 6 23 27 33 44 51 42 53 47 50 24 25 18 16 55 32 30 37 57 7 45 41 15 0 54 14 59 48 34 19 1 43 13 3 12 5 22 21 17 11 29 31 56 9 10 35 49 20 52 38 2 46 58 4 28 26 8 39
49 20 19 26 44 34 2 58 33 55 15 35 53 6 27 21 32 36 50 39 59 56 42 24 40 41 3 9 4 52 37 8 13 10 38 11 31 28 5 51 16 25 7 47 54 30 29 22 12 18 48 1 57 23 17 45 46 14 0 43
40 36 6 23 27 33 44 51 42 53 47 50 24 25 18 16 55 32 30 37 57 7 45 41 15 0 54 14 59 48 34 19 1 43 13 3 12 5 22 21 17 11 29 31 56 9 10 35 49 20 52 38 2 46 58 4 28 26 8 39
49 20 19 26 44 34 2 58 33 55 15 35 53 6 27 21 32 36 50 39 59 56 42 24 40 12 3 9 4 52 37 8 13 10 38 11 31 28 5 51 16 25 7 47 54 30 29 22 41 18 48 1 57 23 17 45 46 14 0 43
13495484443638922658 2048
23 41 5 22 28 47 35 26 17 44 19 42 20 25 32 3 36 54 57 38 59 48 12 46 52 14 0 39 16 56 50 33 43 2 30 53 21 58 40 1 4 37 7 31 8 13 15 9 51 29 24 18 10 49 34 6 45 11 55 27
56 26 27 25 19 5 31 36 9 39 47 38 11 52 40 35 21 22 49 44 17 55 20 18 14 54 3 4 8 7 51 2 43 59 13 37 24 57 53 50 28 30 46 45 34 12 32 10 6 0 42 33 41 29 23 16 15 48 58 1
23 41 5 22 28 47 35 26 17 44 19 42 20 25 32 3 36 54 57 38 59 48 12 46 52 14 0 39 16 56 50 33 43 2 30 53 21 58 40 1 4 37 7 31 8 13 15 9 51 29 24 18 10 49 34 6 45 11 55 27
56 26 27 25 19 5 31 36 9 39 47 38 11 52 40 35 21 22 49 44 17 55 20 18 14 54 3 4 8 7 51 2 43 59 13 37 24 57 53 50 28 30 46 45 34 12 32 10 6 0 42 33 41 29 23 16 15 48 58 1
9287430769496351972 2048
17 5 18 43 27 45 34 40 38 22 21 37 32 52 46 24 54 41 30 25 14 12 56 51 8 55 3 29 57 58 48 2 1 11 49 15 53 9 42 23 7 20 35 44 19 0 59 4 13 36 16 28 39 50 31 33 10 47 26 6
42 56 20 37 34 0 55 3 53 32 39 52 45 1 24 50 29 26 12 9 54 58 16 4 41 59 11 23 15 17 40 28 8 19 31 27 57 7 48 10 51 5 22 47 6 43 44 25 33 13 2 30 18 35 46 38 21 14 49 36
17 5 18 43 27 45 34 40 38 22 21 37 32 52 46 24 47 41 30 25 14 12 56 51 8 55 3 29 57 58 48 2 1 11 49 15 53 9 42 23 7 20 35 44 19 0 59 4 13 36 16 28 39 50 31 33 10 54 26 6
42 56 20 37 34 0 55 3 53 32 39 52 45 1 24 50 29 26 12 9 54 58 16 4 41 59 11 23 15 17 40 28 8 19 31 27 57 7 48 10 51 5 22 47 6 43 44 25 33 13 2 30 18 35 46 38 21 14 49 36
989872071884862727 2048
29 41 44 25 58 34 55 42 6 20 36 40 57 33 12 45 30 56 0 43 54 14 52 27 13 2 7 4 50 23 22 5 16 46 31 32 1 24 39 19 11 17 28 8 51 53 48 3 26 47 59 49 38 10 18 9 21 15 37 35
43 32 4 54 59 1 49 24 28 36 7 48 25 50 44 20 35 19 13 33 56 45 40 53 12 9 14 22 37 11 41 46 55 2 42 58 57 47 16 34 0 38 10 23 18 51 52 39 30 21 8 29 3 26 17 6 5 27 31 15
29 41 44 25 58 34 55 42 6 20 36 40 57 33 12 45 30 56 0 43 54 14 52 27 13 2 7 4 50 23 22 5 16 46 31 32 1 24 39 19 11 17 28 8 51 53 48 3 26 47 59 49 38 10 18 9 21 15 37 35
43 53 4 54 59 1 49 24 28 36 7 48 25 50 44 20 35 19 13 33 56 45 40 32 12 9 14 22 37 11 41 46 55 2 42 58 57 47 16 34 0 38 10 23 18 51 52 39 30 21 8 29 3 26 17 6 5 27 31 15
7627219690642467968 2048
43 4 35 57 17 20 34 22 38 59 52 8 32 58 28 21 41 27 14 15 0 56 36 39 51 3 25 11 19 44 26 53 16 40 29 55 46 24 54 12 30 49 7 50 10 42 1 23 13 31 47 48 33 37 6 9 5 2 18 45
27 45 23 4 57 32 40 36 43 8 41 55 50 16 10 59 44 54 21 33 56 6 58 42 31 14 5 3 35 52 30 46 18 9 48 49 25 13 38 20 1 19 29 26 51 34 17 15 0 47 12 39 37 7 28 24 22 11 53 2
43 4 35 57 17 20 34 22 38 59 52 8 32 58 28 21 41 27 14 15 0 56 36 39 51 3 25 11 19 44 26 53 16 40 29 55 46 24 54 12 30 49 7 50 10 42 1 23 13 31 47 48 33 37 6 9 5 2 18 45
27 45 23 4 57 32 40 36 43 8 41 55 50 16 10 59 44 54 21 33 56 6 58 42 31 14 5 3 35 52 30 46 18 9 48 49 25 13 38 20 1 19 29 26 51 34 17 15 0 47 12 39 37 7 28 24 22 11 53 2
7582362867259818415 2048
24 13 51 40 10 39 52 33 21 31 43 38 45 22 29 56 41 50 35 25 5 59 37 3 49 18 48 14 36 7 11 20 9 30 46 55 8 27 16 4 15 17 34 19 42 23 32 6 44 2 0 47 54 57 58 1 28 26 53 12
13 39 59 24 56 32 42 8 31 20 44 55 23 36 33 50 30 29 0 41 51 7 45 27 26 37 46 1 54 11 47 4 40 22 6 52 17 34 9 38 28 48 57 3 15 18 53 58 2 19 21 14 35 25 12 43 16 5 49 10
24 13 51 40 10 39 52 33 21 31 43 38 45 22 29 56 41 50 35 25 5 34 37 3 49 18 48 14 36 7 11 20 9 30 46 55 8 27 16 4 15 17 59 19 42 23 32 6 44 2 0 47 54 57 58 1 28 26 53 12
13 39 59 24 56 32 42 8 31 20 44 55 23 36 33 50 30 29 0 41 51 19 45 27 26 37 46 1 54 11 47 4 40 22 6 52 17 34 9 38 28 48 57 3 15 18 53 58 2 7 21 14 35 25 12 43 16 5 49 10
6723005860117397087 2048
6 48 5 9 46 59 23 33 30 21 58 45 10 1 24 36 38 47 31 14 12 0 42 34 51 15 44 28 37 54 39 17 56 4 13 55 25 57 35 26 11 49 16 20 29 50 52 53 3 41 40 32 18 27 43 8 7 19 2 22
31 39 57 58 32 43 50 51 21 2 19 38 34 49 47 56 42 26 23 28 10 24 53 40 6 45 4 36 22 44 46 35 55 9 13 11 14 59 1 37 52 54 8 5 15 30 20 7 41 3 17 16 25 12 33 0 18 48 29 27
6 48 5 9 46 59 23 33 30 21 58 45 10 1 24 36 38 47 31 14 12 0 42 34 51 15 44 28 37 54 39 17 56 4 13 55 25 57 35 26 11 49 16 20 29 50 52 53 3 41 40 32 18 27 43 8 7 19 2 22
31 39 57 58 32 43 50 9 21 2 19 38 34 49 47 56 42 26 23 28 10 24 53 40 6 45 4 36 22 44 46 35 55 51 13 11 14 59 1 37 52 54 8 5 15 30 20 7 41 3 17 16 25 12 33 0 18 48 29 27
1357988620497280026 2048
43 14 58 34 44 57 40 23 52 35 2 48 55 16 30 29 26 15 45 39 32 21 10 7 54 51 49 8 0 17 41 9 13 46 56 53 47 22 4 28 11 38 36 6 1 59 42 50 19 25 20 33 37 18 12 24 31 27 3 5
37 3 6 43 22 56 48 59 34 25 45 41 32 44 58 11 50 0 49 31 9 8 52 57 19 42 54 20 30 18 5 46 39 27 53 38 10 23 28 40 51 14 24 17 55 36 1 33 35 47 12 13 29 26 7 2 21 15 16 4
43 14 58 34 44 57 40 23 52 35 2 48 55 16 30 29 26 15 45 39 32 21 10 7 54 51 49 8 0 17 41 9 13 46 56 53 47 22 4 28 11 38 36 6 1 59 42 50 19 25 20 33 37 18 12 24 31 27 3 5
37 3 6 43 22 56 48 59 34 25 45 41 32 44 58 11 50 0 49 31 9 8 52 57 19 42 54 20 30 18 5 46 39 27 53 38 10 23 28 40 51 14 24 17 55 36 1 33 35 47 12 13 29 26 7 2 21 15 16 4
