FACTOR_PERMUTATION_V1 12 16 1024 1 1
10 0 1 1 1 1 1 1 1 1 1 1 1 0 2 2 2 2 1 2 2 2 2 2 1 0 2 2 2 2 1 2 2 2 2 2
0 10 1 1 1 1 1 1 1 1 1 1 0 1 2 2 2 2 2 1 2 2 2 2 0 1 2 2 2 2 2 1 2 2 2 2
1 1 10 0 1 1 1 1 1 1 1 1 2 2 1 0 2 2 2 2 1 2 2 2 2 2 1 0 2 2 2 2 1 2 2 2
1 1 0 10 1 1 1 1 1 1 1 1 2 2 0 1 2 2 2 2 2 1 2 2 2 2 0 1 2 2 2 2 2 1 2 2
1 1 1 1 10 0 1 1 1 1 1 1 2 2 2 2 1 0 2 2 2 2 1 2 2 2 2 2 1 0 2 2 2 2 1 2
1 1 1 1 0 10 1 1 1 1 1 1 2 2 2 2 0 1 2 2 2 2 2 1 2 2 2 2 0 1 2 2 2 2 2 1
1 1 1 1 1 1 10 0 1 1 1 1 1 2 2 2 2 2 1 0 2 2 2 2 1 2 2 2 2 2 1 0 2 2 2 2
1 1 1 1 1 1 0 10 1 1 1 1 2 1 2 2 2 2 0 1 2 2 2 2 2 1 2 2 2 2 0 1 2 2 2 2
1 1 1 1 1 1 1 1 10 0 1 1 2 2 1 2 2 2 2 2 1 0 2 2 2 2 1 2 2 2 2 2 1 0 2 2
1 1 1 1 1 1 1 1 0 10 1 1 2 2 2 1 2 2 2 2 0 1 2 2 2 2 2 1 2 2 2 2 0 1 2 2
1 1 1 1 1 1 1 1 1 1 10 0 2 2 2 2 1 2 2 2 2 2 1 0 2 2 2 2 1 2 2 2 2 2 1 0
1 1 1 1 1 1 1 1 1 1 0 10 2 2 2 2 2 1 2 2 2 2 0 1 2 2 2 2 2 1 2 2 2 2 0 1
1 0 2 2 2 2 1 2 2 2 2 2 10 0 1 1 1 1 1 1 1 1 1 1 1 2 2 2 2 2 1 0 2 2 2 2
0 1 2 2 2 2 2 1 2 2 2 2 0 10 1 1 1 1 1 1 1 1 1 1 2 1 2 2 2 2 0 1 2 2 2 2
2 2 1 0 2 2 2 2 1 2 2 2 1 1 10 0 1 1 1 1 1 1 1 1 2 2 1 2 2 2 2 2 1 0 2 2
2 2 0 1 2 2 2 2 2 1 2 2 1 1 0 10 1 1 1 1 1 1 1 1 2 2 2 1 2 2 2 2 0 1 2 2
2 2 2 2 1 0 2 2 2 2 1 2 1 1 1 1 10 0 1 1 1 1 1 1 2 2 2 2 1 2 2 2 2 2 1 0
2 2 2 2 0 1 2 2 2 2 2 1 1 1 1 1 0 10 1 1 1 1 1 1 2 2 2 2 2 1 2 2 2 2 0 1
1 2 2 2 2 2 1 0 2 2 2 2 1 1 1 1 1 1 10 0 1 1 1 1 1 0 2 2 2 2 1 2 2 2 2 2
2 1 2 2 2 2 0 1 2 2 2 2 1 1 1 1 1 1 0 10 1 1 1 1 0 1 2 2 2 2 2 1 2 2 2 2
2 2 1 2 2 2 2 2 1 0 2 2 1 1 1 1 1 1 1 1 10 0 1 1 2 2 1 0 2 2 2 2 1 2 2 2
2 2 2 1 2 2 2 2 0 1 2 2 1 1 1 1 1 1 1 1 0 10 1 1 2 2 0 1 2 2 2 2 2 1 2 2
2 2 2 2 1 2 2 2 2 2 1 0 1 1 1 1 1 1 1 1 1 1 10 0 2 2 2 2 1 0 2 2 2 2 1 2
2 2 2 2 2 1 2 2 2 2 0 1 1 1 1 1 1 1 1 1 1 1 0 10 2 2 2 2 0 1 2 2 2 2 2 1
1 0 2 2 2 2 1 2 2 2 2 2 1 2 2 2 2 2 1 0 2 2 2 2 10 0 1 1 1 1 1 1 1 1 1 1
0 1 2 2 2 2 2 1 2 2 2 2 2 1 2 2 2 2 0 1 2 2 2 2 0 10 1 1 1 1 1 1 1 1 1 1
2 2 1 0 2 2 2 2 1 2 2 2 2 2 1 2 2 2 2 2 1 0 2 2 1 1 10 0 1 1 1 1 1 1 1 1
2 2 0 1 2 2 2 2 2 1 2 2 2 2 2 1 2 2 2 2 0 1 2 2 1 1 0 10 1 1 1 1 1 1 1 1
2 2 2 2 1 0 2 2 2 2 1 2 2 2 2 2 1 2 2 2 2 2 1 0 1 1 1 1 10 0 1 1 1 1 1 1
2 2 2 2 0 1 2 2 2 2 2 1 2 2 2 2 2 1 2 2 2 2 0 1 1 1 1 1 0 10 1 1 1 1 1 1
1 2 2 2 2 2 1 0 2 2 2 2 1 0 2 2 2 2 1 2 2 2 2 2 1 1 1 1 1 1 10 0 1 1 1 1
2 1 2 2 2 2 0 1 2 2 2 2 0 1 2 2 2 2 2 1 2 2 2 2 1 1 1 1 1 1 0 10 1 1 1 1
2 2 1 2 2 2 2 2 1 0 2 2 2 2 1 0 2 2 2 2 1 2 2 2 1 1 1 1 1 1 1 1 10 0 1 1
2 2 2 1 2 2 2 2 0 1 2 2 2 2 0 1 2 2 2 2 2 1 2 2 1 1 1 1 1 1 1 1 0 10 1 1
2 2 2 2 1 2 2 2 2 2 1 0 2 2 2 2 1 0 2 2 2 2 1 2 1 1 1 1 1 1 1 1 1 1 10 0
2 2 2 2 2 1 2 2 2 2 0 1 2 2 2 2 0 1 2 2 2 2 2 1 1 1 1 1 1 1 1 1 1 1 0 10
0 2
0 3
0 4
0 5
0 6
0 7
0 8
0 9
0 10
0 11
1 2
1 3
1 4
1 5
1 6
1 7
1 8
1 9
1 10
1 11
2 4
2 5
2 6
2 7
2 8
2 9
2 10
2 11
3 4
3 5
3 6
3 7
3 8
3 9
3 10
3 11
4 6
4 7
4 8
4 9
4 10
4 11
5 6
5 7
5 8
5 9
5 10
5 11
6 8
6 9
6 10
6 11
7 8
7 9
7 10
7 11
8 10
8 11
9 10
9 11
0 2
0 3
0 4
0 5
0 6
0 7
0 8
0 9
0 10
0 11
1 2
1 3
1 4
1 5
1 6
1 7
1 8
1 9
1 10
1 11
2 4
2 5
2 6
2 7
2 8
2 9
2 10
2 11
3 4
3 5
3 6
3 7
3 8
3 9
3 10
3 11
4 6
4 7
4 8
4 9
4 10
4 11
5 6
5 7
5 8
5 9
5 10
5 11
6 8
6 9
6 10
6 11
7 8
7 9
7 10
7 11
8 10
8 11
9 10
9 11
0 2
0 3
0 4
0 5
0 6
0 7
0 8
0 9
0 10
0 11
1 2
1 3
1 4
1 5
1 6
1 7
1 8
1 9
1 10
1 11
2 4
2 5
2 6
2 7
2 8
2 9
2 10
2 11
3 4
3 5
3 6
3 7
3 8
3 9
3 10
3 11
4 6
4 7
4 8
4 9
4 10
4 11
5 6
5 7
5 8
5 9
5 10
5 11
6 8
6 9
6 10
6 11
7 8
7 9
7 10
7 11
8 10
8 11
9 10
9 11
4753880033044394798 4096
31 40 57 48 38 3 13 33 23 59 51 53 22 27 29 2 50 45 10 12 7 8 16 39 56 54 49 44 14 37 58 24 4 47 6 11 28 25 52 19 46 55 30 34 15 26 32 5 41 21 43 9 35 18 17 42 1 0 36 20
45 34 57 26 1 53 2 54 21 36 46 51 39 31 50 20 33 42 24 5 19 10 13 38 22 55 7 9 30 49 52 3 44 0 40 12 27 8 37 25 48 11 41 6 56 18 15 32 16 28 17 58 29 59 35 23 4 47 43 14
31 40 57 48 38 3 13 33 23 59 51 53 22 27 29 2 50 45 10 12 7 8 16 39 56 54 49 44 14 37 58 24 4 47 6 11 28 25 52 19 46 55 30 34 15 26 32 5 41 21 43 9 35 18 17 42 1 0 36 20
45 34 57 26 1 53 2 54 21 36 46 51 39 31 50 20 33 42 24 5 19 10 13 38 22 55 7 9 30 49 52 18 44 0 40 12 27 8 37 25 48 11 41 6 56 3 15 32 16 28 17 58 29 59 35 23 4 47 43 14
12277458457699390479 4096
35 38 26 30 52 58 5 21 16 41 36 40 57 54 27 31 33 22 39 44 15 0 17 46 4 59 43 48 49 13 34 47 56 2 3 23 6 20 42 53 11 9 28 51 32 18 24 45 10 29 7 12 19 8 25 1 50 37 55 14
8 42 47 25 59 48 11 37 23 52 57 34 26 51 16 46 55 3 39 33 38 27 58 1 50 43 45 12 32 6 19 20 36 54 17 31 35 15 5 18 4 49 28 53 13 7 56 14 40 22 44 21 29 24 9 2 10 0 30 41
35 38 26 30 52 58 5 21 16 41 36 40 57 54 27 31 33 22 39 44 15 0 17 46 4 59 43 48 49 13 34 47 56 2 3 23 6 20 42 53 11 9 28 51 32 18 24 45 10 29 7 12 19 8 25 1 50 37 55 14
8 42 47 25 59 48 11 37 23 52 57 34 26 51 16 46 55 3 39 33 38 27 58 1 50 43 45 12 32 6 19 20 36 54 17 31 35 15 5 18 4 49 28 53 13 7 56 14 40 22 44 21 29 24 9 2 10 0 30 41
7391400038657564469 4096
54 56 43 39 24 9 26 29 35 30 41 45 28 23 13 25 31 55 50 48 6 17 8 38 51 18 53 21 49 34 19 16 57 2 42 37 33 27 52 40 15 0 32 46 47 4 14 5 36 10 3 58 20 44 1 12 7 11 22 59
48 24 33 52 46 34 27 36 8 37 26 38 14 30 16 55 47 53 39 50 19 58 41 43 31 2 13 5 3 54 49 7 12 56 35 42 20 44 40 15 23 1 9 11 6 21 57 17 59 29 22 32 28 25 45 0 4 10 18 51
54 50 43 39 24 9 26 29 35 30 41 45 28 23 13 25 31 55 56 48 6 17 8 16 51 18 53 21 49 34 19 38 57 2 42 37 33 27 52 40 15 0 32 46 47 4 14 5 36 10 3 58 20 44 1 12 7 11 22 59
48 24 33 52 46 34 27 36 8 37 26 38 14 30 16 55 47 53 39 50 19 58 41 43 31 2 13 5 3 54 49 7 12 56 35 42 20 44 40 15 23 1 9 11 6 21 57 17 59 29 22 32 28 25 45 0 4 10 18 51
18373606735208514624 4096
54 39 34 53 59 28 19 20 29 42 37 18 22 48 33 25 40 35 45 24 7 21 16 47 8 12 14 52 4 57 41 44 46 5 15 36 1 56 27 43 38 31 58 11 30 50 26 0 6 10 51 13 23 9 2 17 32 55 3 49
52 39 9 43 51 34 3 42 24 38 48 44 26 27 21 41 31 54 13 30 50 59 40 22 12 10 2 45 35 18 16 4 55 47 58 20 17 25 37 28 5 36 1 23 46 49 32 0 56 19 53 33 8 6 29 57 14 11 7 15
54 39 34 53 21 22 19 20 29 42 37 18 23 48 33 25 40 35 45 32 7 59 16 47 8 12 14 52 4 57 41 44 46 5 15 36 1 56 27 43 38 31 58 11 30 50 26 0 6 10 51 13 28 9 2 17 24 55 3 49
52 39 9 43 55 34 3 42 24 38 48 44 26 27 21 41 31 54 13 30 50 59 40 22 12 10 2 45 35 18 16 4 51 47 58 23 17 25 37 28 5 36 1 20 46 49 32 0 56 19 53 33 8 6 29 57 14 11 7 15
8853139884022109954 4096
44 52 54 59 20 34 3 41 53 0 21 58 30 50 23 35 19 4 45 27 56 10 9 37 55 2 16 43 51 33 46 38 15 22 6 12 57 8 29 17 25 1 32 24 7 31 42 11 14 18 28 49 36 13 47 39 26 40 5 48
49 54 32 57 21 27 41 11 58 29 52 51 40 22 33 46 26 45 13 48 15 8 10 12 55 50 47 38 59 3 31 6 42 19 24 17 4 7 14 20 5 35 39 18 16 23 1 53 34 44 56 37 43 9 25 30 28 2 36 0
44 35 54 10 20 34 3 41 53 0 21 58 30 50 37 52 19 4 45 27 56 59 9 23 55 2 11 43 51 33 46 38 15 22 6 12 57 8 29 17 25 1 32 24 7 31 42 16 26 18 28 49 36 13 47 39 14 40 5 48
49 54 32 57 21 27 41 31 58 29 52 51 40 22 33 46 26 45 13 48 15 8 10 12 55 50 47 38 59 3 11 6 42 19 24 17 4 7 14 20 5 35 39 18 16 23 1 53 34 56 44 37 43 9 25 30 28 2 36 0
6989499601638960205 4096
58 40 6 49 41 21 52 47 31 32 51 36 50 56 24 53 19 10 33 44 12 9 48 3 13 39 26 7 1 11 46 55 5 57 16 45 17 35 59 23 43 22 29 38 54 4 15 25 0 34 2 20 8 14 27 18 30 28 42 37
55 45 22 29 24 1 50 4 53 19 58 30 6 12 47 40 32 41 21 20 26 0 39 3 43 36 48 16 28 18 57 38 59 46 5 15 17 54 51 35 11 37 49 52 31 56 44 7 13 8 34 23 10 27 14 33 9 2 25 42
31 40 6 49 19 21 52 47 58 32 51 36 50 56 24 53 41 10 33 44 12 9 48 3 13 39 26 7 1 11 46 55 5 57 16 45 17 35 59 23 42 22 29 38 54 4 15 25 0 34 2 20 8 14 27 18 30 28 43 37
55 45 22 29 24 1 50 4 54 19 58 30 6 12 47 40 32 41 21 20 17 0 39 3 43 36 48 16 28 14 57 38 59 46 5 15 26 53 51 35 11 37 49 52 31 56 44 7 13 8 34 23 10 27 18 33 9 2 25 42
7160127942942191973 4096
17 9 5 50 28 27 42 40 44 53 43 49 51 20 34 21 33 54 25 38 39 55 56 36 6 10 41 1 22 52 58 46 37 19 3 14 0 12 35 57 11 16 13 32 18 4 24 29 47 2 48 59 8 45 31 7 15 23 26 30
3 22 41 57 18 34 33 31 2 48 23 40 32 11 36 51 47 49 43 0 14 58 19 7 50 37 59 38 8 45 1 53 44 12 16 55 35 24 5 42 25 17 56 54 26 15 4 30 20 46 21 52 9 6 29 39 28 13 10 27
17 9 5 50 28 27 42 40 44 53 43 49 51 20 34 24 33 54 25 38 39 55 56 36 6 10 41 1 22 52 58 46 37 19 3 14 0 12 35 57 11 16 13 32 18 4 21 29 47 2 48 59 8 45 31 7 15 23 26 30
3 22 41 57 18 34 33 31 2 48 23 40 32 11 36 51 47 49 43 0 14 58 19 7 50 37 59 38 8 45 1 53 44 12 16 55 35 24 5 42 25 17 56 54 26 15 4 30 20 46 21 52 9 6 29 39 28 13 10 27
17655424375368475077 4096
12 21 30 6 40 58 25 27 1 52 45 57 38 22 29 56 31 7 50 39 15 51 26 48 18 37 55 3 8 14 17 5 36 46 53 54 43 0 41 35 49 24 9 13 34 23 16 33 32 19 44 10 47 28 20 59 2 4 11 42
45 4 47 54 24 28 50 27 33 41 44 13 30 37 25 56 36 51 26 16 58 34 19 59 55 23 48 2 32 57 40 35 6 39 46 53 22 10 31 15 5 38 49 52 14 29 0 42 3 18 17 1 9 8 43 7 12 21 20 11
12 21 30 6 40 58 25 27 1 52 45 57 38 22 29 56 31 7 50 39 15 51 26 48 18 37 55 3 8 14 17 5 36 46 53 54 43 0 41 35 49 24 9 13 34 23 16 33 32 19 44 10 47 28 20 59 2 4 11 42
45 4 47 54 24 28 56 27 33 41 44 13 30 37 25 50 36 51 26 16 58 34 19 59 55 23 48 2 32 57 40 35 6 39 46 53 22 10 31 15 5 38 49 52 14 29 0 42 3 18 17 1 9 8 43 7 12 21 20 11
9850109895464744420 4096
40 49 6 0 27 31 44 51 42 53 47 50 37 25 35 17 12 52 32 4 57 58 46 36 15 5 7 14 59 48 18 19 1 43 28 3 23 45 22 34 41 11 13 33 56 9 10 55 30 20 29 38 2 21 54 24 16 26 8 39
49 42 19 26 44 34 2 58 33 57 15 35 21 41 27 53 32 36 50 39 59 56 22 24 40 12 6 9 4 52 38 8 45 46 37 11 31 28 5 55 16 25 7 13 54 30 29 23 47 18 48 1 51 20 17 3 10 14 0 43
40 28 6 5 27 33 44 51 42 53 47 50 4 25 34 16 9 30 32 37 57 7 45 36 15 0 54 14 59 48 18 19 1 43 13 3 12 23 22 46 17 11 29 31 56 55 10 35 49 20 52 38 2 21 58 24 41 26 8 39
49 42 19 26 44 34 2 58 33 55 15 35 21 6 27 53 32 36 50 39 59 56 22 24 40 41 3 9 4 52 38 8 13 46 37 11 31 28 5 57 16 25 7 12 54 30 29 23 47 18 48 1 51 20 17 45 10 14 0 43
16285568934713642611 4096
23 41 52 22 28 47 40 58 17 44 19 42 27 25 32 45 38 54 57 36 49 48 12 46 5 14 3 39 16 56 8 37 43 1 30 53 21 26 35 2 4 33 7 31 50 13 15 9 51 29 24 18 10 59 34 6 0 11 55 20
46 6 27 34 19 53 31 36 3 39 57 38 11 52 40 51 26 59 49 44 17 55 20 18 48 54 7 4 8 14 35 45 30 22 13 37 24 9 5 43 28 50 58 2 25 15 32 10 21 1 42 33 41 29 23 16 12 47 56 0
23 41 52 22 28 47 40 58 17 44 19 42 27 25 32 45 38 54 57 36 49 48 12 46 5 14 3 39 16 56 8 37 43 1 30 53 21 26 35 2 4 33 7 31 50 13 15 9 51 29 24 18 10 59 34 6 0 11 55 20
46 6 27 34 19 53 31 36 3 39 57 38 11 52 40 51 26 59 49 44 17 55 20 18 48 54 7 4 8 14 35 45 30 22 13 37 24 9 5 43 28 50 58 2 25 15 32 10 21 1 42 33 41 29 23 16 12 47 56 0
17519669428158318127 4096
17 5 14 43 27 56 34 45 38 28 21 26 32 23 46 33 37 41 29 7 18 12 6 51 50 55 3 39 47 58 42 2 1 11 48 15 59 9 22 52 25 20 35 44 19 0 49 4 13 36 16 30 40 8 10 53 31 57 54 24
42 56 20 37 34 44 55 3 53 32 36 0 39 35 24 8 29 26 17 41 54 58 16 31 9 59 4 23 15 18 40 57 12 51 1 45 47 7 48 50 11 5 22 27 6 43 52 25 33 13 2 30 49 28 46 38 21 14 10 19
17 5 14 43 27 56 34 45 38 28 21 26 32 23 46 33 37 41 29 7 18 12 6 51 50 55 3 39 47 58 42 2 1 11 48 15 59 9 22 52 25 20 35 44 19 0 49 4 13 36 16 30 40 8 10 53 31 57 54 24
42 56 20 37 34 44 55 3 53 32 36 0 39 35 24 8 29 26 17 41 54 58 16 31 9 59 4 23 15 18 40 57 12 51 1 45 47 7 48 50 11 5 22 27 6 43 52 25 33 13 2 30 49 28 46 38 21 14 10 19
5758121479107299034 4096
29 9 38 25 18 34 55 22 6 20 36 40 57 33 12 45 30 56 0 23 54 14 52 27 7 2 13 4 49 43 42 5 16 50 31 32 1 24 39 19 11 46 28 8 51 53 48 3 26 47 59 17 44 10 58 41 21 15 37 35
43 16 36 4 59 28 49 24 34 54 58 48 25 50 29 20 35 19 13 38 56 45 40 1 12 9 39 22 31 11 41 46 55 2 42 7 57 47 3 37 0 14 10 23 26 51 52 33 30 21 8 44 6 18 17 32 5 27 53 15
29 9 38 25 18 34 55 22 6 20 36 40 57 33 12 45 30 56 0 23 54 14 52 27 7 2 13 4 49 43 42 5 16 50 31 32 1 24 39 19 11 46 28 8 51 53 48 3 26 47 59 17 44 10 58 41 21 15 37 35
43 16 36 4 59 37 49 24 34 54 58 48 25 50 29 20 35 19 13 38 56 45 40 1 12 9 39 22 31 11 41 46 55 2 42 7 57 47 3 28 0 14 10 23 26 51 52 33 30 21 8 44 6 18 17 32 5 27 53 15
9329050429025658096 4096
6 44 35 55 59 37 34 22 38 20 52 4 32 58 28 21 41 27 14 15 17 50 36 39 51 3 25 11 19 33 26 53 18 40 43 57 46 24 5 12 30 49 7 56 10 42 1 23 13 31 47 48 29 9 8 0 54 2 16 45
27 37 31 49 57 32 40 36 45 5 41 55 50 16 10 59 44 26 21 33 38 6 58 42 23 14 8 43 35 2 30 46 18 9 48 4 25 13 56 20 1 19 34 54 51 29 17 15 3 47 12 39 0 7 28 24 22 11 52 53
6 43 35 55 59 37 34 22 38 20 52 4 32 58 28 21 41 27 14 15 17 50 36 39 51 3 25 11 19 33 26 53 16 40 44 57 46 24 5 12 30 49 7 56 10 42 1 23 13 31 47 48 29 9 8 0 54 2 18 45
27 45 23 49 57 32 40 36 43 5 41 55 50 16 10 59 44 26 21 33 38 6 58 42 31 14 8 0 35 2 30 46 18 9 48 4 25 13 56 20 1 19 29 54 51 34 17 15 3 47 12 39 37 7 28 24 22 11 53 52
9005327089445203794 4096
24 9 51 40 10 39 52 28 21 31 45 53 38 22 33 56 41 11 48 25 5 59 37 3 49 18 30 14 36 7 35 2 13 34 54 57 46 27 16 4 15 17 50 19 43 23 32 6 44 20 0 47 8 55 58 29 1 26 42 12
19 58 59 24 56 43 42 8 31 20 44 55 15 29 33 50 30 47 25 41 51 4 39 27 26 37 54 1 46 28 14 6 40 22 7 52 11 0 9 38 32 48 57 45 23 18 3 17 2 36 21 13 35 34 12 5 16 53 49 10
24 9 51 40 10 39 52 1 21 31 45 53 38 22 33 56 41 11 48 25 5 59 37 3 49 18 30 14 36 7 35 2 13 34 54 57 46 27 16 4 15 17 50 19 43 23 32 6 44 20 0 47 8 55 58 29 28 26 42 12
19 58 59 24 56 43 42 8 31 20 44 55 15 29 33 50 30 47 25 41 51 4 39 27 26 37 54 1 46 28 14 6 40 22 7 52 11 0 9 38 32 48 57 45 23 18 3 17 2 36 21 13 35 34 12 5 16 53 49 10
1418752943939671583 4096
59 48 54 53 0 38 23 45 30 21 58 39 24 1 11 36 6 47 31 14 12 3 42 34 51 15 44 37 28 5 9 17 56 22 13 55 25 57 35 10 26 49 16 33 46 50 52 20 29 41 40 32 18 27 43 8 7 19 2 4
31 39 57 58 32 43 50 36 21 3 19 44 34 49 47 38 42 26 23 28 10 24 53 40 8 45 4 51 14 56 46 35 9 55 6 11 22 59 1 37 52 54 18 5 15 30 20 7 41 2 33 16 25 13 29 0 12 48 17 27
59 48 5 53 46 38 23 45 30 21 58 39 24 1 10 36 6 47 35 14 12 0 42 34 51 15 44 37 28 54 9 17 56 22 13 55 25 57 31 11 26 49 16 20 3 50 52 33 29 41 40 32 18 27 43 8 7 19 2 4
31 39 57 58 32 43 50 36 21 3 19 44 34 49 47 56 42 26 23 28 10 24 53 40 8 45 4 51 14 38 46 35 55 9 6 11 22 59 1 37 52 54 18 5 15 30 20 7 41 2 17 16 25 13 29 0 12 48 33 27
18314465186224419282 4096
43 14 58 34 44 9 36 23 52 35 2 48 55 16 30 29 26 12 45 39 32 21 10 33 54 51 49 8 0 53 41 57 13 46 56 15 47 22 4 28 11 38 40 6 1 59 50 42 19 25 20 17 37 18 7 24 31 27 3 5
39 47 6 43 22 56 48 59 34 25 45 41 52 44 58 11 50 0 51 31 9 8 32 57 15 42 54 20 30 18 5 3 37 55 17 38 10 23 28 40 49 14 24 53 27 36 1 33 35 13 12 46 29 26 7 2 21 19 16 4
43 14 58 34 44 9 36 23 52 35 2 48 55 16 30 29 26 12 45 39 32 21 10 33 54 51 49 8 0 53 41 57 13 46 56 15 47 22 4 28 11 38 40 6 1 59 50 42 19 25 20 17 37 18 7 24 31 27 3 5
39 47 6 43 22 56 48 59 34 25 45 41 52 44 58 11 50 0 51 31 9 8 32 57 15 42 54 20 30 18 5 3 37 55 17 38 10 23 28 40 49 14 24 53 27 36 1 33 35 13 12 46 29 26 7 2 21 19 16 4
