FACTOR_PERMUTATION_V1 12 16 1024 1 1
10 0 1 1 1 1 1 1 1 1 1 1 1 0 2 2 2 2 1 2 2 2 2 2 1 0 2 2 2 2 1 2 2 2 2 2
0 10 1 1 1 1 1 1 1 1 1 1 0 1 2 2 2 2 2 1 2 2 2 2 0 1 2 2 2 2 2 1 2 2 2 2
1 1 10 0 1 1 1 1 1 1 1 1 2 2 1 0 2 2 2 2 1 2 2 2 2 2 1 0 2 2 2 2 1 2 2 2
1 1 0 10 1 1 1 1 1 1 1 1 2 2 0 1 2 2 2 2 2 1 2 2 2 2 0 1 2 2 2 2 2 1 2 2
1 1 1 1 10 0 1 1 1 1 1 1 2 2 2 2 1 0 2 2 2 2 1 2 2 2 2 2 1 0 2 2 2 2 1 2
1 1 1 1 0 10 1 1 1 1 1 1 2 2 2 2 0 1 2 2 2 2 2 1 2 2 2 2 0 1 2 2 2 2 2 1
1 1 1 1 1 1 10 0 1 1 1 1 1 2 2 2 2 2 1 0 2 2 2 2 1 2 2 2 2 2 1 0 2 2 2 2
1 1 1 1 1 1 0 10 1 1 1 1 2 1 2 2 2 2 0 1 2 2 2 2 2 1 2 2 2 2 0 1 2 2 2 2
1 1 1 1 1 1 1 1 10 0 1 1 2 2 1 2 2 2 2 2 1 0 2 2 2 2 1 2 2 2 2 2 1 0 2 2
1 1 1 1 1 1 1 1 0 10 1 1 2 2 2 1 2 2 2 2 0 1 2 2 2 2 2 1 2 2 2 2 0 1 2 2
1 1 1 1 1 1 1 1 1 1 10 0 2 2 2 2 1 2 2 2 2 2 1 0 2 2 2 2 1 2 2 2 2 2 1 0
1 1 1 1 1 1 1 1 1 1 0 10 2 2 2 2 2 1 2 2 2 2 0 1 2 2 2 2 2 1 2 2 2 2 0 1
1 0 2 2 2 2 1 2 2 2 2 2 10 0 1 1 1 1 1 1 1 1 1 1 1 2 2 2 2 2 1 0 2 2 2 2
0 1 2 2 2 2 2 1 2 2 2 2 0 10 1 1 1 1 1 1 1 1 1 1 2 1 2 2 2 2 0 1 2 2 2 2
2 2 1 0 2 2 2 2 1 2 2 2 1 1 10 0 1 1 1 1 1 1 1 1 2 2 1 2 2 2 2 2 1 0 2 2
2 2 0 1 2 2 2 2 2 1 2 2 1 1 0 10 1 1 1 1 1 1 1 1 2 2 2 1 2 2 2 2 0 1 2 2
2 2 2 2 1 0 2 2 2 2 1 2 1 1 1 1 10 0 1 1 1 1 1 1 2 2 2 2 1 2 2 2 2 2 1 0
2 2 2 2 0 1 2 2 2 2 2 1 1 1 1 1 0 10 1 1 1 1 1 1 2 2 2 2 2 1 2 2 2 2 0 1
1 2 2 2 2 2 1 0 2 2 2 2 1 1 1 1 1 1 10 0 1 1 1 1 1 0 2 2 2 2 1 2 2 2 2 2
2 1 2 2 2 2 0 1 2 2 2 2 1 1 1 1 1 1 0 10 1 1 1 1 0 1 2 2 2 2 2 1 2 2 2 2
2 2 1 2 2 2 2 2 1 0 2 2 1 1 1 1 1 1 1 1 10 0 1 1 2 2 1 0 2 2 2 2 1 2 2 2
2 2 2 1 2 2 2 2 0 1 2 2 1 1 1 1 1 1 1 1 0 10 1 1 2 2 0 1 2 2 2 2 2 1 2 2
2 2 2 2 1 2 2 2 2 2 1 0 1 1 1 1 1 1 1 1 1 1 10 0 2 2 2 2 1 0 2 2 2 2 1 2
2 2 2 2 2 1 2 2 2 2 0 1 1 1 1 1 1 1 1 1 1 1 0 10 2 2 2 2 0 1 2 2 2 2 2 1
1 0 2 2 2 2 1 2 2 2 2 2 1 2 2 2 2 2 1 0 2 2 2 2 10 0 1 1 1 1 1 1 1 1 1 1
0 1 2 2 2 2 2 1 2 2 2 2 2 1 2 2 2 2 0 1 2 2 2 2 0 10 1 1 1 1 1 1 1 1 1 1
2 2 1 0 2 2 2 2 1 2 2 2 2 2 1 2 2 2 2 2 1 0 2 2 1 1 10 0 1 1 1 1 1 1 1 1
2 2 0 1 2 2 2 2 2 1 2 2 2 2 2 1 2 2 2 2 0 1 2 2 1 1 0 10 1 1 1 1 1 1 1 1
2 2 2 2 1 0 2 2 2 2 1 2 2 2 2 2 1 2 2 2 2 2 1 0 1 1 1 1 10 0 1 1 1 1 1 1
2 2 2 2 0 1 2 2 2 2 2 1 2 2 2 2 2 1 2 2 2 2 0 1 1 1 1 1 0 10 1 1 1 1 1 1
1 2 2 2 2 2 1 0 2 2 2 2 1 0 2 2 2 2 1 2 2 2 2 2 1 1 1 1 1 1 10 0 1 1 1 1
2 1 2 2 2 2 0 1 2 2 2 2 0 1 2 2 2 2 2 1 2 2 2 2 1 1 1 1 1 1 0 10 1 1 1 1
2 2 1 2 2 2 2 2 1 0 2 2 2 2 1 0 2 2 2 2 1 2 2 2 1 1 1 1 1 1 1 1 10 0 1 1
2 2 2 1 2 2 2 2 0 1 2 2 2 2 0 1 2 2 2 2 2 1 2 2 1 1 1 1 1 1 1 1 0 10 1 1
2 2 2 2 1 2 2 2 2 2 1 0 2 2 2 2 1 0 2 2 2 2 1 2 1 1 1 1 1 1 1 1 1 1 10 0
2 2 2 2 2 1 2 2 2 2 0 1 2 2 2 2 0 1 2 2 2 2 2 1 1 1 1 1 1 1 1 1 1 1 0 10
0 2
0 3
0 4
0 5
0 6
0 7
0 8
0 9
0 10
0 11
1 2
1 3
1 4
1 5
1 6
1 7
1 8
1 9
1 10
1 11
2 4
2 5
2 6
2 7
2 8
2 9
2 10
2 11
3 4
3 5
3 6
3 7
3 8
3 9
3 10
3 11
4 6
4 7
4 8
4 9
4 10
4 11
5 6
5 7
5 8
5 9
5 10
5 11
6 8
6 9
6 10
6 11
7 8
7 9
7 10
7 11
8 10
8 11
9 10
9 11
0 2
0 3
0 4
0 5
0 6
0 7
0 8
0 9
0 10
0 11
1 2
1 3
1 4
1 5
1 6
1 7
1 8
1 9
1 10
1 11
2 4
2 5
2 6
2 7
2 8
2 9
2 10
2 11
3 4
3 5
3 6
3 7
3 8
3 9
3 10
3 11
4 6
4 7
4 8
4 9
4 10
4 11
5 6
5 7
5 8
5 9
5 10
5 11
6 8
6 9
6 10
6 11
7 8
7 9
7 10
7 11
8 10
8 11
9 10
9 11
0 2
0 3
0 4
0 5
0 6
0 7
0 8
0 9
0 10
0 11
1 2
1 3
1 4
1 5
1 6
1 7
1 8
1 9
1 10
1 11
2 4
2 5
2 6
2 7
2 8
2 9
2 10
2 11
3 4
3 5
3 6
3 7
3 8
3 9
3 10
3 11
4 6
4 7
4 8
4 9
4 10
4 11
5 6
5 7
5 8
5 9
5 10
5 11
6 8
6 9
6 10
6 11
7 8
7 9
7 10
7 11
8 10
8 11
9 10
9 11
13920159899931376014 3072
23 40 34 48 38 3 13 33 31 59 9 53 44 27 35 2 50 45 10 12 7 8 16 39 56 54 49 22 14 37 58 24 4 47 51 11 28 25 52 19 46 55 30 57 15 26 32 5 41 21 43 6 29 18 17 42 1 0 36 20
45 34 57 26 3 53 2 54 21 36 50 51 39 31 46 20 33 42 24 5 18 10 13 38 22 55 7 9 30 49 52 19 44 0 40 12 27 8 37 25 48 11 41 6 56 1 15 32 16 28 17 58 29 59 35 23 4 47 43 14
23 40 34 48 38 3 13 33 31 59 9 53 44 27 35 2 50 45 10 12 7 8 16 39 56 54 49 22 14 37 58 24 4 47 51 11 28 25 52 19 46 55 30 57 15 26 32 5 41 21 43 6 29 18 17 42 1 0 36 20
45 34 57 26 3 53 2 54 21 36 50 51 39 31 46 20 33 42 24 5 18 10 13 38 22 55 7 9 30 49 52 19 44 0 40 12 27 8 37 25 48 11 41 6 56 1 15 32 16 28 17 58 29 59 35 23 4 47 43 14
15494519106042493633 3072
35 38 26 30 52 58 5 21 16 41 44 42 6 54 27 31 33 22 39 40 15 4 17 46 51 59 43 12 49 13 34 47 56 2 3 23 57 20 36 53 11 0 28 9 32 18 24 45 10 29 7 48 19 8 25 1 50 37 55 14
8 42 47 25 59 32 35 37 23 52 57 34 26 51 16 46 55 3 39 33 38 27 58 5 50 43 45 12 48 6 19 20 36 54 17 31 11 10 1 18 4 49 28 53 13 7 56 14 40 22 44 0 29 24 9 2 15 21 30 41
35 38 26 30 52 58 5 21 16 41 46 42 6 54 27 31 33 22 36 17 15 4 39 44 51 59 43 12 49 13 34 47 56 8 3 23 57 20 40 53 11 0 37 9 32 18 24 45 10 29 7 48 19 2 25 1 50 28 55 14
8 42 47 25 59 32 35 37 23 48 57 34 40 22 16 46 55 3 39 33 38 27 58 0 50 43 45 12 52 6 19 20 36 54 17 31 10 11 5 18 1 49 28 53 13 7 56 14 26 30 44 4 29 24 9 2 15 21 51 41
7468169088472417331 3072
54 38 44 39 24 9 26 31 35 30 41 45 28 23 57 25 29 47 56 48 6 17 8 16 51 18 53 21 33 34 19 50 13 2 42 37 49 27 52 40 15 0 11 46 55 4 14 5 36 10 3 58 20 43 1 32 7 12 22 59
48 45 33 52 46 34 27 36 8 37 26 38 14 30 16 55 47 53 39 50 19 58 41 43 31 2 13 5 3 54 49 57 12 56 35 42 20 44 40 15 23 1 9 11 6 21 24 17 7 29 22 32 28 25 59 0 4 10 18 51
54 38 44 39 24 9 26 31 35 30 41 45 28 23 57 25 29 47 56 48 6 17 8 16 51 18 53 21 33 34 19 50 13 2 42 37 49 27 52 40 15 0 11 46 55 4 14 1 36 10 3 58 20 43 5 32 7 12 22 59
48 45 33 52 46 34 27 36 8 37 26 38 14 30 16 55 47 53 39 50 19 58 41 43 31 2 13 5 3 54 49 57 12 56 35 42 20 44 40 15 23 1 9 11 6 21 24 17 7 29 22 32 28 25 59 0 4 10 18 51
5737022957829503404 3072
53 39 34 54 21 26 19 20 29 42 37 18 23 48 33 25 40 35 45 57 7 59 27 47 8 13 14 52 4 32 41 44 46 5 15 36 1 56 16 43 38 31 58 11 30 50 22 0 6 10 51 12 28 9 2 17 24 55 3 49
44 39 9 53 59 34 3 42 24 38 48 52 26 46 21 41 10 54 13 30 50 19 55 20 12 7 2 45 35 18 16 4 51 47 58 23 17 25 37 28 5 36 1 31 27 49 32 0 56 40 43 33 8 6 29 57 14 11 22 15
53 39 34 59 21 26 19 20 29 48 37 18 22 42 33 25 40 35 45 57 7 54 27 47 8 13 14 52 4 32 41 44 46 5 15 36 1 56 16 43 38 31 58 11 30 50 23 0 6 10 51 12 28 3 2 17 24 55 9 49
44 39 9 53 31 34 3 42 10 38 48 52 26 46 21 41 24 54 13 30 50 19 55 20 12 59 2 45 35 18 16 4 51 47 58 23 17 25 37 28 5 36 1 7 27 49 32 0 56 40 8 33 43 6 29 57 14 11 22 15
3132081289410413887 3072
44 29 53 10 20 34 3 41 54 0 21 58 30 50 37 52 19 4 45 27 56 59 9 23 15 2 26 43 51 11 46 28 55 22 5 12 57 8 35 13 25 1 32 24 7 31 42 16 33 18 38 49 36 17 47 39 14 40 6 48
49 54 32 39 21 27 41 31 58 29 52 51 40 22 59 33 26 45 13 48 15 34 10 12 55 50 4 38 56 3 11 2 42 19 24 17 9 7 14 20 5 35 47 18 16 23 1 53 8 46 44 37 43 57 25 30 28 6 36 0
44 29 53 10 20 34 3 41 54 0 21 58 30 50 37 52 19 4 45 27 56 59 9 23 15 2 26 43 51 11 46 28 55 22 5 12 57 8 35 13 25 1 32 24 7 31 42 16 33 18 38 49 36 17 47 39 14 40 6 48
49 54 32 39 21 27 41 31 58 29 52 51 40 22 59 33 26 45 13 48 15 34 10 12 55 50 4 38 56 3 11 2 42 19 24 17 9 7 14 20 5 35 47 18 16 23 1 53 8 57 44 37 43 46 25 30 28 6 36 0
8351502530714881916 3072
31 40 6 49 19 21 52 47 58 32 51 36 14 56 24 53 41 10 33 44 12 9 48 3 13 39 26 7 1 11 46 55 5 16 57 45 17 35 59 42 23 22 29 38 54 4 15 25 0 34 2 20 8 50 27 18 30 28 43 37
55 45 22 29 24 1 50 4 54 19 58 30 6 12 47 40 32 41 21 25 17 0 39 3 43 36 48 16 28 14 57 38 59 46 5 15 26 53 51 35 11 37 49 52 31 56 9 7 34 8 13 23 10 27 18 33 44 2 20 42
31 40 6 49 19 21 52 47 58 32 51 36 14 56 24 53 41 0 33 44 12 55 48 3 13 39 26 7 1 11 46 17 5 16 57 45 9 35 59 42 23 22 29 38 54 4 15 25 10 34 2 20 8 50 27 18 30 28 43 37
55 45 22 29 38 1 44 17 54 19 58 30 6 12 47 40 32 41 21 4 25 26 39 3 43 36 48 16 28 14 24 57 59 46 5 15 0 53 51 35 11 37 49 52 31 56 9 7 34 8 18 23 10 27 13 33 50 2 20 42
15233921159889470286 3072
17 9 34 57 28 27 42 40 44 53 46 49 51 20 29 24 33 54 25 38 39 55 52 1 50 10 41 36 22 56 58 43 37 19 3 13 0 18 35 6 5 16 14 32 12 4 21 31 47 2 48 59 8 45 11 7 15 23 26 30
3 22 12 21 36 56 33 31 2 52 23 40 32 11 45 41 47 58 43 0 14 49 19 34 50 37 59 38 8 57 1 53 48 6 16 55 35 24 5 42 25 17 7 54 26 15 4 30 20 46 44 18 9 51 29 39 28 13 10 27
17 9 28 25 34 27 42 40 44 53 46 49 51 20 29 24 33 54 57 38 39 55 52 1 50 10 41 36 22 56 58 43 37 19 3 13 0 18 35 6 5 16 12 32 14 4 21 31 47 2 48 59 8 45 11 7 15 23 26 30
3 22 12 21 36 56 33 31 2 52 23 40 32 11 45 41 47 58 43 0 14 8 19 34 50 37 59 38 53 57 1 17 48 6 16 55 35 24 5 42 25 49 7 54 26 15 4 30 20 46 44 18 9 51 29 39 28 13 10 27
13248119838657357871 3072
12 21 33 6 40 58 43 27 1 52 45 19 38 22 13 56 31 7 50 39 15 51 26 48 18 37 55 3 8 14 17 5 36 46 53 57 30 0 41 54 49 24 35 29 25 23 16 34 32 2 44 10 47 28 20 59 9 4 11 42
45 4 47 54 24 28 27 56 33 41 44 13 30 37 23 50 2 51 22 16 58 34 19 59 55 25 48 36 6 57 40 35 32 39 46 53 26 10 31 15 5 38 49 52 14 29 0 18 3 42 17 1 8 9 43 7 12 21 20 11
12 21 33 6 40 58 43 27 1 24 45 19 38 22 29 56 37 7 50 39 15 51 26 48 18 55 31 3 8 14 17 5 36 46 53 57 30 9 41 54 49 52 35 13 25 23 16 34 32 2 44 10 47 28 20 59 0 4 11 42
45 4 47 54 24 28 27 56 33 41 44 13 34 37 23 50 25 51 30 16 58 22 19 59 55 2 48 38 6 57 40 35 32 39 46 53 26 10 31 15 5 36 49 52 14 29 0 18 3 42 17 1 8 9 43 7 12 21 20 11
12045531783117628988 3072
54 28 6 5 27 33 44 51 42 53 47 50 4 25 12 16 21 30 32 37 57 40 45 36 15 0 7 14 59 48 18 19 1 43 52 3 23 9 22 34 17 11 29 31 56 55 10 35 49 20 13 38 2 46 58 24 41 26 8 39
49 42 19 26 44 34 2 58 33 57 15 35 21 6 27 53 32 36 50 39 59 56 22 24 40 45 3 9 4 52 38 8 12 46 37 11 31 28 5 55 16 25 7 13 54 30 29 23 47 18 48 1 51 20 17 41 10 14 0 43
40 28 6 5 27 33 44 51 42 53 47 50 4 25 34 16 9 30 32 37 57 7 45 36 15 0 54 14 59 48 18 19 1 43 13 3 12 23 22 46 17 11 29 31 56 55 10 35 49 20 52 38 2 21 58 24 41 26 8 39
49 42 19 26 44 34 2 58 33 55 15 35 21 6 27 53 32 36 50 39 59 56 22 24 40 41 3 9 4 52 38 8 13 46 37 11 31 28 5 57 16 25 7 12 54 30 29 23 47 18 48 1 51 20 17 45 10 14 0 43
12444922697652639724 3072
23 41 52 22 28 47 35 26 17 44 19 42 27 25 32 0 36 54 57 38 49 48 12 46 5 14 3 39 16 56 50 37 43 2 30 53 21 58 40 1 4 33 7 31 8 13 15 9 51 29 24 18 10 59 34 6 45 11 55 20
56 26 27 25 19 53 31 36 3 39 57 44 11 52 40 35 21 22 49 38 17 55 20 18 14 54 7 4 8 9 51 45 30 59 13 37 24 48 5 43 28 50 46 2 34 15 32 10 6 0 42 33 41 29 23 16 12 47 58 1
23 41 52 22 28 47 35 26 17 44 19 42 20 25 32 3 36 54 57 38 59 48 12 46 5 14 0 39 16 56 50 37 43 2 33 53 21 58 40 1 4 30 7 31 8 13 15 9 51 29 24 18 10 49 34 6 45 11 55 27
56 26 27 25 19 53 31 36 9 39 47 38 11 52 40 35 21 22 49 44 17 55 20 18 14 54 3 4 8 7 51 45 30 59 13 37 24 57 5 50 28 43 46 2 34 15 32 10 6 0 42 33 41 29 23 16 12 48 58 1
7505572945824382462 3072
17 5 14 43 27 40 34 45 38 22 21 26 32 52 46 59 37 41 29 7 18 12 6 51 50 55 3 39 57 58 30 2 1 11 48 15 33 9 42 23 25 20 35 44 19 0 49 4 13 36 16 28 24 8 10 53 31 47 54 56
42 56 20 37 34 0 55 3 53 32 4 44 39 35 24 50 29 26 12 41 54 58 16 45 9 59 11 23 15 17 40 57 8 19 31 1 47 7 48 10 51 5 22 27 6 43 52 25 33 13 2 30 18 28 46 38 21 14 49 36
17 5 14 43 27 40 34 45 38 22 21 26 32 52 46 59 37 41 29 7 18 12 6 51 50 55 3 39 57 58 30 2 1 11 48 15 33 9 42 23 25 20 35 44 19 0 49 4 13 36 16 28 24 8 10 53 31 47 54 56
42 56 20 37 34 0 55 3 53 32 4 44 39 35 24 50 29 26 12 41 54 58 16 45 9 59 11 23 15 17 40 57 8 19 31 1 47 7 48 10 51 5 22 27 6 43 52 25 33 13 2 30 18 28 46 38 21 14 49 36
17407918196113264670 3072
29 9 38 25 18 34 55 42 6 20 36 40 57 33 12 45 30 56 0 23 54 14 52 27 7 2 13 4 50 43 22 5 16 46 31 32 1 24 39 19 11 49 28 8 51 53 48 3 26 47 59 17 44 10 58 41 21 15 37 35
43 6 36 54 17 37 49 24 34 4 58 48 25 50 29 20 35 19 13 39 56 45 40 1 12 9 14 22 31 11 41 46 55 2 42 7 57 47 3 28 0 38 10 53 18 51 52 33 30 21 8 44 16 26 59 32 5 27 23 15
29 9 38 25 18 34 55 42 6 20 36 40 57 33 12 45 30 56 0 23 54 14 52 27 7 2 13 4 50 43 22 5 16 46 31 32 1 24 39 19 11 49 28 8 51 53 48 3 26 47 59 17 44 10 58 41 21 15 37 35
43 6 36 54 17 37 49 24 34 4 58 48 25 50 29 20 35 19 13 39 56 45 40 1 12 9 14 22 31 11 41 46 55 2 42 7 57 47 3 28 0 38 10 53 18 51 52 33 30 21 8 44 16 26 59 32 5 27 23 15
3666925130053853356 3072
43 6 35 55 59 37 34 22 38 20 52 4 32 58 28 21 41 27 14 15 17 50 36 39 51 3 25 11 19 29 26 53 16 40 44 57 46 24 5 12 30 49 7 56 10 42 1 23 13 31 47 48 33 9 8 0 54 2 18 45
27 45 23 49 57 32 40 36 43 5 41 55 50 16 10 59 44 26 21 33 38 6 58 42 31 14 8 0 35 2 30 46 18 9 48 4 25 13 56 20 1 19 29 54 51 34 17 15 3 47 12 39 37 7 28 24 22 11 53 52
43 6 35 55 59 37 34 22 38 20 52 4 32 58 28 21 41 27 14 15 17 50 36 39 51 3 25 11 19 29 26 53 16 40 44 57 46 24 5 12 30 49 7 56 10 42 1 23 13 31 47 48 33 9 8 0 54 2 18 45
27 45 23 49 57 32 40 36 43 5 41 55 50 16 10 59 44 26 21 33 38 6 58 42 31 14 8 0 35 2 30 46 18 9 48 4 25 13 56 20 1 19 29 54 51 34 17 15 3 47 12 39 37 7 28 24 22 11 53 52
1532845475089481612 3072
24 13 51 40 10 39 52 1 21 31 43 38 53 22 29 56 41 11 48 25 5 59 37 3 49 18 30 14 36 7 35 2 9 34 46 55 8 27 16 4 15 17 50 19 42 23 32 6 44 20 0 47 54 57 58 33 28 26 45 12
19 39 59 24 56 43 42 8 31 20 44 55 23 36 33 50 30 47 25 41 51 4 58 27 26 37 54 1 46 32 13 7 40 22 6 52 11 0 9 38 28 48 57 45 15 18 53 17 2 29 21 14 35 34 12 3 16 5 49 10
24 13 51 40 10 39 52 1 21 31 43 38 53 22 29 56 41 11 48 25 5 59 37 3 49 18 30 14 36 7 35 2 9 34 46 55 8 27 16 4 15 17 50 19 42 23 32 6 44 20 0 47 54 57 58 33 28 26 45 12
19 39 59 24 56 43 42 8 31 20 44 55 23 36 33 50 30 47 25 41 51 4 58 27 26 37 54 1 46 11 13 7 40 22 6 52 17 0 9 38 28 48 57 45 15 18 53 32 2 29 21 14 35 34 12 3 16 5 49 10
7892328810099612639 3072
59 48 5 53 46 6 23 45 30 21 58 39 24 1 10 36 38 47 35 14 12 0 42 34 51 15 44 37 28 54 9 17 56 4 13 55 25 57 31 11 26 49 16 20 3 50 52 33 29 41 40 32 18 27 43 8 7 19 2 22
31 39 57 58 32 43 50 36 21 3 19 38 34 49 47 56 42 26 23 28 10 24 53 40 8 45 4 51 14 44 46 35 55 9 6 11 22 59 1 37 52 54 18 5 15 30 20 7 41 2 17 16 25 12 29 0 13 48 33 27
59 48 5 53 46 6 23 45 30 21 58 39 24 1 10 36 38 47 35 14 12 0 42 34 51 15 44 37 28 54 9 17 56 4 13 55 25 57 31 11 26 49 16 20 3 50 52 33 29 41 40 32 18 27 43 8 7 19 2 22
31 39 57 58 32 43 50 36 21 3 19 38 34 49 47 56 42 26 23 28 10 24 53 40 8 45 4 51 14 44 46 35 55 9 6 11 22 59 1 37 52 54 18 5 15 30 20 7 41 2 17 16 25 12 29 0 13 48 33 27
1724207497892760786 3072
43 14 58 34 44 9 36 23 52 35 2 48 55 16 30 29 26 12 45 39 32 21 10 7 40 51 49 8 0 53 41 57 13 46 56 33 47 22 4 28 11 38 54 6 1 59 50 42 19 25 20 17 37 18 15 24 31 27 3 5
39 47 6 43 22 56 48 59 34 25 45 41 52 44 58 11 50 0 49 31 9 8 32 57 19 42 54 20 30 18 5 3 37 55 17 38 10 23 28 40 51 14 24 53 27 36 1 33 35 46 12 13 29 26 7 2 21 15 16 4
43 14 58 34 44 9 36 23 52 35 2 48 55 16 30 29 26 12 45 39 32 21 10 7 40 51 49 8 0 53 41 57 13 46 56 33 47 22 4 28 11 38 54 6 1 59 50 42 19 25 20 17 37 18 15 24 31 27 3 5
37 47 6 43 22 56 48 59 34 25 45 41 52 44 58 11 50 0 49 31 9 8 32 57 19 42 54 20 30 18 5 46 39 55 17 38 10 23 28 40 51 14 24 53 27 36 1 33 35 3 12 13 29 26 7 2 21 15 16 4
