FACTOR_PERMUTATION_V1 12 16 1024 1 1
10 0 1 1 1 1 1 1 1 1 1 1 1 0 2 2 2 2 1 2 2 2 2 2 1 0 2 2 2 2 1 2 2 2 2 2
0 10 1 1 1 1 1 1 1 1 1 1 0 1 2 2 2 2 2 1 2 2 2 2 0 1 2 2 2 2 2 1 2 2 2 2
1 1 10 0 1 1 1 1 1 1 1 1 2 2 1 0 2 2 2 2 1 2 2 2 2 2 1 0 2 2 2 2 1 2 2 2
1 1 0 10 1 1 1 1 1 1 1 1 2 2 0 1 2 2 2 2 2 1 2 2 2 2 0 1 2 2 2 2 2 1 2 2
1 1 1 1 10 0 1 1 1 1 1 1 2 2 2 2 1 0 2 2 2 2 1 2 2 2 2 2 1 0 2 2 2 2 1 2
1 1 1 1 0 10 1 1 1 1 1 1 2 2 2 2 0 1 2 2 2 2 2 1 2 2 2 2 0 1 2 2 2 2 2 1
1 1 1 1 1 1 10 0 1 1 1 1 1 2 2 2 2 2 1 0 2 2 2 2 1 2 2 2 2 2 1 0 2 2 2 2
1 1 1 1 1 1 0 10 1 1 1 1 2 1 2 2 2 2 0 1 2 2 2 2 2 1 2 2 2 2 0 1 2 2 2 2
1 1 1 1 1 1 1 1 10 0 1 1 2 2 1 2 2 2 2 2 1 0 2 2 2 2 1 2 2 2 2 2 1 0 2 2
1 1 1 1 1 1 1 1 0 10 1 1 2 2 2 1 2 2 2 2 0 1 2 2 2 2 2 1 2 2 2 2 0 1 2 2
1 1 1 1 1 1 1 1 1 1 10 0 2 2 2 2 1 2 2 2 2 2 1 0 2 2 2 2 1 2 2 2 2 2 1 0
1 1 1 1 1 1 1 1 1 1 0 10 2 2 2 2 2 1 2 2 2 2 0 1 2 2 2 2 2 1 2 2 2 2 0 1
1 0 2 2 2 2 1 2 2 2 2 2 10 0 1 1 1 1 1 1 1 1 1 1 1 2 2 2 2 2 1 0 2 2 2 2
0 1 2 2 2 2 2 1 2 2 2 2 0 10 1 1 1 1 1 1 1 1 1 1 2 1 2 2 2 2 0 1 2 2 2 2
2 2 1 0 2 2 2 2 1 2 2 2 1 1 10 0 1 1 1 1 1 1 1 1 2 2 1 2 2 2 2 2 1 0 2 2
2 2 0 1 2 2 2 2 2 1 2 2 1 1 0 10 1 1 1 1 1 1 1 1 2 2 2 1 2 2 2 2 0 1 2 2
2 2 2 2 1 0 2 2 2 2 1 2 1 1 1 1 10 0 1 1 1 1 1 1 2 2 2 2 1 2 2 2 2 2 1 0
2 2 2 2 0 1 2 2 2 2 2 1 1 1 1 1 0 10 1 1 1 1 1 1 2 2 2 2 2 1 2 2 2 2 0 1
1 2 2 2 2 2 1 0 2 2 2 2 1 1 1 1 1 1 10 0 1 1 1 1 1 0 2 2 2 2 1 2 2 2 2 2
2 1 2 2 2 2 0 1 2 2 2 2 1 1 1 1 1 1 0 10 1 1 1 1 0 1 2 2 2 2 2 1 2 2 2 2
2 2 1 2 2 2 2 2 1 0 2 2 1 1 1 1 1 1 1 1 10 0 1 1 2 2 1 0 2 2 2 2 1 2 2 2
2 2 2 1 2 2 2 2 0 1 2 2 1 1 1 1 1 1 1 1 0 10 1 1 2 2 0 1 2 2 2 2 2 1 2 2
2 2 2 2 1 2 2 2 2 2 1 0 1 1 1 1 1 1 1 1 1 1 10 0 2 2 2 2 1 0 2 2 2 2 1 2
2 2 2 2 2 1 2 2 2 2 0 1 1 1 1 1 1 1 1 1 1 1 0 10 2 2 2 2 0 1 2 2 2 2 2 1
1 0 2 2 2 2 1 2 2 2 2 2 1 2 2 2 2 2 1 0 2 2 2 2 10 0 1 1 1 1 1 1 1 1 1 1
0 1 2 2 2 2 2 1 2 2 2 2 2 1 2 2 2 2 0 1 2 2 2 2 0 10 1 1 1 1 1 1 1 1 1 1
2 2 1 0 2 2 2 2 1 2 2 2 2 2 1 2 2 2 2 2 1 0 2 2 1 1 10 0 1 1 1 1 1 1 1 1
2 2 0 1 2 2 2 2 2 1 2 2 2 2 2 1 2 2 2 2 0 1 2 2 1 1 0 10 1 1 1 1 1 1 1 1
2 2 2 2 1 0 2 2 2 2 1 2 2 2 2 2 1 2 2 2 2 2 1 0 1 1 1 1 10 0 1 1 1 1 1 1
2 2 2 2 0 1 2 2 2 2 2 1 2 2 2 2 2 1 2 2 2 2 0 1 1 1 1 1 0 10 1 1 1 1 1 1
1 2 2 2 2 2 1 0 2 2 2 2 1 0 2 2 2 2 1 2 2 2 2 2 1 1 1 1 1 1 10 0 1 1 1 1
2 1 2 2 2 2 0 1 2 2 2 2 0 1 2 2 2 2 2 1 2 2 2 2 1 1 1 1 1 1 0 10 1 1 1 1
2 2 1 2 2 2 2 2 1 0 2 2 2 2 1 0 2 2 2 2 1 2 2 2 1 1 1 1 1 1 1 1 10 0 1 1
2 2 2 1 2 2 2 2 0 1 2 2 2 2 0 1 2 2 2 2 2 1 2 2 1 1 1 1 1 1 1 1 0 10 1 1
2 2 2 2 1 2 2 2 2 2 1 0 2 2 2 2 1 0 2 2 2 2 1 2 1 1 1 1 1 1 1 1 1 1 10 0
2 2 2 2 2 1 2 2 2 2 0 1 2 2 2 2 0 1 2 2 2 2 2 1 1 1 1 1 1 1 1 1 1 1 0 10
0 2
0 3
0 4
0 5
0 6
0 7
0 8
0 9
0 10
0 11
1 2
1 3
1 4
1 5
1 6
1 7
1 8
1 9
1 10
1 11
2 4
2 5
2 6
2 7
2 8
2 9
2 10
2 11
3 4
3 5
3 6
3 7
3 8
3 9
3 10
3 11
4 6
4 7
4 8
4 9
4 10
4 11
5 6
5 7
5 8
5 9
5 10
5 11
6 8
6 9
6 10
6 11
7 8
7 9
7 10
7 11
8 10
8 11
9 10
9 11
0 2
0 3
0 4
0 5
0 6
0 7
0 8
0 9
0 10
0 11
1 2
1 3
1 4
1 5
1 6
1 7
1 8
1 9
1 10
1 11
2 4
2 5
2 6
2 7
2 8
2 9
2 10
2 11
3 4
3 5
3 6
3 7
3 8
3 9
3 10
3 11
4 6
4 7
4 8
4 9
4 10
4 11
5 6
5 7
5 8
5 9
5 10
5 11
6 8
6 9
6 10
6 11
7 8
7 9
7 10
7 11
8 10
8 11
9 10
9 11
0 2
0 3
0 4
0 5
0 6
0 7
0 8
0 9
0 10
0 11
1 2
1 3
1 4
1 5
1 6
1 7
1 8
1 9
1 10
1 11
2 4
2 5
2 6
2 7
2 8
2 9
2 10
2 11
3 4
3 5
3 6
3 7
3 8
3 9
3 10
3 11
4 6
4 7
4 8
4 9
4 10
4 11
5 6
5 7
5 8
5 9
5 10
5 11
6 8
6 9
6 10
6 11
7 8
7 9
7 10
7 11
8 10
8 11
9 10
9 11
10358708411853495209 6144
31 40 42 57 56 3 13 33 23 59 51 53 26 27 32 2 46 45 16 36 7 8 10 39 50 54 49 44 14 37 58 24 4 47 6 11 28 25 52 9 43 55 30 34 15 22 29 5 41 21 38 19 35 18 17 48 1 0 12 20
45 34 48 57 3 53 2 54 21 36 46 51 39 31 50 20 33 42 24 5 19 10 1 38 22 55 7 9 30 49 52 13 44 0 40 12 27 8 37 25 56 11 41 6 26 18 15 32 16 28 17 58 29 59 35 23 4 47 43 14
31 40 48 57 56 3 13 33 23 59 51 53 26 27 32 2 46 45 16 36 7 8 10 39 50 54 49 44 14 37 58 24 4 47 6 11 28 25 52 9 43 55 30 34 15 22 29 5 41 21 38 19 35 18 17 42 1 0 12 20
45 34 57 48 3 53 2 54 21 36 46 51 39 31 50 20 33 42 24 5 19 10 1 38 22 55 7 9 30 49 52 13 44 0 40 12 27 8 37 25 56 11 41 6 26 18 15 32 16 28 17 58 29 59 35 23 4 47 43 14
15741287146775084815 6144
59 38 26 51 52 28 3 21 16 58 49 17 57 54 27 31 35 22 39 44 15 0 40 46 4 41 43 6 36 47 34 13 56 2 5 23 48 20 42 53 11 9 1 30 32 18 24 45 10 29 7 12 19 8 25 33 50 37 55 14
47 3 43 58 59 48 11 20 23 52 37 34 26 51 16 46 55 42 39 33 38 27 53 1 50 8 45 12 32 6 19 41 36 54 17 30 35 15 5 18 4 49 28 25 13 7 56 14 40 22 44 21 29 24 9 2 10 0 31 57
59 38 26 51 52 28 3 21 16 58 49 17 57 54 27 31 35 22 39 44 15 0 40 46 4 41 43 6 36 47 34 13 56 2 5 23 48 20 42 53 11 9 1 30 32 18 24 45 10 29 7 12 19 8 25 33 50 37 55 14
47 3 43 58 59 48 11 20 23 52 37 34 26 51 16 46 55 42 39 33 38 27 53 1 50 8 45 12 32 6 19 41 36 54 17 30 35 15 5 18 4 49 28 25 13 7 56 14 40 22 44 21 29 24 9 2 10 0 31 57
7750444325271457809 6144
54 43 44 39 24 9 26 29 35 30 41 56 28 23 47 25 31 13 50 48 6 17 7 38 51 18 53 21 49 34 19 45 57 2 3 37 33 27 15 40 52 5 32 46 42 4 14 0 36 10 11 58 8 55 1 12 20 16 22 59
57 33 1 15 46 0 27 36 8 37 26 39 11 30 45 38 47 23 24 50 19 58 41 5 31 2 13 43 3 54 16 55 12 56 49 42 10 48 40 53 52 20 22 14 6 21 35 17 25 29 7 32 34 59 44 28 4 9 18 51
54 44 43 39 24 9 26 29 35 30 41 16 28 23 47 25 31 13 50 48 6 17 7 38 51 18 53 21 49 34 19 45 57 2 3 37 33 27 15 40 52 5 32 46 42 4 14 0 36 10 56 58 8 55 1 12 20 11 22 59
57 1 33 15 46 0 27 36 8 37 26 39 11 30 44 38 47 23 24 50 19 58 41 43 31 2 13 5 3 54 16 55 12 56 49 42 22 48 40 53 52 20 9 14 6 21 35 17 59 29 7 32 34 25 45 28 4 10 18 51
15761348876166825780 6144
55 39 34 6 59 1 19 20 46 52 42 18 22 5 28 25 40 35 45 24 7 21 16 41 8 12 14 0 4 57 47 44 29 48 15 37 2 56 27 43 38 31 58 11 30 50 23 17 54 10 51 13 26 53 33 9 32 36 3 49
59 39 9 43 1 34 3 23 24 38 22 16 26 6 21 41 31 54 13 30 50 52 40 10 12 29 2 45 35 18 32 7 55 47 46 4 17 25 36 28 5 37 48 20 58 49 11 0 27 19 53 33 8 56 42 57 14 44 51 15
54 39 34 52 59 28 19 20 46 6 55 18 22 5 33 25 40 35 45 24 7 21 16 47 8 12 14 0 4 57 41 44 29 48 15 37 2 56 27 43 38 31 58 11 30 50 23 17 42 10 51 13 26 53 1 9 32 36 3 49
59 39 9 43 51 34 3 23 24 38 48 16 26 27 21 41 31 54 13 30 50 52 40 10 12 42 2 45 35 18 32 7 55 47 46 22 17 25 36 28 5 37 1 20 58 49 11 0 44 19 53 33 8 56 29 57 14 6 4 15
17390369113944358177 6144
44 19 54 55 20 34 22 41 53 6 42 58 16 50 23 35 52 36 45 27 56 26 9 31 59 2 48 43 51 33 46 38 15 0 3 12 57 8 29 17 25 1 21 24 7 37 14 32 11 18 28 49 4 13 47 39 40 10 5 30
39 54 57 32 21 27 37 43 58 29 52 51 40 22 33 12 26 45 13 48 15 8 10 46 1 50 47 38 59 3 28 6 42 18 24 17 4 7 14 20 5 35 49 19 44 23 11 53 55 16 56 41 34 9 25 30 31 2 36 0
44 19 54 55 20 34 22 41 53 6 42 58 16 50 23 35 52 36 45 27 56 26 9 31 59 2 48 43 51 33 46 38 15 0 3 12 57 8 29 17 25 1 21 24 7 37 14 32 11 18 28 49 4 13 47 39 40 10 5 30
39 54 57 32 21 27 37 43 58 29 52 51 40 22 33 12 26 45 13 48 15 8 10 46 1 50 47 38 59 3 28 6 42 18 24 17 4 7 14 20 5 35 49 19 44 23 11 53 55 16 56 41 34 9 25 30 31 2 36 0
16073141514121976056 6144
58 37 1 49 41 21 52 9 0 32 57 42 50 54 24 53 19 10 33 29 12 3 48 35 13 39 26 7 6 11 46 45 5 51 16 27 17 55 59 23 36 22 47 38 56 4 15 25 20 34 2 31 8 14 44 18 30 28 43 40
55 45 22 29 24 35 40 5 2 19 58 30 57 31 47 50 32 41 21 20 26 10 39 3 43 36 14 16 28 18 6 38 59 46 4 15 17 48 9 11 1 23 49 52 0 56 44 7 34 8 13 37 12 27 54 33 53 51 25 42
58 40 1 49 41 21 52 9 0 32 57 42 50 54 24 53 19 10 33 29 12 3 48 35 13 39 26 7 6 11 46 45 5 51 16 27 17 55 59 23 36 22 47 38 56 4 15 25 20 34 2 31 8 14 44 18 30 28 43 37
55 45 22 29 24 35 40 5 2 19 58 30 57 31 47 50 32 41 21 20 26 10 39 3 43 36 48 16 28 18 6 38 59 46 4 15 17 14 9 11 1 23 49 52 0 56 44 7 34 8 13 37 12 27 54 33 53 51 25 42
16312737334630238376 6144
17 9 5 50 28 27 42 12 44 53 43 49 51 25 34 10 33 54 24 38 39 19 56 36 6 21 41 1 14 52 58 46 37 55 3 16 0 18 35 57 15 22 13 32 8 4 20 29 47 2 48 59 40 45 31 7 11 23 26 30
3 22 41 57 18 34 45 31 2 56 23 40 32 38 36 47 51 49 15 0 14 58 19 20 50 37 59 6 8 33 1 53 44 12 16 55 35 24 5 42 25 17 10 54 11 43 4 30 7 46 21 52 48 9 29 39 28 13 26 27
17 9 5 50 28 27 42 12 44 53 43 49 51 25 34 10 33 54 24 38 39 19 56 36 6 21 41 1 14 52 58 46 37 55 3 16 0 18 35 57 11 22 13 32 8 4 20 29 47 2 48 59 40 45 31 7 15 23 26 30
3 22 41 57 18 34 45 31 2 56 23 40 32 38 36 47 51 49 15 0 14 58 19 20 50 37 59 7 8 33 1 53 44 12 16 55 35 24 5 42 25 17 10 54 11 43 4 30 48 46 21 52 6 9 29 39 28 13 26 27
4051013011560588151 6144
12 21 30 6 40 58 25 27 1 52 45 57 38 22 29 54 31 7 50 39 15 9 26 48 18 43 55 3 8 14 17 5 41 46 53 56 37 0 19 35 49 24 51 13 34 23 16 33 32 36 44 10 47 28 20 59 2 4 11 42
45 4 47 54 24 28 50 9 33 41 44 18 30 37 52 56 39 51 26 59 58 46 19 36 55 23 48 2 6 57 40 35 31 42 13 53 22 10 32 15 5 38 49 7 14 29 0 16 3 34 17 1 27 8 43 25 12 21 20 11
12 21 30 6 40 58 25 27 1 52 45 57 38 22 29 54 31 7 50 39 15 9 26 48 18 43 55 3 8 14 17 5 41 46 53 56 37 0 19 35 49 24 51 13 34 23 16 33 32 36 44 10 47 28 20 59 2 4 11 42
45 4 47 54 24 28 50 9 33 41 44 18 30 37 52 56 39 51 26 59 58 46 19 36 55 23 48 2 6 57 40 35 31 42 13 53 22 10 32 15 5 38 49 7 14 29 0 16 3 34 17 1 27 8 43 25 12 21 20 11
3493208148202254993 6144
41 40 6 1 27 31 29 51 42 53 47 50 37 25 35 45 12 52 33 4 57 58 46 36 0 15 7 14 59 48 18 19 43 23 28 3 5 49 22 34 20 11 13 32 56 9 10 55 30 17 44 38 2 21 54 24 16 26 8 39
42 7 19 27 31 34 2 58 29 57 15 35 26 41 10 53 32 36 50 39 59 56 22 24 40 55 3 12 4 52 38 8 51 46 37 11 44 28 5 9 16 23 49 13 54 30 33 25 47 18 6 1 45 20 17 48 21 14 0 43
41 40 6 1 27 31 29 51 42 53 47 50 37 25 35 45 12 52 33 4 57 58 46 36 0 15 7 14 59 48 18 19 43 23 28 3 5 49 22 34 20 11 13 32 56 9 10 55 30 17 44 38 2 21 54 24 16 26 8 39
42 7 19 27 31 34 2 58 29 57 15 35 26 41 10 53 32 36 50 39 59 56 22 24 40 9 3 12 4 52 38 8 51 46 37 11 44 28 5 55 16 23 49 13 54 30 33 25 47 18 6 1 45 20 17 48 21 14 0 43
2051225771896625883 6144
23 8 52 22 28 47 40 58 17 44 19 42 27 25 32 45 41 54 37 36 39 48 12 46 5 14 3 57 16 56 51 38 43 1 30 53 13 26 35 2 4 33 7 31 50 21 18 9 49 29 24 15 0 59 34 6 10 11 55 20
46 9 27 34 19 53 31 36 3 39 35 38 30 52 40 51 18 59 22 44 17 55 20 26 48 54 7 4 8 14 57 45 11 49 13 37 24 6 5 43 28 50 58 2 25 15 32 10 21 1 42 33 41 29 23 16 12 47 56 0
23 49 52 22 28 47 40 58 17 44 19 42 27 25 32 45 41 54 37 36 39 48 12 46 5 14 3 57 16 56 8 38 43 1 30 53 13 26 35 2 4 33 7 31 50 21 18 9 51 29 24 15 0 59 34 6 10 11 55 20
46 6 27 34 19 53 31 36 3 39 35 38 30 52 40 51 18 59 49 44 17 55 20 26 48 54 7 4 8 14 57 45 11 22 13 37 24 9 5 43 28 50 58 2 25 15 32 10 21 1 42 33 41 29 23 16 12 47 56 0
11794151124290886908 6144
58 5 14 43 27 56 34 59 38 29 21 42 32 22 46 33 2 41 54 17 6 18 7 51 50 55 3 39 47 26 16 37 1 28 48 15 53 9 23 52 25 20 35 44 19 0 49 4 13 36 12 30 40 8 10 45 31 57 11 24
42 56 20 1 34 27 55 3 53 32 36 43 39 35 24 8 29 26 17 51 44 58 54 31 2 59 0 10 15 18 9 57 12 30 4 45 41 7 48 50 11 5 22 13 6 19 52 25 33 16 40 46 49 28 47 38 21 14 23 37
7 5 14 43 27 56 34 59 38 29 21 42 32 22 46 33 2 41 54 17 6 18 26 51 50 55 3 39 47 58 16 37 1 28 48 15 53 9 23 52 25 20 35 44 19 0 49 4 13 36 12 30 40 8 10 45 31 57 11 24
42 56 20 1 34 27 55 3 53 32 36 43 39 35 24 8 29 26 17 51 44 58 54 31 2 59 0 10 15 18 9 57 12 30 4 45 41 7 48 50 11 5 22 13 6 19 52 25 33 16 40 46 49 28 47 38 21 14 23 37
2963781750116126784 6144
29 9 38 53 18 34 55 22 6 20 36 16 57 33 39 45 30 56 0 23 54 48 52 27 7 2 13 4 49 43 42 5 40 50 31 32 1 24 12 19 11 25 28 8 51 26 14 3 46 47 59 17 44 10 58 41 21 15 37 35
43 57 36 9 59 20 49 24 34 37 58 48 55 50 44 39 35 19 13 28 16 45 40 1 12 51 38 22 31 11 41 46 54 2 42 7 56 47 29 53 0 14 10 23 26 4 52 33 30 21 8 3 6 18 17 32 5 27 25 15
29 9 38 53 18 34 55 22 6 20 36 16 57 33 39 45 30 56 0 23 54 48 52 27 7 2 13 4 49 43 42 5 40 50 31 32 1 24 12 19 11 25 28 8 51 26 14 3 46 47 59 17 44 10 58 41 21 15 37 35
43 57 36 9 59 20 49 24 34 37 58 48 55 50 44 39 35 19 13 28 16 45 40 1 12 51 38 22 31 11 41 46 54 2 42 7 56 47 3 53 0 14 10 23 26 4 52 33 30 21 8 29 6 18 17 32 5 27 25 15
12048712829362805471 6144
6 44 35 53 59 37 30 34 38 20 52 4 32 58 28 21 41 27 14 15 17 50 36 39 51 3 25 23 19 55 26 33 18 40 43 57 46 24 5 12 22 49 7 56 10 42 1 11 13 31 47 48 29 9 8 0 54 2 16 45
27 52 31 49 57 32 40 9 45 5 41 55 50 15 10 59 11 26 21 33 38 6 58 42 23 14 8 43 17 56 30 46 35 36 12 4 25 13 16 20 1 19 34 18 51 29 53 0 3 47 48 39 2 7 24 28 22 44 54 37
6 44 35 53 59 37 30 34 38 20 52 4 32 58 28 21 41 27 14 15 17 50 36 39 51 3 25 23 19 55 26 33 18 40 43 57 46 24 5 12 22 49 7 56 10 42 1 11 13 31 47 48 29 9 8 0 54 2 16 45
27 52 31 49 57 32 40 36 45 5 41 55 50 15 10 59 11 26 21 33 38 6 58 42 23 14 8 43 17 16 30 46 35 9 12 4 25 13 56 20 1 19 34 54 51 29 53 0 3 47 48 39 2 7 24 28 22 44 18 37
6206765626851700115 6144
24 1 5 40 10 39 31 29 21 52 45 14 35 22 58 56 20 48 38 28 53 59 37 3 30 18 49 51 36 13 47 2 17 34 54 57 46 27 16 4 15 7 50 19 43 23 32 6 44 41 0 11 8 55 33 25 9 26 42 12
19 46 59 24 56 43 42 7 28 20 44 41 15 30 33 50 36 47 25 55 51 4 39 27 13 37 54 1 58 31 14 6 40 22 5 52 11 0 3 2 32 48 57 45 23 18 8 17 38 29 21 26 35 34 12 9 16 53 49 10
24 1 51 40 10 39 52 29 21 31 45 53 35 22 58 56 41 48 38 28 5 59 37 3 30 18 49 14 36 13 47 2 17 34 54 57 46 27 16 4 15 7 50 19 43 23 32 6 44 20 0 11 8 55 33 25 9 26 42 12
19 58 59 24 56 43 42 5 28 20 44 41 15 36 33 50 30 47 25 55 51 4 39 27 13 37 54 1 46 31 14 6 40 22 7 52 11 0 9 2 32 48 57 45 23 18 8 17 38 29 21 26 35 34 12 3 16 53 49 10
17757751610886091908 6144
59 48 54 7 18 38 23 45 30 21 58 36 24 35 17 39 6 47 31 11 12 3 42 34 22 15 44 37 1 5 41 13 9 26 14 55 25 57 28 52 51 49 16 33 46 50 10 27 29 56 2 32 20 0 43 8 53 19 40 4
52 39 57 58 29 0 50 36 21 3 19 44 34 49 47 38 42 26 23 28 10 24 53 8 40 45 4 51 14 56 46 35 9 55 6 12 22 59 7 37 31 54 18 5 15 30 20 1 41 2 33 16 43 13 32 25 11 48 17 27
59 48 54 53 0 38 23 45 30 21 58 39 24 35 17 36 6 47 31 14 12 3 42 34 51 15 44 37 1 5 41 11 56 26 13 55 25 57 28 10 22 49 16 33 46 50 52 20 29 9 40 32 18 27 43 8 7 19 2 4
31 39 57 58 32 43 50 36 21 3 19 44 34 49 47 38 42 26 23 28 10 24 53 40 8 45 4 51 14 56 46 35 9 55 6 17 22 59 1 37 52 54 18 5 15 30 20 7 41 2 33 16 0 13 29 25 12 48 11 27
10930895090164567922 6144
43 4 58 32 44 27 36 23 52 35 2 48 55 16 30 29 26 12 45 33 57 21 18 17 40 51 49 8 0 53 41 34 13 46 56 15 10 22 14 28 11 38 54 7 1 59 50 42 47 25 20 39 37 19 6 24 31 9 3 5
39 47 6 43 22 56 48 35 58 25 45 41 52 44 34 12 50 0 51 31 9 8 59 57 15 42 37 20 30 18 54 3 5 55 17 38 11 23 26 40 49 14 24 33 27 36 1 53 32 13 28 7 29 10 46 2 21 19 16 4
43 4 58 32 44 27 36 23 52 35 2 48 55 16 30 29 26 12 45 33 57 21 10 17 40 51 49 8 0 53 41 34 13 46 56 15 18 22 14 28 11 38 54 7 1 59 50 42 47 25 20 39 37 19 6 24 31 9 3 5
39 47 6 43 22 56 48 35 58 25 45 41 52 44 34 12 50 0 51 31 9 8 59 57 15 42 37 20 30 18 54 3 5 55 17 38 28 23 26 40 49 14 24 33 27 36 1 53 32 13 11 7 29 10 46 2 21 19 16 4
