FACTOR_PERMUTATION_V1 12 16 1024 1 1
10 0 1 1 1 1 1 1 1 1 1 1 1 0 2 2 2 2 1 2 2 2 2 2 1 0 2 2 2 2 1 2 2 2 2 2
0 10 1 1 1 1 1 1 1 1 1 1 0 1 2 2 2 2 2 1 2 2 2 2 0 1 2 2 2 2 2 1 2 2 2 2
1 1 10 0 1 1 1 1 1 1 1 1 2 2 1 0 2 2 2 2 1 2 2 2 2 2 1 0 2 2 2 2 1 2 2 2
1 1 0 10 1 1 1 1 1 1 1 1 2 2 0 1 2 2 2 2 2 1 2 2 2 2 0 1 2 2 2 2 2 1 2 2
1 1 1 1 10 0 1 1 1 1 1 1 2 2 2 2 1 0 2 2 2 2 1 2 2 2 2 2 1 0 2 2 2 2 1 2
1 1 1 1 0 10 1 1 1 1 1 1 2 2 2 2 0 1 2 2 2 2 2 1 2 2 2 2 0 1 2 2 2 2 2 1
1 1 1 1 1 1 10 0 1 1 1 1 1 2 2 2 2 2 1 0 2 2 2 2 1 2 2 2 2 2 1 0 2 2 2 2
1 1 1 1 1 1 0 10 1 1 1 1 2 1 2 2 2 2 0 1 2 2 2 2 2 1 2 2 2 2 0 1 2 2 2 2
1 1 1 1 1 1 1 1 10 0 1 1 2 2 1 2 2 2 2 2 1 0 2 2 2 2 1 2 2 2 2 2 1 0 2 2
1 1 1 1 1 1 1 1 0 10 1 1 2 2 2 1 2 2 2 2 0 1 2 2 2 2 2 1 2 2 2 2 0 1 2 2
1 1 1 1 1 1 1 1 1 1 10 0 2 2 2 2 1 2 2 2 2 2 1 0 2 2 2 2 1 2 2 2 2 2 1 0
1 1 1 1 1 1 1 1 1 1 0 10 2 2 2 2 2 1 2 2 2 2 0 1 2 2 2 2 2 1 2 2 2 2 0 1
1 0 2 2 2 2 1 2 2 2 2 2 10 0 1 1 1 1 1 1 1 1 1 1 1 2 2 2 2 2 1 0 2 2 2 2
0 1 2 2 2 2 2 1 2 2 2 2 0 10 1 1 1 1 1 1 1 1 1 1 2 1 2 2 2 2 0 1 2 2 2 2
2 2 1 0 2 2 2 2 1 2 2 2 1 1 10 0 1 1 1 1 1 1 1 1 2 2 1 2 2 2 2 2 1 0 2 2
2 2 0 1 2 2 2 2 2 1 2 2 1 1 0 10 1 1 1 1 1 1 1 1 2 2 2 1 2 2 2 2 0 1 2 2
2 2 2 2 1 0 2 2 2 2 1 2 1 1 1 1 10 0 1 1 1 1 1 1 2 2 2 2 1 2 2 2 2 2 1 0
2 2 2 2 0 1 2 2 2 2 2 1 1 1 1 1 0 10 1 1 1 1 1 1 2 2 2 2 2 1 2 2 2 2 0 1
1 2 2 2 2 2 1 0 2 2 2 2 1 1 1 1 1 1 10 0 1 1 1 1 1 0 2 2 2 2 1 2 2 2 2 2
2 1 2 2 2 2 0 1 2 2 2 2 1 1 1 1 1 1 0 10 1 1 1 1 0 1 2 2 2 2 2 1 2 2 2 2
2 2 1 2 2 2 2 2 1 0 2 2 1 1 1 1 1 1 1 1 10 0 1 1 2 2 1 0 2 2 2 2 1 2 2 2
2 2 2 1 2 2 2 2 0 1 2 2 1 1 1 1 1 1 1 1 0 10 1 1 2 2 0 1 2 2 2 2 2 1 2 2
2 2 2 2 1 2 2 2 2 2 1 0 1 1 1 1 1 1 1 1 1 1 10 0 2 2 2 2 1 0 2 2 2 2 1 2
2 2 2 2 2 1 2 2 2 2 0 1 1 1 1 1 1 1 1 1 1 1 0 10 2 2 2 2 0 1 2 2 2 2 2 1
1 0 2 2 2 2 1 2 2 2 2 2 1 2 2 2 2 2 1 0 2 2 2 2 10 0 1 1 1 1 1 1 1 1 1 1
0 1 2 2 2 2 2 1 2 2 2 2 2 1 2 2 2 2 0 1 2 2 2 2 0 10 1 1 1 1 1 1 1 1 1 1
2 2 1 0 2 2 2 2 1 2 2 2 2 2 1 2 2 2 2 2 1 0 2 2 1 1 10 0 1 1 1 1 1 1 1 1
2 2 0 1 2 2 2 2 2 1 2 2 2 2 2 1 2 2 2 2 0 1 2 2 1 1 0 10 1 1 1 1 1 1 1 1
2 2 2 2 1 0 2 2 2 2 1 2 2 2 2 2 1 2 2 2 2 2 1 0 1 1 1 1 10 0 1 1 1 1 1 1
2 2 2 2 0 1 2 2 2 2 2 1 2 2 2 2 2 1 2 2 2 2 0 1 1 1 1 1 0 10 1 1 1 1 1 1
1 2 2 2 2 2 1 0 2 2 2 2 1 0 2 2 2 2 1 2 2 2 2 2 1 1 1 1 1 1 10 0 1 1 1 1
2 1 2 2 2 2 0 1 2 2 2 2 0 1 2 2 2 2 2 1 2 2 2 2 1 1 1 1 1 1 0 10 1 1 1 1
2 2 1 2 2 2 2 2 1 0 2 2 2 2 1 0 2 2 2 2 1 2 2 2 1 1 1 1 1 1 1 1 10 0 1 1
2 2 2 1 2 2 2 2 0 1 2 2 2 2 0 1 2 2 2 2 2 1 2 2 1 1 1 1 1 1 1 1 0 10 1 1
2 2 2 2 1 2 2 2 2 2 1 0 2 2 2 2 1 0 2 2 2 2 1 2 1 1 1 1 1 1 1 1 1 1 10 0
2 2 2 2 2 1 2 2 2 2 0 1 2 2 2 2 0 1 2 2 2 2 2 1 1 1 1 1 1 1 1 1 1 1 0 10
0 2
0 3
0 4
0 5
0 6
0 7
0 8
0 9
0 10
0 11
1 2
1 3
1 4
1 5
1 6
1 7
1 8
1 9
1 10
1 11
2 4
2 5
2 6
2 7
2 8
2 9
2 10
2 11
3 4
3 5
3 6
3 7
3 8
3 9
3 10
3 11
4 6
4 7
4 8
4 9
4 10
4 11
5 6
5 7
5 8
5 9
5 10
5 11
6 8
6 9
6 10
6 11
7 8
7 9
7 10
7 11
8 10
8 11
9 10
9 11
0 2
0 3
0 4
0 5
0 6
0 7
0 8
0 9
0 10
0 11
1 2
1 3
1 4
1 5
1 6
1 7
1 8
1 9
1 10
1 11
2 4
2 5
2 6
2 7
2 8
2 9
2 10
2 11
3 4
3 5
3 6
3 7
3 8
3 9
3 10
3 11
4 6
4 7
4 8
4 9
4 10
4 11
5 6
5 7
5 8
5 9
5 10
5 11
6 8
6 9
6 10
6 11
7 8
7 9
7 10
7 11
8 10
8 11
9 10
9 11
0 2
0 3
0 4
0 5
0 6
0 7
0 8
0 9
0 10
0 11
1 2
1 3
1 4
1 5
1 6
1 7
1 8
1 9
1 10
1 11
2 4
2 5
2 6
2 7
2 8
2 9
2 10
2 11
3 4
3 5
3 6
3 7
3 8
3 9
3 10
3 11
4 6
4 7
4 8
4 9
4 10
4 11
5 6
5 7
5 8
5 9
5 10
5 11
6 8
6 9
6 10
6 11
7 8
7 9
7 10
7 11
8 10
8 11
9 10
9 11
11399400157714242150 5120
31 40 48 57 56 3 13 35 23 59 51 53 26 27 29 2 38 45 10 36 7 8 16 39 50 54 49 44 14 37 58 24 4 47 6 11 28 25 52 9 46 55 30 34 15 22 32 5 41 21 43 17 33 18 19 42 1 0 12 20
45 34 57 26 1 53 2 54 21 36 46 51 39 31 50 20 33 42 24 5 19 10 3 38 22 55 7 9 30 49 52 13 44 0 40 12 27 8 37 25 48 11 41 6 56 18 15 32 16 28 17 58 29 59 35 23 4 47 43 14
31 40 48 57 56 3 13 35 23 59 51 53 26 27 29 2 38 45 10 36 7 8 16 39 50 54 49 44 14 37 58 24 4 47 6 11 28 25 52 9 46 55 30 34 15 22 32 5 41 21 43 17 33 18 19 42 1 0 12 20
45 34 57 26 1 53 2 54 21 36 46 51 39 31 50 20 33 42 24 5 19 10 3 38 22 55 7 9 30 49 52 13 44 0 40 12 27 8 37 25 48 11 41 6 56 18 15 32 16 28 17 58 29 59 35 23 4 47 43 14
2121667954184601446 5120
59 38 26 30 52 58 5 21 16 35 49 17 57 54 27 31 33 22 39 44 15 0 40 46 4 41 43 48 36 13 34 47 56 2 3 23 6 20 42 53 11 9 28 51 32 18 24 45 10 29 7 12 19 8 25 1 50 37 55 14
8 3 47 25 59 48 11 37 23 52 20 34 26 51 16 46 55 42 39 33 38 27 53 1 50 45 43 12 32 6 19 57 36 54 17 31 35 15 5 18 4 49 28 58 13 7 56 14 40 22 44 21 29 24 9 2 10 0 30 41
35 38 26 30 52 58 5 21 16 41 36 17 57 54 27 31 33 22 39 44 15 0 40 46 4 59 43 48 49 13 34 47 56 2 3 23 6 20 42 53 11 9 28 51 32 18 24 45 10 29 7 12 19 8 25 1 50 37 55 14
8 42 47 25 59 48 11 37 23 52 57 34 26 51 16 46 55 3 39 33 38 27 58 1 50 43 45 12 32 6 19 20 36 54 17 31 35 15 5 18 4 49 28 53 13 7 56 14 40 22 44 21 29 24 9 2 10 0 30 41
12301927613755748598 5120
54 3 43 39 24 9 26 29 35 30 41 16 28 23 47 25 31 13 50 48 6 17 8 38 51 18 53 21 49 34 19 45 57 2 44 37 33 27 15 40 52 5 32 46 42 4 14 0 36 10 56 58 20 55 1 12 7 11 22 59
57 24 33 15 46 34 27 36 8 37 26 39 11 30 16 38 47 23 22 50 19 58 41 43 31 2 13 5 3 54 44 55 12 56 49 42 20 48 40 53 52 1 9 14 6 21 35 17 59 29 7 32 28 25 45 0 4 10 18 51
54 3 43 39 24 9 26 29 35 30 41 16 28 23 47 25 31 13 50 48 6 17 8 38 51 42 53 21 49 34 19 45 57 2 44 37 33 27 15 40 52 5 32 46 18 4 14 0 36 10 56 58 20 55 1 12 7 11 22 59
57 24 33 15 46 34 27 36 8 37 26 39 11 30 16 38 47 23 22 50 19 58 41 43 31 2 13 5 3 54 44 55 12 56 49 42 20 48 40 53 52 1 9 14 6 21 35 17 59 29 7 32 28 25 45 0 4 10 18 51
14420807073340951529 5120
54 39 34 52 59 28 19 20 46 6 55 18 22 5 33 25 40 35 45 24 7 21 16 47 8 12 14 0 4 57 41 44 29 48 15 37 2 56 27 43 38 31 58 11 30 50 23 9 42 10 51 13 26 53 1 17 32 36 3 49
59 39 9 43 51 34 3 42 24 38 48 16 26 27 21 41 31 54 13 30 50 52 40 10 12 23 2 45 35 18 44 4 55 47 58 22 17 25 36 28 5 37 1 20 46 49 11 0 6 19 53 33 8 56 29 57 14 32 7 15
54 39 34 52 59 28 19 20 46 42 36 18 22 5 33 25 40 35 45 24 7 21 16 47 8 12 14 0 4 57 41 44 29 48 15 37 2 56 27 43 38 31 58 11 30 50 23 9 6 10 51 13 26 53 1 17 32 55 3 49
59 39 9 43 51 34 3 42 24 38 48 16 26 27 21 41 31 54 13 30 50 52 40 10 12 23 2 45 35 18 44 4 55 47 58 22 17 25 37 28 5 36 1 20 46 49 11 0 56 19 53 33 8 6 29 57 14 32 7 15
17797129409420810397 5120
44 19 54 59 20 34 22 41 53 6 42 58 48 50 23 35 37 36 45 27 56 10 9 31 55 2 16 43 51 33 46 38 15 0 3 12 57 8 29 17 25 1 32 24 7 52 14 11 21 18 28 49 4 13 47 39 40 26 5 30
49 54 57 32 21 27 41 43 58 29 52 51 40 22 33 12 26 45 13 48 15 8 10 46 1 50 47 38 59 3 28 6 42 18 24 17 4 7 14 20 5 35 39 19 16 23 11 53 55 44 56 37 34 9 25 30 31 2 36 0
44 48 54 59 20 34 0 41 53 6 21 58 19 50 23 35 52 4 45 27 56 10 9 31 55 2 16 43 51 33 46 38 15 22 3 12 57 8 29 17 25 1 32 24 7 37 14 11 42 18 28 49 36 13 47 39 26 40 5 30
49 54 57 32 21 27 41 11 58 29 52 51 40 22 33 46 26 45 13 48 15 8 10 12 55 50 47 38 59 3 28 6 42 19 24 17 4 7 14 20 5 35 39 18 16 23 1 53 34 44 56 37 43 9 25 30 31 2 36 0
2707601624900122872 5120
58 40 6 49 41 21 52 47 0 32 57 36 50 56 24 53 19 10 33 44 12 9 48 37 13 39 26 7 1 11 46 3 5 51 16 27 17 35 59 23 42 22 29 38 54 4 15 25 20 34 2 31 8 14 45 18 30 28 43 55
55 45 22 29 24 35 40 5 2 19 58 30 6 12 47 50 32 41 21 20 26 0 39 3 43 36 48 16 28 18 51 38 59 46 4 15 17 14 57 11 1 37 49 52 31 56 44 7 34 8 13 23 10 27 54 33 53 9 25 42
58 40 6 49 41 21 52 47 31 32 51 36 50 56 24 53 19 10 33 44 12 9 48 3 13 39 26 7 1 11 46 55 5 57 16 45 17 35 59 23 43 22 29 38 54 4 15 25 0 34 2 20 8 14 27 18 30 28 42 37
55 45 22 29 24 1 50 5 53 19 58 30 6 12 47 40 32 41 21 20 26 0 39 3 43 36 48 16 28 18 57 38 59 46 4 15 17 54 51 35 11 37 49 52 31 56 44 7 13 8 34 23 10 27 14 33 2 9 25 42
12232635205844535590 5120
17 9 5 50 28 27 42 12 44 53 43 49 51 25 34 10 33 54 24 38 39 55 56 36 6 21 59 1 14 52 58 46 37 19 3 16 0 18 35 57 11 22 13 32 8 4 20 29 47 2 48 41 40 45 31 7 15 23 26 30
3 22 41 57 18 34 45 31 2 48 23 40 32 56 36 51 47 49 15 0 14 58 19 20 50 37 59 7 8 33 1 53 44 12 16 55 35 24 5 42 25 17 10 54 11 43 4 30 38 46 21 52 9 6 29 39 28 13 26 27
17 9 5 50 28 27 42 12 44 53 43 49 51 25 34 10 33 54 24 38 39 55 56 36 6 21 59 1 14 52 58 46 37 19 3 16 0 18 35 57 11 22 13 32 8 4 20 29 47 2 48 41 40 45 31 7 15 23 26 30
3 22 41 57 18 34 45 31 2 48 23 40 32 56 36 51 47 49 15 0 14 58 19 20 50 37 59 7 8 33 1 53 44 12 16 55 35 24 5 42 25 17 10 54 11 43 4 30 38 46 21 52 9 6 29 39 28 13 26 27
8887644285139960890 5120
12 21 30 6 40 58 25 27 1 52 45 57 38 22 29 54 31 7 50 39 15 9 26 48 18 37 55 3 8 14 17 5 36 46 53 56 43 0 41 35 49 24 51 13 34 23 16 33 32 19 44 10 47 28 20 59 2 4 11 42
45 4 47 54 24 28 50 27 33 41 44 18 42 37 25 56 39 51 26 30 58 34 19 59 55 23 48 2 6 57 40 35 32 36 13 53 22 10 31 15 5 38 49 17 14 29 0 16 3 46 52 1 9 8 43 7 12 21 20 11
12 21 30 6 40 58 25 27 1 52 45 57 38 22 29 54 31 7 50 39 15 9 26 48 18 37 55 3 8 14 17 5 36 46 53 56 43 0 41 35 49 24 51 13 34 23 16 33 32 19 44 10 47 28 20 59 2 4 11 42
45 4 47 54 24 28 50 27 33 41 44 18 42 37 25 56 39 51 34 30 58 26 19 59 55 23 48 2 6 57 40 35 32 36 13 53 22 10 31 15 5 38 49 17 14 29 0 16 3 46 52 1 9 8 43 7 12 21 20 11
18405738759106659866 5120
41 40 6 0 27 31 44 51 42 53 47 50 37 25 35 45 12 52 32 4 57 58 46 36 1 15 7 14 59 48 18 19 43 23 28 3 5 17 22 34 20 11 13 33 56 9 10 55 30 49 29 38 2 21 54 24 16 26 8 39
42 7 19 27 31 34 2 58 29 57 15 35 26 41 10 53 32 36 50 39 59 56 22 24 40 9 3 12 4 52 38 8 51 46 37 11 44 28 5 55 16 25 49 13 54 30 33 23 45 18 6 1 47 20 17 48 21 14 0 43
41 40 6 0 27 31 44 51 42 53 47 50 37 25 35 45 12 52 32 4 57 58 46 36 1 15 7 14 59 48 18 19 43 23 28 3 5 17 22 34 20 11 13 33 56 9 10 55 30 49 29 38 2 21 54 24 16 26 8 39
42 7 19 27 31 34 2 58 29 57 15 35 26 41 10 53 32 36 50 39 59 56 22 24 40 9 3 12 4 52 38 8 51 46 37 11 44 28 5 55 16 25 49 13 54 30 33 23 45 18 6 1 47 20 17 48 21 14 0 43
3769877979731906799 5120
23 49 52 27 28 47 40 58 17 44 19 42 22 25 32 45 38 54 37 36 39 48 12 46 5 14 3 57 16 56 8 41 43 1 30 53 21 26 35 2 4 33 7 31 50 13 18 9 51 29 24 15 10 59 34 6 0 11 55 20
46 6 27 34 19 53 31 36 3 39 35 38 30 52 40 51 18 59 49 44 17 55 20 26 48 54 7 4 8 14 57 45 11 22 13 37 24 9 5 43 28 50 58 2 25 15 32 10 21 1 42 33 41 29 23 16 12 47 56 0
23 41 52 22 28 47 40 58 17 44 19 42 27 25 32 45 38 54 57 36 49 48 12 46 5 14 3 39 16 56 8 37 43 1 30 53 21 26 35 2 4 33 7 31 50 13 15 9 51 29 24 18 10 59 34 6 0 11 55 20
46 6 27 34 19 53 31 36 3 39 57 38 11 52 40 51 26 59 49 44 17 55 20 18 48 54 7 4 8 14 35 45 30 22 13 37 24 9 5 43 28 50 58 2 25 15 32 10 21 1 42 33 41 29 23 16 12 47 56 0
16354562540204680146 5120
7 5 14 43 27 56 34 45 38 28 21 42 32 23 46 33 37 41 29 17 16 18 6 51 50 55 3 39 47 58 26 2 1 11 48 15 59 9 22 52 25 20 35 44 19 0 49 4 13 36 12 30 40 8 10 53 31 57 54 24
42 56 20 0 34 44 55 3 53 32 36 43 39 35 24 8 29 26 17 51 27 58 16 31 40 59 1 23 15 18 9 57 12 30 4 45 41 7 48 50 11 5 22 54 6 19 52 25 33 13 2 47 49 28 21 38 46 14 10 37
7 5 14 43 27 56 34 45 38 28 21 42 32 23 46 33 37 41 29 17 16 18 6 51 50 55 3 39 47 58 26 2 1 11 48 15 59 9 22 52 25 20 35 44 19 0 49 4 13 36 12 30 40 8 10 53 31 57 54 24
42 56 20 0 34 44 55 3 53 32 36 43 39 35 24 8 29 26 17 51 27 58 16 31 40 59 1 23 15 18 9 57 12 30 4 45 41 7 48 50 11 5 22 54 6 19 52 25 33 13 2 47 49 28 21 38 46 14 10 37
9443754714235836071 5120
29 9 38 25 18 34 55 22 6 20 36 16 57 33 39 45 30 56 0 23 54 14 52 27 7 2 13 4 49 43 42 5 40 50 31 32 1 24 12 19 11 46 28 8 51 53 48 3 26 47 59 17 44 10 58 41 21 15 37 35
43 57 36 9 59 28 49 24 34 37 58 48 55 50 44 20 35 19 13 39 56 45 40 1 12 51 38 22 31 11 41 46 54 2 42 7 16 47 3 53 0 14 10 23 26 4 52 33 30 21 8 29 6 18 17 32 5 27 25 15
29 9 38 25 18 34 55 22 6 20 36 40 57 33 12 45 30 56 0 23 54 14 52 27 7 2 13 4 49 43 42 5 16 50 31 32 1 24 39 19 11 46 28 8 51 53 48 3 26 47 59 17 44 10 58 41 21 15 37 35
43 16 36 4 59 37 49 24 34 54 58 48 25 50 29 20 35 19 13 38 56 45 40 1 12 9 39 22 31 11 41 46 55 2 42 7 57 47 3 28 0 14 10 23 26 51 52 33 30 21 8 44 6 18 17 32 5 27 53 15
900564015410785716 5120
6 44 35 53 59 37 30 34 38 20 52 4 32 58 28 21 41 27 14 15 17 50 36 39 51 3 25 11 19 33 26 55 18 40 43 57 46 24 5 12 22 49 7 56 10 42 1 23 13 31 47 48 29 9 8 0 54 2 16 45
27 52 31 49 57 32 40 36 45 5 41 55 50 16 10 59 44 26 21 33 38 6 58 42 23 14 8 43 17 0 30 46 35 9 48 4 25 13 56 20 1 19 34 54 51 29 53 15 3 47 12 39 2 7 28 24 22 11 18 37
6 44 35 55 59 37 30 34 38 20 52 4 32 58 28 21 41 27 14 15 17 50 36 39 51 3 25 11 19 33 26 53 18 40 43 57 46 24 5 12 22 49 7 56 10 42 1 23 13 31 47 48 29 9 8 0 54 2 16 45
27 52 31 49 57 32 40 36 45 5 41 55 50 16 10 59 44 26 21 33 38 6 58 42 23 14 8 43 35 0 30 46 17 9 48 4 25 13 56 20 1 19 34 54 51 29 53 15 3 47 12 39 2 7 28 24 22 11 18 37
2382880935744185623 5120
24 1 51 40 7 39 52 29 21 31 45 53 35 22 58 56 41 48 38 28 5 59 37 3 30 18 49 14 36 13 11 2 17 34 54 57 46 27 16 4 15 10 50 19 43 23 32 6 44 20 0 47 8 55 33 25 9 26 42 12
19 58 59 24 56 43 42 5 28 20 44 41 15 36 33 50 30 47 25 55 51 4 39 27 13 37 54 1 46 31 14 6 40 22 7 52 11 0 9 2 32 48 57 45 23 18 8 17 38 29 21 26 35 34 12 3 16 53 49 10
24 9 51 40 10 39 52 28 21 31 45 53 38 22 33 56 41 11 48 29 5 59 37 3 30 18 49 14 36 7 35 2 13 34 54 57 46 27 16 4 15 17 50 19 43 23 32 6 44 20 0 47 8 55 58 25 1 26 42 12
19 58 59 24 56 43 42 5 31 20 44 55 15 29 33 50 30 47 25 41 51 4 39 27 26 37 54 1 46 28 14 6 40 22 7 52 11 0 9 38 32 48 57 45 23 18 8 17 2 36 21 13 35 34 12 3 16 53 49 10
1291232767523227217 5120
59 48 54 7 0 38 23 45 30 21 58 39 24 35 17 36 6 47 31 14 12 3 42 34 22 15 44 37 1 5 41 11 56 26 13 55 25 57 28 10 51 49 16 33 46 50 52 20 29 9 40 32 18 27 43 8 53 19 2 4
31 39 57 58 32 43 50 36 21 3 19 44 34 49 47 38 42 26 23 28 10 24 53 40 8 45 4 51 14 56 46 35 9 55 6 17 22 59 7 37 52 54 18 5 15 30 20 1 41 2 33 16 0 13 29 25 12 48 11 27
59 48 54 53 0 38 23 45 30 21 58 39 24 35 17 36 6 47 31 14 12 3 42 34 51 15 44 37 1 5 41 11 56 26 13 55 25 57 28 10 22 49 16 33 46 50 52 20 29 9 40 32 18 27 43 8 7 19 2 4
31 39 57 58 32 43 50 36 21 3 19 44 34 49 47 38 42 26 23 28 10 24 53 40 8 45 4 51 14 56 46 35 9 55 6 17 22 59 1 37 52 54 18 5 15 30 20 7 41 2 33 16 0 13 29 25 12 48 11 27
15335259308736422044 5120
43 4 58 32 44 27 36 23 52 35 2 48 55 16 30 29 26 12 45 33 57 21 10 39 54 51 49 8 0 53 41 34 13 46 56 15 18 22 14 28 11 38 40 7 1 59 50 42 47 25 20 17 37 19 6 24 31 9 3 5
39 47 6 43 22 56 48 59 34 25 45 41 52 44 58 11 50 0 51 31 9 8 35 57 15 42 37 20 30 18 54 3 5 55 17 38 28 23 10 40 49 14 24 53 27 36 1 33 32 13 12 7 29 26 46 2 21 19 16 4
43 14 58 32 44 27 36 23 52 35 2 48 55 16 30 29 26 12 45 39 57 21 10 33 54 51 49 8 0 53 41 34 13 46 56 15 19 22 4 28 11 38 40 6 1 59 50 42 47 25 20 17 37 18 7 24 31 9 3 5
39 47 6 43 22 56 48 59 34 25 45 41 52 44 58 11 50 0 51 31 9 8 35 57 15 42 54 20 30 18 5 3 37 55 17 38 10 23 28 40 49 14 24 53 27 36 1 33 32 13 12 46 29 26 7 2 21 19 16 4
