FACTOR_PERMUTATION_V1 12 16 1024 1 1
10 0 1 1 1 1 1 1 1 1 1 1 1 0 2 2 2 2 1 2 2 2 2 2 1 0 2 2 2 2 1 2 2 2 2 2
0 10 1 1 1 1 1 1 1 1 1 1 0 1 2 2 2 2 2 1 2 2 2 2 0 1 2 2 2 2 2 1 2 2 2 2
1 1 10 0 1 1 1 1 1 1 1 1 2 2 1 0 2 2 2 2 1 2 2 2 2 2 1 0 2 2 2 2 1 2 2 2
1 1 0 10 1 1 1 1 1 1 1 1 2 2 0 1 2 2 2 2 2 1 2 2 2 2 0 1 2 2 2 2 2 1 2 2
1 1 1 1 10 0 1 1 1 1 1 1 2 2 2 2 1 0 2 2 2 2 1 2 2 2 2 2 1 0 2 2 2 2 1 2
1 1 1 1 0 10 1 1 1 1 1 1 2 2 2 2 0 1 2 2 2 2 2 1 2 2 2 2 0 1 2 2 2 2 2 1
1 1 1 1 1 1 10 0 1 1 1 1 1 2 2 2 2 2 1 0 2 2 2 2 1 2 2 2 2 2 1 0 2 2 2 2
1 1 1 1 1 1 0 10 1 1 1 1 2 1 2 2 2 2 0 1 2 2 2 2 2 1 2 2 2 2 0 1 2 2 2 2
1 1 1 1 1 1 1 1 10 0 1 1 2 2 1 2 2 2 2 2 1 0 2 2 2 2 1 2 2 2 2 2 1 0 2 2
1 1 1 1 1 1 1 1 0 10 1 1 2 2 2 1 2 2 2 2 0 1 2 2 2 2 2 1 2 2 2 2 0 1 2 2
1 1 1 1 1 1 1 1 1 1 10 0 2 2 2 2 1 2 2 2 2 2 1 0 2 2 2 2 1 2 2 2 2 2 1 0
1 1 1 1 1 1 1 1 1 1 0 10 2 2 2 2 2 1 2 2 2 2 0 1 2 2 2 2 2 1 2 2 2 2 0 1
1 0 2 2 2 2 1 2 2 2 2 2 10 0 1 1 1 1 1 1 1 1 1 1 1 2 2 2 2 2 1 0 2 2 2 2
0 1 2 2 2 2 2 1 2 2 2 2 0 10 1 1 1 1 1 1 1 1 1 1 2 1 2 2 2 2 0 1 2 2 2 2
2 2 1 0 2 2 2 2 1 2 2 2 1 1 10 0 1 1 1 1 1 1 1 1 2 2 1 2 2 2 2 2 1 0 2 2
2 2 0 1 2 2 2 2 2 1 2 2 1 1 0 10 1 1 1 1 1 1 1 1 2 2 2 1 2 2 2 2 0 1 2 2
2 2 2 2 1 0 2 2 2 2 1 2 1 1 1 1 10 0 1 1 1 1 1 1 2 2 2 2 1 2 2 2 2 2 1 0
2 2 2 2 0 1 2 2 2 2 2 1 1 1 1 1 0 10 1 1 1 1 1 1 2 2 2 2 2 1 2 2 2 2 0 1
1 2 2 2 2 2 1 0 2 2 2 2 1 1 1 1 1 1 10 0 1 1 1 1 1 0 2 2 2 2 1 2 2 2 2 2
2 1 2 2 2 2 0 1 2 2 2 2 1 1 1 1 1 1 0 10 1 1 1 1 0 1 2 2 2 2 2 1 2 2 2 2
2 2 1 2 2 2 2 2 1 0 2 2 1 1 1 1 1 1 1 1 10 0 1 1 2 2 1 0 2 2 2 2 1 2 2 2
2 2 2 1 2 2 2 2 0 1 2 2 1 1 1 1 1 1 1 1 0 10 1 1 2 2 0 1 2 2 2 2 2 1 2 2
2 2 2 2 1 2 2 2 2 2 1 0 1 1 1 1 1 1 1 1 1 1 10 0 2 2 2 2 1 0 2 2 2 2 1 2
2 2 2 2 2 1 2 2 2 2 0 1 1 1 1 1 1 1 1 1 1 1 0 10 2 2 2 2 0 1 2 2 2 2 2 1
1 0 2 2 2 2 1 2 2 2 2 2 1 2 2 2 2 2 1 0 2 2 2 2 10 0 1 1 1 1 1 1 1 1 1 1
0 1 2 2 2 2 2 1 2 2 2 2 2 1 2 2 2 2 0 1 2 2 2 2 0 10 1 1 1 1 1 1 1 1 1 1
2 2 1 0 2 2 2 2 1 2 2 2 2 2 1 2 2 2 2 2 1 0 2 2 1 1 10 0 1 1 1 1 1 1 1 1
2 2 0 1 2 2 2 2 2 1 2 2 2 2 2 1 2 2 2 2 0 1 2 2 1 1 0 10 1 1 1 1 1 1 1 1
2 2 2 2 1 0 2 2 2 2 1 2 2 2 2 2 1 2 2 2 2 2 1 0 1 1 1 1 10 0 1 1 1 1 1 1
2 2 2 2 0 1 2 2 2 2 2 1 2 2 2 2 2 1 2 2 2 2 0 1 1 1 1 1 0 10 1 1 1 1 1 1
1 2 2 2 2 2 1 0 2 2 2 2 1 0 2 2 2 2 1 2 2 2 2 2 1 1 1 1 1 1 10 0 1 1 1 1
2 1 2 2 2 2 0 1 2 2 2 2 0 1 2 2 2 2 2 1 2 2 2 2 1 1 1 1 1 1 0 10 1 1 1 1
2 2 1 2 2 2 2 2 1 0 2 2 2 2 1 0 2 2 2 2 1 2 2 2 1 1 1 1 1 1 1 1 10 0 1 1
2 2 2 1 2 2 2 2 0 1 2 2 2 2 0 1 2 2 2 2 2 1 2 2 1 1 1 1 1 1 1 1 0 10 1 1
2 2 2 2 1 2 2 2 2 2 1 0 2 2 2 2 1 0 2 2 2 2 1 2 1 1 1 1 1 1 1 1 1 1 10 0
2 2 2 2 2 1 2 2 2 2 0 1 2 2 2 2 0 1 2 2 2 2 2 1 1 1 1 1 1 1 1 1 1 1 0 10
0 2
0 3
0 4
0 5
0 6
0 7
0 8
0 9
0 10
0 11
1 2
1 3
1 4
1 5
1 6
1 7
1 8
1 9
1 10
1 11
2 4
2 5
2 6
2 7
2 8
2 9
2 10
2 11
3 4
3 5
3 6
3 7
3 8
3 9
3 10
3 11
4 6
4 7
4 8
4 9
4 10
4 11
5 6
5 7
5 8
5 9
5 10
5 11
6 8
6 9
6 10
6 11
7 8
7 9
7 10
7 11
8 10
8 11
9 10
9 11
0 2
0 3
0 4
0 5
0 6
0 7
0 8
0 9
0 10
0 11
1 2
1 3
1 4
1 5
1 6
1 7
1 8
1 9
1 10
1 11
2 4
2 5
2 6
2 7
2 8
2 9
2 10
2 11
3 4
3 5
3 6
3 7
3 8
3 9
3 10
3 11
4 6
4 7
4 8
4 9
4 10
4 11
5 6
5 7
5 8
5 9
5 10
5 11
6 8
6 9
6 10
6 11
7 8
7 9
7 10
7 11
8 10
8 11
9 10
9 11
0 2
0 3
0 4
0 5
0 6
0 7
0 8
0 9
0 10
0 11
1 2
1 3
1 4
1 5
1 6
1 7
1 8
1 9
1 10
1 11
2 4
2 5
2 6
2 7
2 8
2 9
2 10
2 11
3 4
3 5
3 6
3 7
3 8
3 9
3 10
3 11
4 6
4 7
4 8
4 9
4 10
4 11
5 6
5 7
5 8
5 9
5 10
5 11
6 8
6 9
6 10
6 11
7 8
7 9
7 10
7 11
8 10
8 11
9 10
9 11
5278721887923743136 1024
23 44 30 26 56 9 13 31 28 59 36 53 6 10 35 2 34 3 27 12 7 8 16 39 40 54 49 21 14 37 58 24 4 47 38 11 29 55 52 19 46 20 50 57 15 33 42 5 41 22 43 32 45 18 17 48 1 0 25 51
20 45 57 33 3 55 37 40 21 36 49 51 39 26 46 10 31 47 24 5 18 19 13 38 22 53 7 9 8 29 52 14 44 0 54 12 27 30 2 25 48 11 41 6 56 4 15 32 16 28 17 58 34 59 35 23 1 42 43 50
23 44 30 26 56 9 13 31 28 59 36 53 6 10 35 2 34 3 27 12 7 8 16 39 40 54 49 21 14 37 58 24 4 47 38 11 29 55 52 19 46 20 50 57 15 33 42 5 41 22 43 32 45 18 17 48 1 0 25 51
20 45 57 33 3 55 37 40 21 36 49 51 39 26 46 10 31 47 24 5 18 19 13 38 22 53 7 9 8 29 52 14 44 0 54 12 27 30 2 25 48 11 41 6 56 4 15 32 16 28 17 58 34 59 35 23 1 42 43 50
10321815038447319736 1024
35 38 22 43 52 58 5 21 16 41 46 42 6 39 27 31 33 40 26 17 15 4 49 44 54 59 30 12 51 11 57 47 56 37 3 8 34 20 50 53 13 0 55 18 32 9 24 45 10 29 2 48 19 7 25 1 28 36 23 14
8 48 47 21 59 32 11 37 23 49 57 34 40 50 16 46 55 25 39 33 38 27 58 3 51 43 45 12 52 6 19 20 36 54 17 31 10 35 5 18 1 42 28 53 13 7 56 14 26 30 44 4 29 24 9 2 15 0 22 41
35 38 22 54 52 58 5 21 16 41 46 42 6 39 27 31 33 40 26 17 15 4 49 44 43 59 30 12 51 11 57 47 56 37 3 8 34 20 50 53 13 0 48 18 32 9 24 45 10 29 2 55 19 7 25 1 28 36 23 14
8 48 47 21 59 32 11 37 23 49 57 34 24 50 14 46 55 25 39 33 38 27 58 3 51 43 45 12 4 6 19 20 36 54 17 31 10 35 5 18 1 42 28 53 13 7 56 16 26 30 44 52 29 40 9 2 15 0 22 41
18187964092286060548 1024
54 38 3 39 24 9 13 31 35 25 41 45 28 23 6 8 11 47 10 50 57 17 16 4 51 12 53 21 30 48 27 34 40 2 44 14 49 19 52 26 18 0 33 46 55 1 56 15 36 58 42 29 20 43 5 32 7 37 22 59
6 42 33 52 46 34 27 28 8 51 26 12 14 30 16 59 47 39 24 50 49 58 41 45 31 3 13 5 0 40 19 57 20 56 43 35 38 44 54 15 23 2 9 11 48 21 53 17 7 29 22 32 36 25 55 10 4 1 18 37
54 38 3 39 24 9 13 31 35 25 41 45 28 23 6 8 11 47 10 50 57 17 16 4 51 12 53 21 30 48 27 34 40 2 44 14 49 19 52 26 18 0 33 46 55 1 56 15 36 58 42 29 20 43 5 32 7 37 22 59
6 42 33 52 46 34 27 28 8 51 26 12 14 30 16 55 47 39 24 50 49 58 41 45 31 3 13 5 0 40 19 57 20 56 43 35 38 44 54 15 23 2 9 11 48 21 53 17 7 29 22 32 36 25 59 10 4 1 18 37
15556945475676157430 1024
9 43 40 59 24 26 14 20 16 30 48 25 19 13 33 56 2 35 45 27 0 54 57 47 18 42 8 52 4 32 41 44 46 5 11 12 1 15 31 53 38 22 39 6 49 50 23 3 34 10 51 36 28 7 29 17 21 55 37 58
44 39 21 53 10 34 9 43 31 38 56 36 49 32 27 41 25 54 13 30 50 14 55 20 28 59 58 45 35 18 16 4 52 47 23 7 17 46 37 40 6 5 3 12 26 48 24 0 42 2 8 33 51 1 29 57 19 11 22 15
9 43 40 59 24 26 14 20 16 30 48 25 19 13 33 56 2 35 45 27 0 54 57 47 18 42 8 52 4 32 41 44 46 5 11 12 1 15 31 53 38 22 39 6 49 50 23 3 34 10 51 36 28 7 29 17 21 55 37 58
44 39 21 53 10 34 9 43 31 38 56 36 49 32 27 41 25 18 13 30 50 14 55 20 28 59 58 45 35 54 16 4 52 47 23 7 17 46 37 40 6 5 3 12 26 48 24 0 42 2 8 33 51 1 29 57 19 11 22 15
17054490195769944459 1024
12 32 29 0 58 34 6 41 54 27 21 51 30 50 20 8 45 4 35 52 56 17 47 23 14 43 7 2 53 11 46 44 55 22 3 5 1 59 28 13 25 57 24 39 9 31 42 16 19 18 38 49 36 10 15 33 26 40 48 37
49 37 29 34 48 27 54 31 17 25 52 4 40 23 30 32 41 45 47 33 9 2 10 20 35 50 13 38 56 15 11 39 42 19 24 59 51 53 14 0 5 12 7 18 16 22 1 55 8 57 44 26 21 46 58 3 28 6 36 43
12 32 29 0 58 15 6 41 54 27 21 51 30 50 20 8 45 4 35 52 56 17 47 23 14 43 7 2 53 11 46 44 55 22 3 5 1 59 28 13 25 57 24 39 9 31 42 16 19 18 38 49 36 10 34 33 26 40 48 37
49 37 29 34 48 27 54 31 17 12 52 4 40 23 30 32 41 45 47 33 9 2 10 20 35 50 13 38 56 15 11 39 42 19 24 59 51 53 14 0 5 25 7 18 16 22 1 55 8 57 44 26 21 46 58 3 28 6 36 43
17852777216548106750 1024
5 40 6 49 19 21 52 47 58 32 51 36 14 56 20 53 41 0 33 44 12 31 48 29 13 39 26 7 1 11 46 3 9 16 57 45 55 38 59 17 23 22 42 35 54 4 15 25 24 34 2 10 8 50 27 18 30 28 43 37
55 45 22 9 38 1 42 17 54 19 58 32 6 20 47 40 31 41 21 4 25 26 39 3 43 36 48 16 28 14 12 57 51 46 5 15 0 53 56 35 11 50 49 52 30 29 59 7 34 8 18 23 10 27 13 33 37 2 24 44
5 40 6 49 19 21 52 47 58 32 51 36 14 56 27 53 41 0 33 44 12 31 48 9 13 39 26 7 1 20 46 3 29 16 57 45 55 38 59 17 23 22 42 35 54 4 15 25 24 34 2 10 8 50 11 18 30 28 43 37
55 45 22 9 38 1 42 17 54 19 58 32 6 20 47 40 31 41 21 4 25 26 39 3 43 36 48 16 28 14 12 57 51 46 5 15 0 53 56 35 11 50 49 52 30 29 59 7 34 8 18 23 10 27 13 33 37 2 24 44
2328848608103425786 1024
53 9 44 52 34 21 42 40 11 17 47 46 51 33 20 57 14 54 4 6 58 3 29 28 23 10 39 36 0 56 43 41 37 19 16 49 22 25 1 55 31 38 12 32 35 50 27 5 18 45 48 59 8 2 13 24 7 15 26 30
59 50 12 29 25 21 39 31 2 27 23 49 32 11 20 51 55 40 45 0 14 7 19 46 54 37 3 30 18 9 52 17 48 8 13 43 41 6 5 47 22 58 24 53 26 44 4 36 33 42 56 15 57 1 34 38 28 16 10 35
53 9 44 52 34 21 42 40 11 17 47 46 51 33 20 57 14 54 4 38 58 3 29 28 23 10 39 36 0 56 43 41 37 19 16 49 22 25 1 55 31 6 12 32 35 50 27 5 18 45 48 59 8 2 13 24 7 15 26 30
59 50 12 29 25 21 39 31 2 27 23 49 32 11 45 51 55 40 20 0 14 7 19 46 54 37 5 30 18 9 52 17 48 8 13 43 41 6 3 47 22 58 24 53 26 44 4 36 33 42 56 15 57 1 34 38 28 16 10 35
14711889104593768773 1024
12 21 30 6 59 58 43 27 1 37 3 19 32 24 35 38 40 39 50 0 15 51 26 48 46 55 53 7 8 17 47 5 36 18 33 57 22 9 41 45 49 52 29 13 31 23 14 34 56 2 44 10 16 28 20 54 25 4 11 42
44 24 47 35 1 54 41 56 49 7 45 13 4 37 23 50 25 51 32 16 58 26 19 59 55 9 48 12 6 57 42 34 11 39 46 53 40 10 31 15 52 38 33 5 14 29 0 18 3 21 17 30 28 2 43 27 8 22 20 36
12 21 30 6 59 58 43 27 1 37 3 19 32 24 35 38 40 39 50 0 15 51 26 48 46 55 53 7 8 17 47 5 36 18 33 57 22 9 41 45 49 52 29 13 31 23 14 34 56 2 44 10 16 28 20 54 25 4 11 42
44 24 47 35 1 54 41 56 49 7 45 13 4 37 23 50 25 51 32 16 58 26 19 59 55 9 48 12 6 57 42 34 11 39 46 53 40 10 31 15 52 38 33 5 14 29 0 18 3 21 17 30 28 2 43 27 8 22 20 36
17249870490058247319 1024
40 3 57 23 47 33 13 51 24 53 41 50 42 25 18 16 55 32 30 58 52 7 45 27 9 8 54 48 59 34 39 19 1 43 44 12 2 5 26 21 37 11 29 31 56 14 10 35 15 20 6 38 36 46 17 0 28 22 4 49
49 20 19 26 44 47 2 58 33 4 15 35 59 6 34 21 30 36 27 45 53 55 11 24 9 57 0 40 48 14 37 8 13 42 38 52 25 28 5 51 16 31 7 56 54 43 29 22 41 18 50 1 32 23 17 39 46 12 3 10
40 3 57 23 27 33 13 51 24 53 41 50 42 25 18 16 55 32 30 58 31 7 45 47 9 8 54 48 59 34 39 19 1 43 44 12 2 5 26 21 37 11 29 52 56 14 10 35 15 49 6 38 36 46 17 0 28 22 4 20
49 20 19 26 52 47 2 58 33 4 15 35 59 6 34 21 30 36 27 45 53 55 11 24 9 57 0 40 48 14 37 8 13 42 38 44 25 28 5 51 16 31 7 56 54 43 29 22 41 18 50 1 32 23 17 39 46 12 3 10
6747200409005909446 1024
23 41 5 49 28 47 34 26 17 44 19 12 20 25 32 33 36 54 42 52 59 48 40 46 38 22 31 39 16 56 27 3 43 18 1 53 21 58 4 30 14 35 7 15 8 13 0 37 51 29 24 2 10 9 57 6 45 11 55 50
29 26 27 21 3 48 31 34 15 39 47 44 11 52 40 30 58 25 49 35 17 55 20 18 14 54 2 4 7 8 51 1 43 5 13 38 22 57 0 50 28 37 46 45 36 12 32 10 6 59 42 53 41 33 23 16 9 24 56 19
26 41 5 49 28 3 34 50 17 44 19 12 20 25 32 33 36 54 42 52 59 48 40 6 38 21 31 39 16 56 27 47 43 18 1 53 23 58 4 30 14 35 7 15 8 13 0 37 51 29 24 2 10 9 57 46 45 11 55 22
42 26 27 21 3 48 31 34 15 39 47 44 11 52 40 30 58 25 49 35 17 55 20 18 14 54 2 4 7 8 51 1 43 5 13 38 22 57 0 50 28 37 46 45 36 12 32 10 6 59 29 53 41 33 23 16 9 24 56 19
15982571535069720296 1024
51 59 18 43 35 45 5 40 38 22 39 37 32 52 46 24 41 47 30 49 14 17 56 21 8 55 3 29 57 58 48 2 1 11 25 15 53 9 42 23 7 20 27 44 19 10 26 4 13 36 16 28 12 34 31 33 0 54 50 6
4 44 20 39 26 1 55 3 53 32 38 48 45 28 24 22 33 34 13 57 54 58 16 42 41 27 11 23 15 17 46 56 8 19 9 29 51 7 52 10 30 12 14 47 6 5 31 25 59 43 2 0 18 35 40 37 21 50 49 36
51 59 18 43 35 45 5 40 38 22 39 37 32 52 46 24 41 47 30 49 14 17 56 21 8 55 3 29 57 58 48 2 1 11 25 15 53 9 42 23 7 20 27 44 19 10 26 4 13 36 16 28 12 34 31 33 0 54 50 6
4 44 20 39 26 1 55 3 53 32 38 48 45 28 24 22 33 34 13 57 54 58 16 42 41 27 11 23 15 17 46 56 8 19 9 29 51 7 52 10 30 12 14 47 6 5 31 25 59 43 2 0 18 35 40 37 21 50 49 36
17558774581372858034 1024
29 41 23 25 58 34 5 42 6 20 40 36 57 33 12 45 30 56 27 43 50 14 52 9 13 53 44 39 54 7 22 55 16 46 31 32 1 24 4 19 11 17 28 8 51 3 48 2 26 47 59 49 38 10 18 0 21 15 37 35
43 53 59 5 47 1 16 24 28 18 36 48 25 50 44 12 41 7 13 33 52 45 40 32 57 9 14 22 54 11 35 46 55 2 49 19 58 42 26 34 0 38 10 23 4 51 56 39 30 21 8 37 3 20 17 6 31 27 29 15
29 41 23 25 58 34 5 42 6 20 40 36 57 31 12 45 30 56 27 43 50 14 52 9 13 53 44 39 54 7 22 55 16 46 33 32 2 24 4 19 11 17 28 8 51 3 48 1 26 47 59 49 38 10 18 0 21 15 37 35
43 53 59 1 47 57 16 24 28 18 36 48 25 50 44 12 41 7 31 33 52 45 40 32 5 9 14 22 54 11 35 46 55 2 49 19 58 42 26 34 0 38 10 23 4 51 56 39 30 21 8 37 3 20 17 6 13 27 29 15
7642046845051360594 1024
43 8 9 45 41 20 34 22 38 48 6 4 32 58 28 21 50 27 52 15 0 56 59 36 51 55 25 11 19 44 26 53 14 40 29 39 46 24 37 12 30 49 17 35 10 42 1 23 16 31 13 57 33 54 47 7 5 2 18 3
59 45 23 4 57 33 18 36 43 24 41 55 50 16 10 26 31 8 21 32 56 0 39 42 44 14 5 3 7 52 28 54 46 9 48 49 17 13 38 20 1 19 29 58 51 34 25 15 40 47 53 27 37 35 30 6 22 11 12 2
43 8 9 45 41 20 34 22 38 48 6 4 32 58 28 21 50 27 52 15 0 56 59 36 51 55 25 11 19 44 26 53 14 40 29 39 46 24 37 12 30 49 17 35 10 42 1 23 16 31 13 57 33 54 47 7 5 2 18 3
59 45 23 4 57 33 18 36 43 24 41 55 50 16 10 26 31 8 21 32 56 0 39 42 44 14 5 3 7 52 28 54 46 9 48 49 17 13 38 20 1 19 29 58 51 34 25 15 40 47 53 27 37 35 30 6 22 11 12 2
16648265970952515788 1024
24 13 51 37 32 28 56 29 21 31 43 36 10 22 33 17 41 50 35 25 5 34 40 3 49 59 52 14 38 7 11 20 9 45 46 55 8 27 16 4 15 30 18 19 42 23 48 6 44 2 0 47 54 57 58 39 1 26 53 12
29 39 25 24 50 33 42 19 31 20 44 55 23 36 45 56 30 46 0 41 51 54 32 27 8 37 15 7 13 11 47 4 40 22 6 52 17 34 9 1 28 48 57 3 26 18 53 58 2 38 21 14 35 59 12 43 16 5 49 10
24 13 51 37 32 28 56 29 21 31 43 36 10 22 33 17 41 50 35 25 5 34 40 3 49 59 52 14 38 7 11 20 9 45 46 55 8 27 16 4 15 30 18 19 42 23 48 6 44 2 0 47 54 57 58 39 1 26 53 12
29 39 25 24 50 33 42 19 31 20 44 55 23 36 45 56 30 46 0 41 51 54 32 27 18 37 15 7 13 11 47 4 40 22 6 52 17 34 9 1 28 48 57 3 26 8 53 58 2 38 21 14 35 59 12 43 16 5 49 10
4133296203462709460 1024
6 48 5 1 46 59 23 33 28 21 51 45 10 40 22 36 38 43 34 17 12 0 14 31 58 41 44 30 55 57 39 11 54 26 18 37 25 56 35 2 13 49 16 20 29 50 52 53 3 15 9 32 42 27 47 8 7 19 4 24
43 39 27 58 32 46 51 9 29 37 19 38 34 49 47 56 42 26 23 41 17 24 53 40 6 0 4 36 22 57 18 3 31 55 13 11 14 59 1 2 48 54 8 5 15 30 20 7 28 21 44 16 25 12 33 10 50 52 35 45
6 48 5 1 46 59 23 33 36 21 51 45 10 40 28 22 38 43 34 17 12 0 14 31 58 41 44 30 47 57 39 11 54 26 18 37 25 56 35 2 13 49 16 20 29 50 52 53 3 15 9 32 42 27 55 8 7 19 4 24
43 39 27 58 32 46 51 9 29 37 19 38 34 49 47 56 42 26 23 41 17 24 53 40 6 0 4 36 22 57 18 3 31 55 13 11 14 59 1 2 48 54 8 5 15 30 20 7 28 21 44 16 25 12 33 10 50 52 35 45
752127717163298316 1024
43 14 58 34 44 22 40 23 57 35 2 36 55 16 30 29 26 15 21 39 48 45 12 7 54 51 49 8 0 33 41 9 13 46 56 52 53 10 4 28 11 38 32 6 1 59 18 42 19 50 20 17 37 25 47 24 31 27 3 5
37 3 53 43 22 56 48 59 34 20 45 35 27 44 58 11 0 40 42 31 9 51 24 57 18 49 54 25 30 19 5 46 39 6 50 52 32 23 10 26 8 14 38 17 55 4 1 33 41 47 12 13 29 28 7 2 21 15 16 36
43 14 58 34 44 49 40 23 57 35 2 36 55 16 30 29 26 15 21 39 48 45 12 7 54 51 22 8 0 33 41 9 13 46 56 52 53 10 4 28 11 38 32 6 1 59 18 42 19 50 20 17 37 25 47 24 31 27 3 5
37 3 53 43 27 56 48 59 34 20 45 35 22 44 58 11 0 40 42 31 9 51 24 57 18 49 54 1 30 19 5 46 39 6 50 52 32 23 10 26 8 14 38 17 55 4 25 33 41 47 12 13 29 28 7 2 21 15 16 36
