FACTOR_PERMUTATION_V1 12 16 1024 1 1
10 0 1 1 1 1 1 1 1 1 1 1 1 0 2 2 2 2 1 2 2 2 2 2 1 0 2 2 2 2 1 2 2 2 2 2
0 10 1 1 1 1 1 1 1 1 1 1 0 1 2 2 2 2 2 1 2 2 2 2 0 1 2 2 2 2 2 1 2 2 2 2
1 1 10 0 1 1 1 1 1 1 1 1 2 2 1 0 2 2 2 2 1 2 2 2 2 2 1 0 2 2 2 2 1 2 2 2
1 1 0 10 1 1 1 1 1 1 1 1 2 2 0 1 2 2 2 2 2 1 2 2 2 2 0 1 2 2 2 2 2 1 2 2
1 1 1 1 10 0 1 1 1 1 1 1 2 2 2 2 1 0 2 2 2 2 1 2 2 2 2 2 1 0 2 2 2 2 1 2
1 1 1 1 0 10 1 1 1 1 1 1 2 2 2 2 0 1 2 2 2 2 2 1 2 2 2 2 0 1 2 2 2 2 2 1
1 1 1 1 1 1 10 0 1 1 1 1 1 2 2 2 2 2 1 0 2 2 2 2 1 2 2 2 2 2 1 0 2 2 2 2
1 1 1 1 1 1 0 10 1 1 1 1 2 1 2 2 2 2 0 1 2 2 2 2 2 1 2 2 2 2 0 1 2 2 2 2
1 1 1 1 1 1 1 1 10 0 1 1 2 2 1 2 2 2 2 2 1 0 2 2 2 2 1 2 2 2 2 2 1 0 2 2
1 1 1 1 1 1 1 1 0 10 1 1 2 2 2 1 2 2 2 2 0 1 2 2 2 2 2 1 2 2 2 2 0 1 2 2
1 1 1 1 1 1 1 1 1 1 10 0 2 2 2 2 1 2 2 2 2 2 1 0 2 2 2 2 1 2 2 2 2 2 1 0
1 1 1 1 1 1 1 1 1 1 0 10 2 2 2 2 2 1 2 2 2 2 0 1 2 2 2 2 2 1 2 2 2 2 0 1
1 0 2 2 2 2 1 2 2 2 2 2 10 0 1 1 1 1 1 1 1 1 1 1 1 2 2 2 2 2 1 0 2 2 2 2
0 1 2 2 2 2 2 1 2 2 2 2 0 10 1 1 1 1 1 1 1 1 1 1 2 1 2 2 2 2 0 1 2 2 2 2
2 2 1 0 2 2 2 2 1 2 2 2 1 1 10 0 1 1 1 1 1 1 1 1 2 2 1 2 2 2 2 2 1 0 2 2
2 2 0 1 2 2 2 2 2 1 2 2 1 1 0 10 1 1 1 1 1 1 1 1 2 2 2 1 2 2 2 2 0 1 2 2
2 2 2 2 1 0 2 2 2 2 1 2 1 1 1 1 10 0 1 1 1 1 1 1 2 2 2 2 1 2 2 2 2 2 1 0
2 2 2 2 0 1 2 2 2 2 2 1 1 1 1 1 0 10 1 1 1 1 1 1 2 2 2 2 2 1 2 2 2 2 0 1
1 2 2 2 2 2 1 0 2 2 2 2 1 1 1 1 1 1 10 0 1 1 1 1 1 0 2 2 2 2 1 2 2 2 2 2
2 1 2 2 2 2 0 1 2 2 2 2 1 1 1 1 1 1 0 10 1 1 1 1 0 1 2 2 2 2 2 1 2 2 2 2
2 2 1 2 2 2 2 2 1 0 2 2 1 1 1 1 1 1 1 1 10 0 1 1 2 2 1 0 2 2 2 2 1 2 2 2
2 2 2 1 2 2 2 2 0 1 2 2 1 1 1 1 1 1 1 1 0 10 1 1 2 2 0 1 2 2 2 2 2 1 2 2
2 2 2 2 1 2 2 2 2 2 1 0 1 1 1 1 1 1 1 1 1 1 10 0 2 2 2 2 1 0 2 2 2 2 1 2
2 2 2 2 2 1 2 2 2 2 0 1 1 1 1 1 1 1 1 1 1 1 0 10 2 2 2 2 0 1 2 2 2 2 2 1
1 0 2 2 2 2 1 2 2 2 2 2 1 2 2 2 2 2 1 0 2 2 2 2 10 0 1 1 1 1 1 1 1 1 1 1
0 1 2 2 2 2 2 1 2 2 2 2 2 1 2 2 2 2 0 1 2 2 2 2 0 10 1 1 1 1 1 1 1 1 1 1
2 2 1 0 2 2 2 2 1 2 2 2 2 2 1 2 2 2 2 2 1 0 2 2 1 1 10 0 1 1 1 1 1 1 1 1
2 2 0 1 2 2 2 2 2 1 2 2 2 2 2 1 2 2 2 2 0 1 2 2 1 1 0 10 1 1 1 1 1 1 1 1
2 2 2 2 1 0 2 2 2 2 1 2 2 2 2 2 1 2 2 2 2 2 1 0 1 1 1 1 10 0 1 1 1 1 1 1
2 2 2 2 0 1 2 2 2 2 2 1 2 2 2 2 2 1 2 2 2 2 0 1 1 1 1 1 0 10 1 1 1 1 1 1
1 2 2 2 2 2 1 0 2 2 2 2 1 0 2 2 2 2 1 2 2 2 2 2 1 1 1 1 1 1 10 0 1 1 1 1
2 1 2 2 2 2 0 1 2 2 2 2 0 1 2 2 2 2 2 1 2 2 2 2 1 1 1 1 1 1 0 10 1 1 1 1
2 2 1 2 2 2 2 2 1 0 2 2 2 2 1 0 2 2 2 2 1 2 2 2 1 1 1 1 1 1 1 1 10 0 1 1
2 2 2 1 2 2 2 2 0 1 2 2 2 2 0 1 2 2 2 2 2 1 2 2 1 1 1 1 1 1 1 1 0 10 1 1
2 2 2 2 1 2 2 2 2 2 1 0 2 2 2 2 1 0 2 2 2 2 1 2 1 1 1 1 1 1 1 1 1 1 10 0
2 2 2 2 2 1 2 2 2 2 0 1 2 2 2 2 0 1 2 2 2 2 2 1 1 1 1 1 1 1 1 1 1 1 0 10
0 2
0 3
0 4
0 5
0 6
0 7
0 8
0 9
0 10
0 11
1 2
1 3
1 4
1 5
1 6
1 7
1 8
1 9
1 10
1 11
2 4
2 5
2 6
2 7
2 8
2 9
2 10
2 11
3 4
3 5
3 6
3 7
3 8
3 9
3 10
3 11
4 6
4 7
4 8
4 9
4 10
4 11
5 6
5 7
5 8
5 9
5 10
5 11
6 8
6 9
6 10
6 11
7 8
7 9
7 10
7 11
8 10
8 11
9 10
9 11
0 2
0 3
0 4
0 5
0 6
0 7
0 8
0 9
0 10
0 11
1 2
1 3
1 4
1 5
1 6
1 7
1 8
1 9
1 10
1 11
2 4
2 5
2 6
2 7
2 8
2 9
2 10
2 11
3 4
3 5
3 6
3 7
3 8
3 9
3 10
3 11
4 6
4 7
4 8
4 9
4 10
4 11
5 6
5 7
5 8
5 9
5 10
5 11
6 8
6 9
6 10
6 11
7 8
7 9
7 10
7 11
8 10
8 11
9 10
9 11
0 2
0 3
0 4
0 5
0 6
0 7
0 8
0 9
0 10
0 11
1 2
1 3
1 4
1 5
1 6
1 7
1 8
1 9
1 10
1 11
2 4
2 5
2 6
2 7
2 8
2 9
2 10
2 11
3 4
3 5
3 6
3 7
3 8
3 9
3 10
3 11
4 6
4 7
4 8
4 9
4 10
4 11
5 6
5 7
5 8
5 9
5 10
5 11
6 8
6 9
6 10
6 11
7 8
7 9
7 10
7 11
8 10
8 11
9 10
9 11
17810703623536507269 7168
31 40 26 57 38 3 13 33 53 59 51 43 23 27 32 2 46 45 16 36 7 8 10 39 50 54 49 44 14 37 58 24 4 47 6 11 28 25 52 9 42 55 30 34 15 22 29 5 41 21 56 19 35 18 17 48 1 0 12 20
45 34 48 59 3 53 2 54 21 36 46 57 39 31 50 20 33 42 24 5 19 10 1 38 22 55 7 51 30 49 52 13 56 0 40 12 27 8 37 25 44 11 41 6 26 18 15 32 16 28 17 58 29 9 35 23 4 47 43 14
31 40 23 57 38 3 13 33 53 59 51 43 26 27 32 2 46 45 16 36 7 8 10 39 50 54 49 44 14 37 58 24 4 47 6 11 28 25 52 9 42 55 30 34 15 22 29 5 41 21 56 19 35 18 17 48 1 0 12 20
45 34 48 59 3 53 2 54 21 36 46 57 39 31 50 20 33 42 24 5 19 10 1 38 22 55 7 51 30 49 52 13 56 0 40 12 27 8 37 25 44 11 41 6 26 18 15 32 16 28 17 58 29 9 35 23 4 47 43 14
10609710714674067252 7168
59 38 26 51 52 28 3 21 16 58 48 17 57 54 27 31 35 22 39 44 15 0 40 46 5 41 43 6 36 47 34 13 56 1 4 23 49 20 42 53 11 9 2 30 32 18 24 45 10 29 7 12 19 8 25 33 50 37 55 14
50 3 27 26 59 32 11 20 23 52 37 34 25 51 16 46 55 42 39 33 38 43 53 1 57 18 45 8 48 6 19 41 36 54 17 30 35 15 5 12 4 49 28 58 13 7 56 14 40 22 44 21 29 24 9 2 10 0 31 47
59 38 26 51 52 28 3 21 16 58 48 17 57 54 27 31 35 22 39 44 15 0 40 46 5 41 43 6 36 47 34 13 56 1 4 23 49 20 42 53 11 9 2 30 32 18 24 45 10 29 7 12 19 8 25 33 50 37 55 14
50 3 43 26 59 32 11 20 23 52 37 34 25 51 16 46 55 42 39 33 38 27 53 1 57 18 45 8 48 6 19 41 36 54 17 30 35 15 5 12 4 49 28 58 13 7 56 14 40 22 44 21 29 24 9 2 10 0 31 47
13217501879513061972 7168
54 55 44 39 24 9 26 29 33 30 41 56 28 23 47 25 31 50 13 48 6 17 7 16 51 18 53 21 49 34 19 45 46 4 3 37 35 22 15 40 52 5 32 57 42 2 14 0 36 10 38 58 8 43 1 12 20 11 27 59
49 33 1 15 46 0 27 36 54 37 26 39 11 30 45 38 47 23 24 50 19 58 41 2 31 5 13 43 3 8 16 12 14 40 48 42 25 57 56 53 52 20 22 55 6 44 35 17 10 29 7 32 34 59 21 28 4 9 18 51
54 44 43 39 24 9 26 29 35 30 41 16 28 23 47 25 31 13 50 48 6 17 7 38 51 18 53 21 49 34 19 45 57 2 3 37 33 27 15 40 52 5 32 46 42 4 14 0 36 10 56 58 8 55 1 12 20 11 22 59
57 1 33 15 46 0 27 36 8 37 26 39 11 30 44 38 47 23 24 50 19 58 41 43 31 2 13 5 3 54 16 55 12 56 49 42 22 48 40 53 52 20 9 14 6 21 35 17 59 29 7 32 34 25 45 28 4 10 18 51
2805971721105911719 7168
55 39 34 6 59 1 19 26 46 52 42 40 22 5 28 25 18 35 45 24 7 21 16 41 8 12 50 0 4 57 47 44 29 48 15 37 2 56 27 43 38 31 58 11 30 14 23 17 54 10 51 13 20 53 33 9 32 36 3 49
59 39 9 43 1 34 26 23 42 38 22 16 32 58 21 41 31 50 13 30 51 52 40 10 12 3 2 45 56 18 6 7 55 47 46 4 17 25 36 28 5 37 48 20 35 49 11 0 27 19 53 33 8 54 44 57 14 29 24 15
55 39 34 6 59 1 19 26 46 52 42 40 22 5 28 25 18 35 45 24 7 21 16 41 8 12 50 0 4 57 47 44 29 48 15 37 2 56 27 43 38 31 58 11 30 14 23 17 54 10 51 13 20 53 33 9 32 36 3 49
59 39 9 43 1 34 32 23 50 38 22 16 26 58 21 41 31 42 13 30 51 52 40 10 12 3 2 45 35 18 6 7 55 47 46 4 17 25 36 28 5 37 48 20 56 49 11 0 27 19 53 33 8 54 44 57 14 29 24 15
13533555501533876553 7168
44 19 54 1 20 34 22 41 53 6 42 58 16 50 23 35 52 36 45 27 2 26 9 33 59 18 48 15 51 43 46 38 31 0 3 12 57 8 29 17 25 55 10 24 7 37 14 32 11 56 28 49 4 13 47 39 40 21 5 30
50 54 57 32 21 27 37 43 58 29 52 51 20 23 33 12 26 45 13 48 19 8 10 46 1 39 47 38 59 3 28 6 42 18 24 17 4 7 14 56 5 31 49 35 44 22 11 53 55 16 34 41 40 9 25 30 15 2 36 0
44 19 54 55 20 34 22 41 53 6 42 58 16 50 23 35 52 36 45 27 2 26 9 15 59 18 48 43 51 33 46 38 31 0 3 12 57 8 29 17 25 1 21 24 7 37 14 32 11 56 28 49 4 13 47 39 40 10 5 30
39 54 57 32 21 27 37 43 58 29 52 51 20 23 33 12 26 45 13 48 15 8 10 46 1 50 47 38 59 3 28 6 42 18 24 17 4 7 14 34 5 35 49 19 44 22 11 53 55 16 56 41 40 9 25 30 31 2 36 0
1570596823394319470 7168
58 37 28 4 27 21 52 47 36 32 57 42 50 56 2 53 19 10 33 29 12 3 48 35 13 39 26 7 6 11 46 45 5 51 16 41 17 55 59 23 0 22 9 38 54 49 15 25 20 34 24 31 8 14 44 18 30 1 43 40
55 45 22 56 24 35 40 5 2 19 58 30 57 31 59 50 32 41 21 20 26 10 39 3 43 36 14 44 37 18 6 38 47 46 4 15 17 11 9 48 1 23 49 52 0 29 16 8 34 54 13 28 12 27 7 33 53 51 25 42
58 37 28 4 27 21 52 9 36 32 57 42 50 54 2 53 19 10 33 29 12 3 48 35 13 39 26 7 6 11 46 45 5 51 16 41 17 55 59 23 0 22 47 38 56 49 15 25 20 34 24 31 8 14 44 18 30 1 43 40
55 45 22 56 24 35 40 5 2 19 58 30 57 31 59 50 32 41 21 20 26 10 39 3 43 36 14 16 37 18 6 38 47 46 4 15 17 11 9 48 1 23 49 52 0 29 44 7 34 8 13 28 12 27 54 33 53 51 25 42
8235858650037376970 7168
25 9 5 50 28 27 42 12 44 53 43 48 51 17 34 10 33 54 20 38 39 19 56 36 6 21 41 1 14 32 58 46 37 55 3 11 0 18 35 57 15 24 13 52 8 4 22 29 47 2 49 59 40 45 31 7 16 23 26 30
3 22 41 57 58 34 23 31 48 56 33 40 32 38 36 47 13 49 15 0 14 18 19 20 50 37 59 6 8 43 1 53 44 12 16 55 35 24 5 42 25 17 10 54 11 45 4 30 2 46 21 52 7 9 29 39 28 51 26 27
25 9 5 50 28 27 42 12 44 53 43 48 51 17 34 10 33 54 20 38 39 19 56 36 6 21 41 1 14 32 58 46 37 55 3 11 0 18 35 57 15 24 13 52 8 4 22 29 47 2 49 59 40 45 31 7 16 23 26 30
3 22 41 57 58 34 23 31 48 56 33 40 32 38 36 47 13 49 15 0 14 18 19 20 50 37 59 6 8 43 1 53 44 12 16 55 35 24 5 42 25 17 10 54 11 45 4 30 2 46 21 52 7 9 29 39 28 51 26 27
18240074124787078402 7168
12 21 30 6 40 58 25 27 3 52 45 57 38 22 29 13 31 7 50 39 15 9 26 48 18 43 55 2 8 14 17 1 37 56 53 51 41 0 19 59 49 24 46 54 34 23 16 33 32 36 44 10 47 28 20 35 5 4 11 42
45 4 47 54 24 28 50 9 33 38 44 18 22 52 37 56 36 51 34 59 58 46 19 39 55 23 48 2 6 57 40 35 31 42 13 53 30 10 32 15 5 41 49 7 14 29 0 16 3 26 17 1 27 8 43 25 12 21 20 11
12 21 30 6 40 58 25 27 3 52 45 57 38 22 29 13 31 7 50 39 15 9 26 48 18 43 55 2 8 14 17 1 37 56 53 51 41 0 19 59 49 24 46 54 34 23 16 33 32 36 44 10 47 28 20 35 5 4 11 42
45 4 47 54 24 28 50 9 33 38 44 18 22 52 37 56 36 51 34 59 58 46 19 39 55 23 48 2 6 57 40 35 31 42 13 53 30 10 32 15 5 41 49 7 14 29 0 16 3 26 17 1 27 8 43 25 12 21 20 11
15116612152931464756 7168
36 40 6 8 27 31 29 51 42 53 47 50 37 25 35 45 12 52 33 1 57 58 46 41 0 15 7 14 59 48 18 19 43 23 28 3 5 49 22 34 20 11 13 32 56 9 10 55 30 17 44 38 2 21 54 24 16 26 4 39
42 7 16 27 31 34 2 58 32 57 15 35 26 41 24 53 29 36 50 49 59 6 22 10 40 55 45 12 4 52 38 56 51 46 37 11 44 28 5 19 48 23 3 13 54 30 33 25 47 18 8 39 1 20 17 9 21 14 0 43
36 40 6 8 27 31 29 51 42 53 47 50 37 25 35 45 12 52 33 1 57 58 46 41 0 15 7 14 59 48 18 19 43 23 28 3 5 49 22 34 20 11 13 32 56 9 10 55 30 17 44 38 2 21 54 24 16 26 4 39
42 7 16 27 31 34 2 58 32 57 15 35 26 41 24 53 29 36 50 49 59 6 22 10 40 55 45 12 4 52 38 56 51 46 37 11 44 28 5 19 48 23 25 13 54 30 33 3 47 18 8 39 1 20 17 9 21 14 0 43
1235604914231623650 7168
23 49 52 22 28 47 46 12 17 44 19 42 27 25 32 45 41 54 37 36 39 48 58 40 5 14 3 57 16 56 8 38 43 34 1 53 13 26 35 2 4 30 7 31 50 21 18 9 51 29 24 15 0 59 33 6 10 11 55 20
46 57 27 34 1 53 31 36 3 39 35 38 30 52 40 51 18 59 22 44 17 55 20 26 48 54 7 4 8 14 9 45 11 49 13 37 24 6 5 43 28 50 58 2 21 15 32 10 25 19 42 33 41 29 23 16 12 47 56 0
23 49 52 22 28 47 40 58 17 44 19 42 27 25 32 45 41 54 37 36 39 48 12 46 5 14 3 57 16 56 8 38 43 1 30 53 13 26 35 2 4 33 7 31 50 21 18 9 51 29 24 15 0 59 34 6 10 11 55 20
46 6 27 34 19 53 31 36 3 39 35 38 30 52 40 51 18 59 49 44 17 55 20 26 48 54 7 4 8 14 57 45 11 22 13 37 24 9 5 43 28 50 58 2 25 15 32 10 21 1 42 33 41 29 23 16 12 47 56 0
8821324479381483061 7168
26 5 14 34 27 46 29 59 38 55 21 42 32 22 56 33 2 41 54 17 6 52 7 51 50 43 3 39 47 58 16 40 1 18 48 11 53 9 23 28 25 20 35 44 19 0 49 4 13 36 12 30 37 8 10 45 31 57 15 24
2 56 20 1 58 27 55 3 53 32 36 43 39 35 24 8 29 26 17 51 44 34 42 31 54 59 0 10 15 18 9 57 12 30 4 45 41 7 48 50 11 5 22 13 6 19 52 25 33 16 40 46 49 28 47 38 21 14 23 37
26 5 14 29 27 56 34 59 38 43 21 42 32 22 46 33 2 41 54 17 6 52 7 51 50 55 3 39 47 58 16 40 1 28 48 15 53 9 23 18 25 20 35 44 19 0 49 4 13 36 12 30 37 8 10 45 31 57 11 24
54 56 20 1 58 27 55 3 53 32 36 43 39 35 24 8 29 26 17 51 44 34 42 31 2 59 0 10 15 18 9 57 12 30 4 45 41 7 48 50 11 5 22 13 6 19 52 25 33 16 40 46 49 28 47 38 21 14 23 37
9013111901341554656 7168
29 9 25 53 18 34 55 42 6 20 36 16 57 33 39 45 30 56 0 23 54 48 52 27 7 2 13 22 49 43 50 5 40 4 31 32 1 24 12 19 11 38 28 8 51 26 14 3 46 47 59 17 44 10 58 41 21 15 37 35
43 24 48 9 59 20 49 57 34 37 58 36 19 50 44 39 35 23 13 28 16 45 40 1 12 51 38 22 31 11 41 46 8 2 42 7 56 47 29 53 0 14 10 55 26 4 52 33 30 21 54 3 6 18 17 32 5 27 25 15
29 9 25 53 18 34 55 42 6 20 36 16 57 33 39 45 30 56 0 23 54 48 52 27 7 2 13 4 49 43 22 5 40 50 31 32 1 24 12 19 11 38 28 8 51 26 14 3 46 47 59 17 44 10 58 41 21 15 37 35
43 24 48 9 59 20 49 57 34 37 58 36 19 50 44 39 35 23 13 28 16 45 40 1 12 51 38 22 31 11 41 46 54 2 42 7 56 47 29 53 0 14 10 55 26 4 52 33 30 21 8 3 6 18 17 32 5 27 25 15
6210385455621214308 7168
6 44 35 53 59 37 30 34 38 45 52 4 32 58 28 21 41 27 14 15 17 50 12 39 51 3 25 23 19 55 26 33 18 36 43 57 46 24 5 40 22 49 7 56 10 42 1 11 13 31 47 48 29 9 8 0 54 2 16 20
27 52 31 49 57 32 40 9 45 20 41 46 50 15 10 59 11 26 21 33 38 6 58 42 23 14 8 43 17 56 30 55 35 36 12 4 25 13 44 5 1 19 34 18 51 29 53 0 3 47 48 39 2 7 24 28 22 16 54 37
6 44 35 53 59 37 30 34 38 45 52 4 32 58 28 21 41 27 14 15 17 50 12 39 51 3 25 23 19 55 26 33 18 36 43 57 46 24 5 40 22 49 7 56 10 42 1 11 13 31 47 48 29 9 8 0 54 2 16 20
27 52 31 49 57 32 40 9 45 20 41 46 50 15 10 59 11 26 21 33 38 6 58 42 23 14 8 43 17 56 30 55 35 36 12 4 25 13 44 5 1 19 34 18 51 29 53 0 3 47 48 39 2 7 24 28 22 16 54 37
2710537546858329176 7168
10 8 5 59 48 39 28 29 21 52 45 14 35 22 58 56 20 24 38 31 53 13 37 3 30 18 49 51 36 2 44 40 17 34 54 57 46 27 16 4 15 7 50 19 43 23 32 6 47 41 0 11 1 55 33 25 9 26 42 12
19 46 59 0 56 43 42 7 28 20 44 41 15 30 33 34 36 47 25 52 51 4 39 27 13 37 54 1 58 31 14 6 40 22 3 55 11 24 5 2 32 48 57 45 23 18 8 17 38 29 21 26 35 50 12 9 16 53 49 10
10 8 5 59 48 39 28 29 21 52 45 14 35 22 58 56 20 24 38 31 53 13 37 3 30 18 49 51 36 2 44 40 17 34 54 57 46 27 16 4 15 7 50 19 43 23 32 6 47 41 0 11 1 55 33 25 9 26 42 12
19 46 59 0 56 43 42 7 28 20 44 41 15 30 33 50 36 47 25 52 51 4 39 27 13 37 54 1 58 31 14 6 40 22 3 55 11 24 5 2 32 48 57 45 23 18 8 17 38 29 21 26 35 34 12 9 16 53 49 10
14124136492866205149 7168
59 48 54 7 26 32 37 45 30 21 58 36 24 27 49 43 6 47 31 11 12 3 42 34 22 15 44 23 29 5 35 13 9 40 18 55 25 57 28 17 51 14 16 33 46 50 10 52 1 41 2 38 20 0 39 8 53 19 56 4
52 39 57 58 29 37 50 36 21 1 19 32 56 49 47 38 42 26 23 28 10 24 53 8 40 45 4 51 14 34 46 35 9 55 6 12 22 59 7 2 31 54 18 5 15 30 20 3 41 0 33 16 43 13 44 25 11 48 17 27
59 48 54 7 26 32 37 45 30 21 58 36 24 27 49 43 6 47 31 11 12 3 42 34 22 15 44 23 29 5 35 13 9 40 18 55 25 57 28 17 51 14 16 33 46 50 10 52 1 41 2 38 20 0 39 8 53 19 56 4
52 39 57 58 29 37 50 36 21 1 19 32 56 49 47 38 42 26 23 28 10 24 53 8 40 45 4 51 14 34 46 35 9 55 6 12 22 59 7 2 31 54 18 5 15 30 20 3 41 0 33 16 43 13 44 25 11 48 17 27
14044171489000549692 7168
43 4 58 32 44 27 36 46 52 35 8 48 55 10 30 29 26 12 45 33 57 21 18 17 40 51 49 2 0 53 41 28 13 23 56 15 16 22 14 34 11 38 54 6 9 59 50 42 47 25 20 39 37 19 7 24 31 1 3 5
39 47 6 43 22 2 48 35 54 10 45 41 52 11 26 12 50 0 51 31 9 8 59 56 15 42 37 20 30 18 58 3 5 55 17 38 44 23 34 40 49 14 24 33 27 36 1 53 32 13 28 7 29 25 46 57 21 19 16 4
43 4 58 32 44 27 36 46 52 35 2 48 55 16 30 29 26 12 45 33 57 21 18 17 40 51 49 8 0 53 41 34 13 23 56 15 10 22 14 28 11 38 54 7 1 59 50 42 47 25 20 39 37 19 6 24 31 9 3 5
39 47 6 43 22 56 48 35 58 25 45 41 52 44 26 12 50 0 51 31 9 8 59 57 15 42 37 20 30 18 54 3 5 55 17 38 11 23 34 40 49 14 24 33 27 36 1 53 32 13 28 7 29 10 46 2 21 19 16 4
