C99OVERLAPS1 101
0 9 0 15 0 33 0 39 1 4 1 23 1 32 1 38 2 10 2 16 2 25 2 31 3 4 3 15 3 31 3 41 4 50 4 57 5 12 5 22 5 27 5 53 6 9 6 19 6 26 6 58 7 17 7 23 7 45 7 51 8 14 8 21 8 47 8 60 9 28 9 63 10 20 10 66 10 68 11 13 11 18 11 46 11 71 12 19 12 51 12 72 13 17 13 49 13 76 14 22 14 75 14 76 15 32 15 61 16 20 16 36 16 82 17 54 17 83 18 21 18 55 18 66 19 64 19 73 20 42 20 81 21 40 21 79 22 56 22 71 23 69 23 76 24 32 24 38 24 45 24 51 25 43 25 44 25 55 26 29 26 43 26 55 27 28 27 35 27 57 28 36 28 65 29 40 29 66 29 68 30 34 30 40 30 46 30 70 31 61 31 62 32 48 33 42 33 62 33 63 34 37 34 50 34 78 35 36 35 73 35 78 36 67 37 41 37 72 37 82 38 53 38 74 39 42 39 52 39 67 40 78 41 59 41 80 42 79 43 68 43 81 44 52 44 61 44 62 45 64 45 67 46 56 46 58 47 50 47 52 47 70 48 53 48 54 48 74 49 56 49 59 49 77 50 63 51 74 52 81 53 65 54 59 54 80 55 75 56 83 57 70 57 71 58 77 58 82 59 78 60 67 60 73 60 79 61 72 62 77 63 69 64 69 64 72 65 71 65 81 66 73 68 80 69 82 70 76 74 83 75 79 75 80 77 83
0 9 0 15 0 33 0 39 1 5 1 22 1 32 1 39 2 4 2 10 2 25 2 30 3 15 3 17 3 30 3 40 4 13 4 56 4 58 5 23 5 27 5 52 6 8 6 23 6 24 6 50 7 16 7 19 7 45 7 50 8 21 8 45 8 61 9 14 9 46 9 71 10 20 10 67 10 69 11 13 11 18 11 28 11 62 12 16 12 19 12 75 12 77 13 49 13 77 14 22 14 49 14 72 15 32 15 61 16 64 16 82 17 20 17 54 17 73 18 21 18 36 18 55 19 66 19 83 20 42 20 81 21 71 21 78 22 56 22 69 23 40 23 79 24 32 24 38 24 51 25 42 25 54 25 57 26 29 26 43 26 45 26 54 27 28 27 35 27 44 28 41 28 64 29 36 29 66 29 69 30 46 30 70 31 34 31 41 31 61 31 63 32 48 33 43 33 60 33 63 34 36 34 50 34 79 35 37 35 72 35 78 36 67 37 40 37 72 37 82 38 42 38 53 38 72 39 52 39 65 40 76 41 57 41 68 42 79 43 80 43 83 44 52 44 60 44 63 45 67 46 51 46 56 47 53 47 58 47 64 47 70 48 55 48 57 48 61 49 53 49 59 50 74 51 75 51 76 52 81 53 67 54 80 55 59 55 75 56 77 57 70 58 82 58 83 59 69 59 76 60 66 60 76 62 68 62 73 62 78 63 73 64 73 65 68 65 71 65 81 66 74 68 80 70 78 71 82 74 79 74 83 75 80 77 81
0 9 0 15 0 25 0 30 1 4 1 23 1 32 1 39 2 4 2 10 2 33 2 39 3 15 3 16 3 30 3 41 4 26 4 59 5 13 5 22 5 25 5 52 6 8 6 23 6 50 6 56 7 17 7 18 7 44 7 50 8 21 8 45 8 61 9 14 9 46 9 62 10 20 10 66 10 69 11 12 11 19 11 28 11 71 12 16 12 49 12 76 13 18 13 51 13 76 14 22 14 72 14 75 15 32 15 61 16 38 16 83 17 20 17 66 17 73 18 55 18 64 19 21 19 54 19 83 20 42 20 81 21 42 21 77 22 56 22 71 23 69 23 76 24 32 24 38 24 44 24 51 25 42 25 57 26 29 26 43 26 54 27 28 27 35 27 45 27 54 28 41 28 64 29 37 29 61 29 63 30 46 30 70 31 34 31 40 31 66 31 69 32 50 33 43 33 60 33 79 34 36 34 48 34 79 35 37 35 63 35 72 36 40 36 53 36 74 37 72 37 82 38 42 38 67 39 52 39 67 40 76 40 77 41 57 41 82 43 68 43 83 44 60 44 63 45 53 45 67 46 51 46 56 47 53 47 58 47 64 47 70 48 57 48 58 48 63 49 52 49 55 49 74 50 74 51 77 52 80 53 65 54 81 55 59 55 75 56 79 57 70 58 80 58 83 59 71 59 78 60 67 60 77 61 73 62 68 62 73 62 78 64 73 65 68 65 71 65 81 66 72 68 82 69 80 70 78 74 82 75 78 75 80 79 81
0 4 0 15 0 30 0 33 1 9 1 22 1 33 1 38 2 10 2 16 2 25 2 39 3 4 3 14 3 31 3 40 4 24 4 58 5 13 5 23 5 25 5 52 6 17 6 23 6 50 6 57 7 8 7 18 7 44 7 50 8 21 8 47 8 61 9 14 9 46 9 62 10 13 10 67 10 69 11 19 11 20 11 28 11 70 12 17 12 18 12 49 12 76 13 32 13 49 14 73 14 75 15 22 15 63 15 77 16 20 16 36 16 55 17 64 17 83 18 66 18 83 19 21 19 54 19 73 20 58 20 83 21 40 21 77 22 42 22 71 23 69 23 76 24 32 24 38 24 54 25 42 25 45 26 29 26 43 26 44 26 51 27 28 27 35 27 55 27 57 28 40 28 65 29 37 29 60 29 66 30 34 30 44 30 70 31 41 31 63 31 69 32 43 32 50 33 60 33 79 34 37 34 48 34 78 35 36 35 61 35 72 36 41 36 53 37 52 37 82 38 67 38 74 39 42 39 67 39 72 40 76 41 81 41 82 42 77 43 57 43 68 44 63 45 53 45 64 45 71 46 56 46 58 46 60 47 51 47 53 47 67 48 52 48 59 48 74 49 55 49 56 50 63 51 74 51 76 52 81 53 65 54 59 54 80 55 75 56 81 56 82 57 70 58 79 59 71 59 78 60 72 61 66 61 73 62 68 62 77 62 79 64 68 64 72 65 71 65 81 66 73 68 80 69 80 70 78 74 82 75 78 75 80 79 83
0 4 0 15 0 24 0 30 1 8 1 23 1 32 1 39 2 4 2 10 2 33 2 38 3 14 3 16 3 30 3 40 4 56 4 58 5 13 5 22 5 50 5 52 6 17 6 18 6 24 6 50 7 8 7 23 7 25 7 44 8 47 8 61 9 14 9 21 9 30 9 62 10 12 10 66 10 69 11 19 11 20 11 44 11 71 12 17 12 75 12 77 13 19 13 32 13 51 14 49 14 73 15 22 15 61 15 77 16 20 16 36 16 55 17 64 17 73 18 21 18 64 18 83 19 54 19 82 20 58 20 83 21 42 21 69 22 40 22 71 23 76 23 77 24 39 24 54 25 32 25 42 25 57 26 29 26 43 26 44 26 51 27 28 27 35 27 45 27 54 28 40 28 65 28 70 29 37 29 60 29 66 30 44 31 34 31 41 31 63 31 68 32 50 33 43 33 60 33 78 34 36 34 48 34 79 35 37 35 63 35 72 36 41 36 67 37 52 37 67 38 42 38 53 38 74 39 72 39 83 40 77 41 57 41 82 42 76 43 70 43 81 45 53 45 64 45 67 46 53 46 59 46 60 46 63 47 51 47 56 47 70 48 52 48 59 48 74 49 55 49 57 49 74 50 61 51 76 52 80 53 65 54 81 55 58 55 75 56 81 56 82 57 78 58 79 59 68 59 71 60 76 61 67 62 69 62 72 62 78 63 73 64 68 65 71 65 81 66 72 66 75 68 80 69 80 70 78 73 80 74 82 75 79 79 83
0 5 0 23 0 25 0 31 1 9 1 14 1 33 1 38 2 5 2 11 2 33 2 39 3 15 3 16 3 30 3 40 4 13 4 22 4 50 4 57 5 50 5 53 6 17 6 18 6 26 6 59 7 8 7 23 7 27 7 44 8 21 8 61 8 66 9 15 9 28 9 70 10 12 10 19 10 45 10 69 11 21 11 46 11 63 12 17 12 75 12 77 13 19 13 49 13 77 14 22 14 49 14 73 15 34 15 63 16 20 16 36 16 55 17 52 17 73 18 20 18 64 18 83 19 66 19 82 20 58 20 83 21 42 21 71 22 40 22 71 23 76 23 79 24 32 24 38 24 45 24 51 25 43 25 54 25 57 26 29 26 43 26 54 27 28 27 35 27 45 28 37 28 46 29 41 29 60 29 67 30 41 30 64 30 70 31 34 31 62 31 68 32 42 32 50 32 78 33 72 33 78 34 37 34 48 35 36 35 61 35 62 36 40 36 67 37 74 37 83 38 53 38 74 39 42 39 54 39 67 40 77 41 57 41 82 42 76 43 70 43 83 44 53 44 60 44 62 45 71 46 52 46 58 47 51 47 56 47 64 47 66 48 52 48 55 48 74 49 56 49 58 50 63 51 74 51 76 52 81 53 65 54 80 55 59 55 75 56 80 56 81 57 78 58 79 59 68 59 69 60 72 60 79 61 67 61 73 62 76 63 69 64 75 65 68 65 71 65 81 66 72 68 82 69 80 70 78 72 82 73 80 75 79 77 81
0 4 0 23 0 32 0 38 1 9 1 14 1 38 1 40 2 14 2 17 2 25 2 30 3 5 3 11 3 31 3 32 4 22 4 51 4 57 5 12 5 45 5 50 6 16 6 18 6 24 6 59 7 8 7 23 7 27 7 52 8 21 8 61 8 66 9 15 9 28 9 63 10 13 10 19 10 45 10 69 11 20 11 46 11 70 12 19 12 75 12 76 13 17 13 61 13 77 14 49 14 73 15 22 15 34 15 49 16 20 16 53 16 66 17 52 17 82 18 21 18 36 18 83 19 66 19 73 20 58 20 83 21 42 21 69 22 40 22 71 23 76 23 79 24 33 24 39 24 50 25 42 25 54 25 56 26 29 26 34 26 44 26 54 27 28 27 43 27 44 28 37 28 65 29 40 29 61 29 66 30 35 30 46 30 70 31 41 31 62 31 68 32 48 32 78 33 43 33 62 33 79 34 37 34 50 35 36 35 63 35 72 36 41 36 67 37 54 37 83 38 55 38 72 39 42 39 67 39 74 40 77 41 57 41 68 42 78 43 82 43 83 44 60 44 63 45 52 45 71 46 53 46 58 47 51 47 57 47 64 47 67 48 53 48 58 48 63 49 55 49 56 50 74 51 75 51 76 52 81 53 65 54 80 55 59 55 75 56 79 56 82 57 78 58 81 59 70 59 71 60 67 60 77 60 79 61 73 62 69 62 72 64 68 64 74 64 75 65 71 65 81 68 80 69 80 70 76 72 82 73 80 74 78 77 81
0 4 0 22 0 32 0 38 1 8 1 14 1 33 1 38 2 14 2 17 2 25 2 30 3 4 3 11 3 31 3 41 4 26 4 50 5 13 5 23 5 27 5 52 6 16 6 23 6 56 6 58 7 9 7 18 7 45 7 51 8 15 8 60 8 67 9 21 9 28 9 70 10 12 10 19 10 47 10 68 11 20 11 46 11 63 12 17 12 49 12 77 13 19 13 61 13 76 14 73 14 75 15 22 15 34 15 49 16 20 16 66 16 83 17 52 17 73 18 21 18 38 18 53 19 64 19 82 20 56 20 71 21 42 21 69 22 42 22 81 23 76 23 79 24 33 24 39 24 44 24 51 25 42 25 44 25 55 26 29 26 34 26 54 27 28 27 43 27 56 28 40 28 65 29 36 29 61 29 66 30 35 30 46 30 70 31 40 31 62 31 69 32 43 32 50 32 78 33 60 33 79 34 36 34 48 35 37 35 63 35 72 36 55 36 72 37 41 37 54 37 83 38 67 39 42 39 67 39 74 40 78 40 79 41 57 41 82 43 70 43 81 44 61 44 62 45 52 45 64 45 71 46 53 46 58 47 50 47 57 47 67 48 53 48 59 48 61 49 55 49 57 50 74 51 75 51 77 52 81 53 65 54 59 54 80 55 75 56 77 57 78 58 82 58 83 59 68 59 71 60 66 60 76 62 72 62 79 63 68 63 73 64 69 64 74 65 71 65 81 66 73 68 80 69 80 70 76 72 82 74 78 75 80 77 83
0 8 0 14 0 25 0 38 1 4 1 22 1 32 1 39 2 11 2 17 2 31 2 32 3 5 3 14 3 31 3 41 4 23 4 26 4 59 5 13 5 50 5 52 6 16 6 22 6 50 6 57 7 8 7 19 7 27 7 45 8 47 8 60 9 15 9 20 9 44 9 70 10 18 10 21 10 66 10 68 11 12 11 28 11 62 12 17 12 49 12 73 13 18 13 49 13 77 14 75 14 77 15 23 15 34 15 63 16 21 16 66 16 83 17 54 17 83 18 38 18 53 19 20 19 64 19 75 20 42 20 71 21 42 21 69 22 56 22 81 23 76 23 79 24 33 24 42 24 44 24 54 25 39 25 44 25 55 26 28 26 42 26 51 27 29 27 34 27 56 28 40 28 65 29 36 29 60 29 66 30 35 30 40 30 46 30 70 31 63 31 68 32 50 32 78 33 43 33 60 33 61 34 36 34 48 35 37 35 72 35 79 36 67 36 72 37 41 37 52 37 67 38 43 38 55 39 74 39 82 40 78 40 79 41 80 41 81 43 57 43 70 44 61 45 52 45 64 45 71 46 51 46 57 46 62 47 53 47 59 47 67 48 53 48 55 48 74 49 56 49 58 50 61 51 75 51 76 52 80 53 73 54 58 54 81 55 65 56 77 57 68 58 82 58 83 59 71 59 78 60 76 61 67 62 72 62 79 63 69 63 73 64 69 64 74 65 71 65 81 66 75 68 76 69 82 70 80 72 82 73 80 74 78 77 83
0 4 0 22 0 25 0 38 1 8 1 15 1 31 1 32 2 10 2 17 2 30 2 32 3 4 3 14 3 39 3 40 4 26 4 51 5 13 5 23 5 45 5 51 6 16 6 22 6 57 6 59 7 8 7 18 7 25 7 53 8 45 8 60 9 14 9 20 9 28 9 62 10 13 10 67 10 68 11 19 11 20 11 44 11 70 12 16 12 18 12 49 12 73 13 32 13 63 14 75 14 76 15 23 15 49 15 76 16 55 16 66 17 21 17 54 17 73 18 36 18 82 19 21 19 64 19 83 20 58 20 69 21 76 21 77 22 42 22 83 23 42 23 69 24 33 24 42 24 45 24 50 25 39 25 44 26 28 26 42 26 54 27 29 27 35 27 54 27 56 28 40 28 65 29 36 29 61 29 63 30 34 30 46 30 70 31 41 31 66 31 68 32 48 33 43 33 61 33 72 34 36 34 50 34 79 35 37 35 60 35 79 36 67 37 41 37 52 37 82 38 43 38 53 38 74 39 65 39 74 40 77 40 78 41 80 41 83 43 59 43 70 44 52 44 61 45 71 46 52 46 59 46 62 47 50 47 57 47 64 47 67 48 55 48 56 48 74 49 53 49 58 50 61 51 74 51 77 52 81 53 75 54 80 55 58 55 67 56 79 56 82 57 71 57 78 58 81 59 68 60 66 60 77 62 72 62 78 63 69 63 73 64 69 64 72 65 71 65 80 66 73 68 76 70 80 71 82 72 83 75 78 75 81 79 81
0 4 0 22 0 30 0 32 1 9 1 15 1 30 1 40 2 10 2 17 2 24 2 38 3 4 3 14 3 32 3 39 4 26 4 51 5 13 5 23 5 51 5 53 6 16 6 22 6 57 6 58 7 8 7 18 7 25 7 45 8 20 8 45 8 60 9 14 9 28 9 70 10 13 10 67 10 69 11 19 11 21 11 44 11 62 12 16 12 18 12 49 12 73 13 34 13 63 14 75 14 77 15 23 15 49 15 76 16 55 16 64 17 21 17 54 17 82 18 38 18 82 19 20 19 64 19 73 20 58 20 83 21 69 21 78 22 42 22 69 23 42 23 77 24 39 24 45 24 50 25 33 25 43 25 57 26 28 26 34 26 54 27 29 27 42 27 44 27 55 28 41 28 64 29 36 29 61 29 63 30 46 30 70 31 35 31 41 31 67 31 68 32 48 32 78 33 42 33 61 33 73 34 36 34 50 35 37 35 60 35 79 36 67 36 72 37 40 37 65 37 72 38 43 38 53 39 52 39 83 40 78 40 79 41 59 41 70 43 80 43 83 44 53 44 61 45 71 46 50 46 52 46 62 47 56 47 59 47 65 47 66 48 52 48 55 48 63 49 56 49 59 50 74 51 74 51 77 52 81 53 67 54 58 54 80 55 75 56 77 56 82 57 71 57 76 58 81 59 68 60 66 60 72 61 72 62 76 62 79 63 69 64 71 65 68 65 80 66 74 66 75 68 76 70 80 71 82 73 81 74 83 75 78 79 81
0 4 0 23 0 30 0 32 1 8 1 14 1 39 1 41 2 11 2 17 2 25 2 38 3 5 3 14 3 31 3 32 4 22 4 51 4 56 5 13 5 25 5 53 6 16 6 22 6 24 6 58 7 8 7 18 7 44 7 51 8 60 8 67 9 15 9 20 9 28 9 70 10 12 10 19 10 45 10 69 11 21 11 46 11 63 12 17 12 49 12 72 13 18 13 32 13 63 14 74 14 76 15 23 15 51 15 76 16 21 16 36 16 55 17 54 17 83 18 64 18 82 19 20 19 66 19 75 20 56 20 69 21 69 21 78 22 42 22 83 23 42 23 77 24 33 24 39 24 50 25 43 25 56 26 28 26 35 26 45 26 54 27 29 27 42 27 45 27 55 28 40 28 65 29 36 29 60 29 62 30 34 30 46 30 70 31 40 31 67 31 68 32 50 33 42 33 61 33 72 34 36 34 48 34 79 35 37 35 60 35 78 36 53 37 41 37 52 37 65 38 43 38 65 38 72 39 74 39 82 40 77 40 78 41 80 41 81 43 59 43 68 44 52 44 61 44 62 45 66 46 57 46 59 47 50 47 52 47 64 47 71 48 55 48 57 48 61 49 53 49 59 49 74 50 75 51 77 52 80 53 67 54 58 54 81 55 73 56 81 57 71 57 76 58 79 58 82 59 70 60 73 61 66 62 77 62 78 63 69 63 73 64 68 64 75 65 71 66 74 67 80 68 76 70 80 71 82 72 83 73 81 75 79 79 83
0 4 0 14 0 30 0 32 1 8 1 23 1 31 1 41 2 14 2 17 2 25 2 38 3 5 3 10 3 32 3 39 4 22 4 50 4 57 5 13 5 25 5 53 6 16 6 18 6 26 6 58 7 9 7 22 7 45 7 50 8 15 8 60 8 67 9 20 9 46 9 63 10 12 10 45 10 69 11 19 11 21 11 30 11 70 12 17 12 49 12 73 13 18 13 32 13 63 14 74 14 76 15 23 15 49 15 76 16 21 16 38 16 82 17 64 17 75 18 55 18 64 19 20 19 54 19 83 20 40 20 71 21 42 21 77 22 58 22 83 23 69 23 78 24 33 24 39 24 44 24 55 25 42 25 44 26 28 26 42 26 51 27 29 27 34 27 54 27 57 28 40 28 65 28 71 29 36 29 61 29 62 30 35 30 44 31 40 31 66 31 69 32 48 33 43 33 61 33 72 34 36 34 50 34 79 35 37 35 62 35 79 36 53 36 72 37 41 37 52 37 82 38 43 38 65 39 65 39 74 40 77 41 80 41 81 42 78 43 59 43 68 44 63 45 52 45 71 46 56 46 59 46 61 47 51 47 52 47 64 47 67 48 54 48 56 48 61 49 53 49 59 50 75 51 75 51 77 52 80 53 67 54 81 55 58 55 73 56 81 56 82 57 70 57 71 58 79 59 76 60 66 60 72 60 78 62 68 62 77 63 73 64 68 65 70 66 73 66 74 67 80 68 76 69 82 70 80 72 83 74 78 75 81 79 83
0 8 0 15 0 30 0 32 1 5 1 23 1 32 1 38 2 11 2 17 2 24 2 39 3 5 3 15 3 31 3 41 4 12 4 22 4 26 4 50 5 25 5 52 6 16 6 19 6 56 6 59 7 9 7 22 7 44 7 50 8 14 8 45 8 60 9 21 9 46 9 70 10 18 10 20 10 66 10 69 11 12 11 30 11 62 12 49 12 76 13 17 13 18 13 63 13 77 14 23 14 73 14 74 15 34 15 49 16 20 16 38 16 82 17 54 17 75 18 55 18 64 19 21 19 64 19 83 20 40 20 71 21 42 21 77 22 58 22 81 23 69 23 78 24 38 24 44 24 51 25 33 25 42 25 45 26 29 26 35 26 54 27 28 27 42 27 54 27 56 28 36 28 65 28 71 29 41 29 61 29 67 30 34 30 44 31 40 31 63 31 69 32 48 32 78 33 43 33 60 33 79 34 37 34 50 35 36 35 61 35 72 36 67 36 74 37 40 37 65 37 74 38 53 39 43 39 52 39 82 40 77 41 59 41 80 42 78 43 70 43 81 44 63 45 52 45 66 46 57 46 58 46 61 47 51 47 53 47 64 47 71 48 55 48 57 48 63 49 53 49 58 50 75 51 75 51 76 52 81 53 73 54 80 55 59 55 67 56 79 56 82 57 68 57 71 58 83 59 76 60 67 60 77 61 73 62 68 62 72 62 79 64 68 65 70 65 80 66 72 66 75 68 80 69 82 70 76 72 83 73 81 74 78 79 83
0 8 0 23 0 25 0 39 1 4 1 14 1 31 1 32 2 11 2 16 2 30 2 33 3 5 3 15 3 39 3 41 4 22 4 26 4 59 5 12 5 25 5 44 6 17 6 22 6 51 6 56 7 8 7 18 7 50 7 52 8 45 8 69 9 15 9 21 9 30 9 63 10 13 10 19 10 60 10 67 11 20 11 46 11 70 12 18 12 74 12 77 13 17 13 63 13 76 14 23 14 49 14 73 15 32 15 51 16 20 16 55 16 64 17 52 17 83 18 36 18 82 19 21 19 66 19 73 20 40 20 71 21 42 21 71 22 58 22 81 23 77 23 78 24 32 24 38 24 45 24 54 25 42 25 56 26 29 26 35 26 50 27 28 27 43 27 45 27 55 28 36 28 46 28 71 29 40 29 61 29 67 30 34 30 65 31 40 31 62 31 69 32 48 33 43 33 72 33 79 34 37 34 50 34 79 35 36 35 60 35 61 36 67 37 41 37 72 37 82 38 42 38 53 38 74 39 54 39 65 40 77 41 57 41 68 42 76 43 80 43 81 44 52 44 61 44 63 45 66 46 51 46 57 47 53 47 59 47 65 47 71 48 55 48 57 48 63 49 53 49 58 49 75 50 75 51 77 52 80 53 67 54 58 54 81 55 75 56 82 56 83 57 70 58 79 59 69 59 76 60 66 60 76 61 73 62 68 62 72 62 78 64 68 64 70 64 75 65 81 66 72 68 80 69 82 70 78 73 80 74 78 74 83 79 83
0 4 0 23 0 25 0 30 1 9 1 14 1 31 1 32 2 5 2 10 2 33 2 39 3 14 3 17 3 39 3 41 4 22 4 24 4 58 5 12 5 25 5 53 6 16 6 22 6 51 6 57 7 8 7 18 7 44 7 50 8 21 8 47 8 69 9 15 9 30 9 63 10 13 10 60 10 67 11 19 11 20 11 46 11 71 12 18 12 49 12 77 13 17 13 34 13 61 14 72 14 74 15 23 15 51 15 76 16 20 16 53 16 64 17 64 17 83 18 38 18 83 19 21 19 54 19 73 20 58 20 81 21 40 21 71 22 40 22 69 23 77 23 78 24 32 24 38 24 55 25 42 25 45 26 29 26 35 26 45 26 50 27 28 27 43 27 55 27 57 28 36 28 46 28 71 29 40 29 67 29 69 30 34 30 65 31 40 31 61 31 62 32 50 32 78 33 43 33 73 33 79 34 37 34 48 35 36 35 62 35 63 36 65 36 72 37 41 37 52 37 82 38 42 38 55 39 65 39 74 41 57 41 68 42 76 42 77 43 80 43 81 44 53 44 61 44 63 45 65 45 66 46 56 46 58 47 51 47 52 47 70 48 52 48 59 48 63 49 54 49 56 49 75 50 75 51 77 52 80 53 67 54 59 54 81 55 75 56 79 56 82 57 70 58 83 59 69 59 76 60 66 60 76 60 79 61 72 62 68 62 73 64 68 64 70 66 74 66 75 67 80 68 80 70 78 71 82 72 82 73 81 74 78 79 83
0 4 0 22 0 25 0 38 1 9 1 14 1 31 1 32 2 5 2 10 2 30 2 33 3 15 3 17 3 39 3 40 4 23 4 24 4 58 5 13 5 45 5 50 6 16 6 19 6 51 6 57 7 9 7 23 7 25 7 52 8 15 8 21 8 67 8 68 9 30 9 63 10 20 10 45 10 60 11 13 11 18 11 46 11 71 12 17 12 19 12 51 12 77 13 34 13 61 14 22 14 73 14 74 15 49 15 77 16 20 16 36 16 53 17 64 17 73 18 21 18 64 18 83 19 52 19 83 20 40 20 83 21 40 21 69 22 56 22 69 23 77 23 78 24 32 24 39 24 50 25 42 25 44 26 28 26 43 26 45 26 54 27 29 27 34 27 55 27 57 28 41 28 64 28 71 29 37 29 67 29 68 30 35 30 46 31 41 31 61 31 62 32 48 32 79 33 43 33 63 33 73 34 36 34 50 35 37 35 62 35 79 36 40 36 65 37 54 37 82 38 42 38 55 38 72 39 65 39 74 41 57 41 70 42 78 42 79 43 80 43 81 44 53 44 61 44 62 45 66 46 51 46 56 47 53 47 58 47 65 47 70 48 52 48 59 48 61 49 55 49 56 49 76 50 75 51 74 52 80 53 67 54 59 54 81 55 75 56 77 57 68 58 81 58 82 59 71 59 76 60 66 60 76 60 78 62 72 63 69 63 72 64 70 65 69 66 74 66 75 67 80 68 76 70 80 71 82 72 82 73 81 75 78 79 83
0 9 0 14 0 32 0 38 1 4 1 22 1 31 1 33 2 5 2 11 2 25 2 30 3 15 3 17 3 39 3 40 4 23 4 51 4 57 5 12 5 51 5 52 6 8 6 19 6 24 6 58 7 16 7 23 7 25 7 45 8 21 8 45 8 68 9 15 9 30 9 70 10 13 10 18 10 61 10 67 11 20 11 46 11 63 12 18 12 74 12 77 13 17 13 34 13 63 14 22 14 49 14 72 15 49 15 77 16 20 16 38 16 53 17 66 17 73 18 64 18 83 19 21 19 52 19 82 20 56 20 69 21 78 21 79 22 40 22 83 23 42 23 69 24 33 24 39 24 50 25 42 25 44 26 28 26 42 26 45 26 54 27 29 27 35 27 55 27 57 28 40 28 65 28 71 29 36 29 62 29 69 30 34 30 46 31 41 31 61 31 67 32 43 32 48 32 78 33 61 33 62 34 37 34 50 35 36 35 72 35 79 36 65 36 74 37 41 37 72 37 83 38 43 38 55 39 54 39 65 40 79 41 80 41 81 42 78 43 59 43 70 44 53 44 60 44 62 45 66 46 50 46 56 47 53 47 58 47 65 47 71 48 52 48 55 48 61 49 56 49 59 50 75 51 74 51 76 52 80 53 67 54 59 54 81 55 75 56 81 57 68 57 71 58 77 58 82 59 76 60 66 60 76 60 79 62 73 63 68 63 73 64 69 64 70 64 73 66 72 67 80 68 76 70 80 71 82 74 82 75 78 75 81 77 83
0 4 0 22 0 25 0 38 1 8 1 15 1 31 1 40 2 15 2 16 2 30 2 32 3 5 3 10 3 33 3 38 4 23 4 26 4 50 5 13 5 50 5 52 6 17 6 23 6 56 6 58 7 9 7 18 7 25 7 44 8 14 8 60 8 67 9 21 9 28 9 70 10 12 10 47 10 68 11 19 11 21 11 44 11 63 12 16 12 74 12 77 13 19 13 32 13 61 14 22 14 49 14 72 15 49 15 77 16 64 16 83 17 20 17 54 17 75 18 20 18 36 18 55 19 66 19 82 20 58 20 83 21 78 21 79 22 40 22 71 23 42 23 69 24 33 24 39 24 45 24 51 25 42 25 45 26 28 26 35 26 55 27 29 27 43 27 54 27 57 28 41 28 44 29 37 29 60 29 62 30 34 30 64 30 70 31 41 31 67 31 69 32 43 32 48 33 72 33 79 34 36 34 50 34 78 35 37 35 60 35 63 36 40 36 53 37 72 37 83 38 67 38 72 39 42 39 52 39 65 40 77 41 59 41 80 42 76 43 70 43 81 44 52 45 65 45 66 46 51 46 56 46 61 46 62 47 53 47 58 47 71 48 53 48 59 48 63 49 54 49 57 50 75 51 74 51 76 52 81 53 73 54 80 55 59 55 67 56 81 56 82 57 71 57 76 58 79 59 68 60 76 61 66 61 73 62 73 62 79 63 68 64 71 64 73 65 69 65 81 66 74 68 80 69 82 70 78 74 82 75 78 75 80 77 83
0 8 0 15 0 30 0 32 1 4 1 22 1 38 1 41 2 10 2 16 2 25 2 38 3 5 3 15 3 31 3 33 4 23 4 56 4 58 5 12 5 45 5 50 6 17 6 19 6 26 6 51 7 8 7 22 7 25 7 53 8 60 8 66 9 14 9 20 9 44 9 71 10 21 10 47 10 68 11 12 11 18 11 28 11 63 12 75 12 77 13 17 13 18 13 34 13 63 14 23 14 49 14 73 15 51 15 77 16 21 16 64 16 83 17 54 17 73 18 36 18 55 19 20 19 64 19 83 20 40 20 81 21 42 21 71 22 58 22 71 23 77 23 78 24 33 24 39 24 45 24 50 25 43 25 44 26 28 26 35 26 55 27 29 27 43 27 54 27 56 28 37 28 44 29 40 29 60 29 62 30 34 30 64 30 70 31 40 31 67 31 69 32 42 32 48 32 78 33 60 33 61 34 37 34 50 35 36 35 72 35 78 36 41 36 67 37 65 37 72 38 53 38 72 39 42 39 52 39 82 40 79 41 57 41 80 42 76 43 70 43 81 44 52 45 64 45 66 46 51 46 57 46 61 46 62 47 52 47 58 47 70 48 53 48 59 48 63 49 54 49 57 49 75 50 74 51 76 52 80 53 67 54 81 55 59 55 75 56 82 56 83 57 68 58 77 59 69 59 76 60 76 61 67 61 73 62 72 62 79 63 68 65 69 65 71 65 80 66 73 66 74 68 78 69 82 70 80 74 79 74 82 75 81 79 83
0 4 0 15 0 32 0 38 1 9 1 22 1 31 1 40 2 11 2 17 2 25 2 31 3 5 3 15 3 33 3 38 4 23 4 57 4 58 5 12 5 51 5 52 6 9 6 19 6 24 6 51 7 16 7 22 7 25 7 45 8 14 8 20 8 45 8 68 9 46 9 70 10 18 10 21 10 61 10 66 11 12 11 30 11 63 12 49 12 76 13 16 13 18 13 34 13 61 14 23 14 73 14 75 15 49 15 77 16 55 16 66 17 21 17 64 17 82 18 36 18 83 19 20 19 54 19 75 20 40 20 81 21 71 21 78 22 56 22 71 23 40 23 79 24 33 24 43 24 54 25 39 25 56 26 28 26 42 26 45 26 50 27 29 27 34 27 44 27 55 28 40 28 64 28 71 29 37 29 62 29 69 30 35 30 41 30 44 31 61 31 67 32 42 32 50 32 78 33 63 33 72 34 37 34 48 35 36 35 60 35 79 36 41 36 67 37 72 37 83 38 53 38 72 39 43 39 52 39 67 41 57 41 80 42 76 42 79 43 70 43 81 44 52 44 63 45 71 46 50 46 53 46 60 47 57 47 58 47 65 47 66 48 56 48 59 48 74 49 53 49 55 50 63 51 74 51 76 52 81 53 73 54 59 54 80 55 65 56 77 57 68 58 82 58 83 59 69 59 76 60 67 60 77 61 73 62 68 62 72 62 79 64 70 64 74 65 69 65 80 66 75 68 78 69 82 70 80 73 81 74 82 75 78 77 83
0 4 0 14 0 24 0 31 1 9 1 22 1 38 1 41 2 5 2 14 2 32 2 39 3 11 3 17 3 31 3 32 4 23 4 51 4 57 5 12 5 25 5 53 6 9 6 18 6 24 6 58 7 16 7 22 7 44 7 50 8 15 8 21 8 67 8 68 9 46 9 62 10 19 10 20 10 45 10 61 11 12 11 30 11 71 12 74 12 76 13 16 13 18 13 32 13 49 14 49 14 72 15 23 15 63 15 76 16 55 16 64 17 20 17 66 17 83 18 36 18 82 19 21 19 54 19 75 20 56 20 69 21 71 21 78 22 40 22 83 23 40 23 79 24 38 24 54 25 33 25 42 25 45 26 28 26 42 26 44 26 50 27 29 27 34 27 55 27 56 28 40 28 46 28 71 29 37 29 63 29 69 30 35 30 40 30 64 31 61 31 66 32 48 33 43 33 62 33 79 34 37 34 50 34 78 35 36 35 61 35 72 36 41 36 65 37 74 37 82 38 53 38 72 39 43 39 52 39 67 41 57 41 80 42 78 42 79 43 68 43 81 44 60 44 63 45 52 45 70 46 51 46 57 47 52 47 59 47 65 47 67 48 53 48 55 48 61 49 56 49 59 50 75 51 75 51 77 52 81 53 73 54 58 54 80 55 65 56 81 57 70 58 77 58 82 59 69 59 76 60 66 60 77 60 79 62 68 62 73 63 73 64 70 64 75 65 69 66 74 67 80 68 76 70 80 71 82 72 83 73 81 74 78 77 83
0 4 0 14 0 33 0 38 1 9 1 23 1 38 1 41 2 5 2 15 2 24 2 30 3 11 3 16 3 31 3 32 4 22 4 50 4 57 5 13 5 44 5 50 6 9 6 18 6 26 6 59 7 17 7 22 7 25 7 52 8 15 8 20 8 47 8 68 9 30 9 63 10 19 10 20 10 61 10 67 11 12 11 44 11 70 12 16 12 74 12 77 13 18 13 51 13 77 14 23 14 51 14 72 15 34 15 63 16 36 16 83 17 21 17 66 17 73 18 55 18 66 19 21 19 54 19 82 20 40 20 81 21 71 21 78 22 56 22 71 23 42 23 77 24 39 24 44 24 54 25 32 25 42 25 56 26 29 26 42 26 51 27 28 27 34 27 45 27 54 28 36 28 44 28 71 29 40 29 62 29 68 30 35 30 64 31 40 31 61 31 66 32 48 32 78 33 43 33 62 33 79 34 37 34 50 35 36 35 61 35 72 36 65 37 41 37 67 37 74 38 53 38 72 39 43 39 52 39 83 40 79 41 80 41 81 42 78 43 57 43 68 45 53 45 65 45 71 46 51 46 53 46 60 46 63 47 57 47 59 47 67 48 52 48 58 48 61 49 55 49 56 49 74 49 76 50 75 52 80 53 75 54 81 55 58 55 65 56 83 57 70 58 77 58 82 59 69 59 76 60 66 60 73 60 79 62 69 62 76 63 73 64 70 64 74 64 75 65 69 67 80 68 76 69 82 70 80 72 82 73 81 75 78 79 83
0 4 0 14 0 30 0 32 1 8 1 22 1 39 1 41 2 11 2 17 2 25 2 38 3 5 3 15 3 31 3 33 4 23 4 24 4 59 5 12 5 50 5 52 6 9 6 18 6 50 6 56 7 16 7 22 7 27 7 44 8 15 8 47 8 68 9 20 9 28 9 70 10 19 10 20 10 61 10 67 11 12 11 44 11 63 12 72 12 74 13 17 13 19 13 34 13 63 14 23 14 51 14 76 15 49 15 77 16 21 16 38 16 83 17 66 17 73 18 21 18 55 18 64 19 54 19 82 20 40 20 71 21 71 21 76 22 56 22 81 23 42 23 77 24 33 24 39 24 55 25 42 25 54 25 56 26 29 26 42 26 44 26 51 27 28 27 35 27 45 28 36 28 44 29 41 29 60 29 67 30 34 30 64 30 71 31 40 31 62 31 68 32 43 32 48 32 78 33 60 33 79 34 36 34 50 35 37 35 61 35 73 36 65 36 72 37 40 37 67 37 74 38 43 38 53 39 52 39 83 40 79 41 57 41 80 42 76 43 68 43 81 45 53 45 64 45 71 46 51 46 53 46 60 46 63 47 57 47 59 47 66 48 52 48 58 48 75 49 54 49 57 49 76 50 61 51 74 52 81 53 75 54 80 55 58 55 65 56 83 57 70 58 77 58 82 59 69 59 78 60 77 61 66 62 69 62 73 62 79 63 72 64 75 65 69 65 70 66 74 67 80 68 78 69 82 70 80 72 82 73 81 75 78 79 83
0 4 0 14 0 25 0 30 1 8 1 23 1 39 1 40 2 5 2 15 2 33 2 38 3 10 3 17 3 31 3 33 4 22 4 24 4 58 5 13 5 51 5 52 6 9 6 19 6 51 6 56 7 16 7 22 7 27 7 44 8 15 8 61 8 66 9 20 9 28 9 63 10 20 10 47 10 68 11 12 11 18 11 44 11 70 12 17 12 73 12 74 13 19 13 32 13 49 14 23 14 49 14 76 15 63 15 77 16 21 16 55 16 64 17 66 17 82 18 21 18 38 18 83 19 54 19 73 20 56 20 81 21 71 21 78 22 42 22 71 23 42 23 77 24 32 24 43 24 55 25 39 25 54 25 57 26 29 26 42 26 45 26 50 27 28 27 35 27 45 28 41 28 44 29 37 29 60 29 62 30 34 30 64 30 71 31 41 31 66 31 68 32 42 32 48 33 60 33 78 34 36 34 50 34 78 35 37 35 61 35 73 36 40 36 65 36 72 37 52 37 67 38 43 38 53 39 74 39 83 40 76 40 79 41 70 41 83 43 59 43 82 44 53 45 65 45 71 46 50 46 53 46 60 46 63 47 56 47 58 47 67 48 57 48 59 48 63 49 52 49 54 50 75 51 74 51 76 52 80 53 75 54 81 55 59 55 65 56 83 57 69 57 76 58 77 58 82 59 68 60 77 61 67 61 72 62 69 62 72 62 79 64 70 64 73 65 69 66 74 67 81 68 78 69 80 70 80 72 82 75 79 75 80 79 81
0 9 0 14 0 33 0 38 1 4 1 22 1 38 1 40 2 15 2 17 2 25 2 31 3 5 3 10 3 31 3 33 4 23 4 56 4 58 5 13 5 27 5 45 6 9 6 19 6 26 6 50 7 16 7 23 7 50 7 52 8 15 8 21 8 60 8 66 9 28 9 70 10 13 10 47 10 68 11 18 11 20 11 44 11 63 12 17 12 18 12 49 12 72 13 34 13 61 14 22 14 74 14 76 15 51 15 77 16 20 16 55 16 64 17 66 17 82 18 38 18 83 19 21 19 54 19 75 20 58 20 81 21 40 21 77 22 42 22 71 23 71 23 78 24 32 24 43 24 45 24 55 25 39 25 44 25 54 26 28 26 42 26 51 27 29 27 35 27 57 28 41 28 44 29 37 29 66 29 68 30 34 30 41 30 64 30 71 31 60 31 62 32 42 32 48 32 79 33 60 33 78 34 37 34 50 35 36 35 63 35 73 36 40 36 53 36 72 37 52 37 67 38 65 39 43 39 74 39 83 40 76 41 70 41 81 42 79 43 59 43 82 44 52 45 65 45 71 46 53 46 59 46 61 46 63 47 51 47 56 47 67 48 57 48 59 48 63 49 53 49 54 49 74 50 75 51 76 52 80 53 73 54 81 55 58 55 65 56 82 56 83 57 69 57 76 58 77 59 68 60 73 61 67 61 72 62 69 62 77 62 78 64 70 64 75 65 69 66 74 67 81 68 78 69 80 70 80 72 82 73 80 75 79 79 83
0 4 0 22 0 32 0 39 1 9 1 14 1 38 1 40 2 5 2 10 2 25 2 31 3 15 3 17 3 31 3 33 4 23 4 56 4 58 5 12 5 27 5 53 6 9 6 23 6 26 6 50 7 16 7 18 7 45 7 50 8 15 8 20 8 66 8 68 9 46 9 70 10 13 10 47 10 60 11 19 11 20 11 30 11 63 12 18 12 49 12 77 13 17 13 34 13 49 14 22 14 73 14 74 15 61 15 77 16 21 16 38 16 83 17 66 17 83 18 55 18 64 19 21 19 54 19 75 20 42 20 69 21 40 21 79 22 58 22 81 23 69 23 78 24 33 24 43 24 45 24 51 25 38 25 44 25 54 26 29 26 35 26 55 27 28 27 43 27 56 28 41 28 44 28 71 29 36 29 60 29 66 30 34 30 41 30 64 31 62 31 68 32 42 32 50 32 79 33 62 33 79 34 37 34 48 35 36 35 63 35 72 36 53 36 74 37 40 37 74 37 82 38 65 39 42 39 52 39 67 40 76 41 70 41 81 42 77 43 59 43 82 44 52 44 63 45 65 45 71 46 52 46 59 46 61 47 51 47 57 47 67 48 54 48 57 48 63 49 53 49 59 50 75 51 74 51 76 52 81 53 73 54 80 55 58 55 65 56 80 56 83 57 71 57 76 58 79 59 68 60 76 60 78 61 67 61 73 62 69 62 72 64 70 64 75 65 69 66 72 67 80 68 82 70 78 71 80 72 82 73 81 75 78 77 83
0 4 0 23 0 33 0 39 1 9 1 14 1 30 1 40 2 10 2 17 2 25 2 30 3 4 3 14 3 33 3 38 4 24 4 59 5 12 5 22 5 25 5 45 6 16 6 18 6 50 6 57 7 9 7 23 7 50 7 52 8 15 8 20 8 67 8 68 9 28 9 71 10 13 10 45 10 60 11 19 11 20 11 44 11 62 12 18 12 51 12 77 13 16 13 32 13 63 14 73 14 74 15 22 15 49 15 77 16 66 16 83 17 21 17 66 17 75 18 38 18 55 19 21 19 52 19 82 20 56 20 69 21 42 21 79 22 42 22 81 23 69 23 76 24 32 24 43 24 55 25 38 25 44 26 29 26 42 26 45 26 51 27 28 27 35 27 55 27 57 28 36 28 65 29 40 29 60 29 66 30 44 30 71 31 34 31 41 31 63 31 68 32 42 32 48 33 61 33 62 34 37 34 50 34 78 35 36 35 73 35 78 36 53 36 74 37 41 37 74 37 83 38 67 39 43 39 54 39 67 40 76 40 77 41 80 41 81 43 59 43 68 44 53 45 67 46 53 46 59 46 61 46 63 47 51 47 56 47 65 47 70 48 56 48 58 48 61 49 52 49 54 49 76 50 75 51 74 52 80 53 73 54 58 54 81 55 65 56 83 57 71 57 78 58 79 58 80 59 70 60 76 60 79 61 66 62 69 62 72 63 72 64 69 64 70 64 72 64 73 65 80 68 82 70 78 71 82 72 82 75 79 75 81 77 83
0 9 0 23 0 25 0 30 1 4 1 14 1 33 1 39 2 15 2 17 2 33 2 38 3 4 3 10 3 30 3 41 4 56 4 59 5 13 5 22 5 27 5 45 6 16 6 18 6 24 6 50 7 8 7 23 7 51 7 53 8 21 8 67 8 68 9 15 9 46 9 63 10 20 10 45 10 61 11 13 11 19 11 28 11 70 12 17 12 18 12 51 12 76 13 32 13 63 14 22 14 72 14 74 15 49 15 77 16 20 16 66 16 82 17 66 17 75 18 36 18 55 19 21 19 54 19 82 20 56 20 71 21 40 21 69 22 42 22 83 23 76 23 77 24 32 24 39 24 51 25 42 25 54 25 57 26 29 26 35 26 45 26 55 27 28 27 43 27 44 28 36 28 65 29 41 29 60 29 66 30 44 30 70 31 34 31 40 31 62 31 68 32 43 32 48 33 61 33 62 34 37 34 50 34 78 35 36 35 73 35 78 36 53 37 40 37 52 37 67 38 42 38 67 38 74 39 74 39 83 40 76 41 82 41 83 42 77 43 57 43 68 44 53 44 63 45 67 46 50 46 56 46 60 47 52 47 58 47 64 47 71 48 57 48 58 48 75 49 52 49 54 49 76 50 61 51 75 52 81 53 73 54 80 55 59 55 65 56 79 57 70 58 80 58 81 59 71 59 78 60 77 60 79 61 66 62 69 62 73 63 72 64 69 64 72 64 75 65 71 65 80 68 82 69 80 70 78 72 83 73 81 74 79 79 81
0 9 0 15 0 33 0 38 1 4 1 23 1 30 1 41 2 4 2 15 2 24 2 31 3 10 3 17 3 33 3 38 4 56 4 59 5 13 5 22 5 44 5 51 6 16 6 23 6 26 6 51 7 8 7 18 7 25 7 53 8 21 8 47 8 68 9 14 9 46 9 63 10 20 10 61 10 67 11 13 11 19 11 28 11 70 12 17 12 18 12 51 12 76 13 32 13 49 14 22 14 73 14 75 15 61 15 77 16 20 16 36 16 53 17 66 17 75 18 64 18 83 19 21 19 54 19 82 20 56 20 83 21 76 21 79 22 42 22 71 23 40 23 71 24 43 24 44 24 50 25 32 25 39 25 57 26 28 26 34 26 55 27 29 27 43 27 45 27 54 28 37 28 65 29 41 29 61 29 62 30 40 30 44 30 70 31 35 31 66 31 68 32 42 32 48 33 60 33 63 34 37 34 50 34 78 35 36 35 72 35 79 36 40 36 55 37 74 37 83 38 67 38 74 39 42 39 52 39 67 40 76 41 57 41 70 42 77 43 81 43 82 44 62 45 52 45 64 45 67 46 56 46 58 46 60 47 50 47 52 47 71 48 57 48 58 48 74 49 53 49 54 49 76 50 63 51 75 52 80 53 73 54 81 55 59 55 65 56 79 57 78 58 80 58 81 59 68 59 69 60 66 60 77 61 73 62 72 62 79 63 69 64 69 64 75 65 71 65 80 66 72 68 78 69 80 70 82 72 82 73 81 74 78 77 83
0 9 0 15 0 33 0 38 1 5 1 23 1 31 1 41 2 4 2 15 2 25 2 31 3 10 3 17 3 33 3 38 4 13 4 56 4 58 5 22 5 51 5 53 6 8 6 23 6 26 6 51 7 16 7 19 7 25 7 45 8 21 8 47 8 61 9 14 9 46 9 71 10 20 10 67 10 69 11 12 11 18 11 28 11 63 12 17 12 51 12 76 13 19 13 34 13 49 14 22 14 72 14 75 15 63 15 76 16 20 16 36 16 53 17 54 17 75 18 21 18 66 18 83 19 66 19 82 20 56 20 81 21 40 21 79 22 42 22 69 23 71 23 78 24 32 24 39 24 45 24 50 25 43 25 57 26 28 26 34 26 55 27 29 27 43 27 44 27 54 28 37 28 64 29 40 29 61 29 62 30 35 30 40 30 44 30 70 31 66 31 69 32 42 32 48 32 79 33 60 33 61 34 37 34 50 35 36 35 72 35 78 36 41 36 55 37 72 37 83 38 65 38 74 39 42 39 52 39 67 40 76 41 59 41 82 42 77 43 70 43 83 44 53 44 62 45 65 45 70 46 52 46 59 46 60 47 50 47 56 47 67 48 57 48 59 48 74 49 52 49 54 49 77 50 61 51 74 52 80 53 73 54 81 55 58 55 65 56 79 57 68 57 69 58 80 58 83 59 76 60 66 60 73 62 77 62 78 63 68 63 73 64 71 64 72 64 75 65 68 67 81 68 78 70 82 71 80 73 80 74 82 75 79 77 81
0 9 0 15 0 25 0 39 1 4 1 22 1 33 1 38 2 4 2 15 2 30 2 33 3 10 3 17 3 31 3 40 4 51 4 56 5 13 5 23 5 25 5 52 6 8 6 22 6 26 6 58 7 16 7 19 7 45 7 50 8 21 8 47 8 60 9 14 9 46 9 70 10 12 10 67 10 69 11 18 11 20 11 28 11 63 12 16 12 74 12 76 13 19 13 49 13 76 14 23 14 51 14 72 15 34 15 61 16 36 16 83 17 20 17 54 17 73 18 21 18 53 18 64 19 64 19 82 20 42 20 71 21 40 21 71 22 56 22 81 23 78 23 79 24 32 24 38 24 45 24 50 25 42 25 57 26 28 26 35 26 54 27 29 27 42 27 44 27 54 28 37 28 44 29 40 29 60 29 62 30 34 30 64 30 70 31 41 31 66 31 68 32 43 32 48 32 79 33 62 33 79 34 37 34 50 35 36 35 63 35 72 36 41 36 67 37 72 37 83 38 55 38 74 39 43 39 52 39 67 40 76 41 59 41 82 42 79 43 70 43 81 44 53 44 62 45 65 45 71 46 51 46 53 46 61 47 56 47 59 47 67 48 57 48 59 48 61 49 52 49 55 49 77 50 75 51 74 52 80 53 75 54 81 55 58 55 65 56 77 57 68 57 69 58 80 58 83 59 76 60 73 60 78 61 66 62 77 63 69 63 73 64 71 65 68 65 80 66 72 66 75 68 78 69 80 70 82 73 81 74 82 75 78 77 83
0 9 0 15 0 25 0 39 1 5 1 23 1 39 1 41 2 4 2 15 2 31 2 33 3 10 3 17 3 31 3 32 4 12 4 26 4 58 5 22 5 50 5 53 6 8 6 18 6 51 6 57 7 16 7 22 7 27 7 45 8 21 8 60 8 67 9 14 9 46 9 70 10 13 10 45 10 69 11 19 11 21 11 28 11 63 12 19 12 51 12 77 13 17 13 61 13 76 14 23 14 72 14 74 15 34 15 49 16 20 16 55 16 64 17 64 17 73 18 20 18 38 18 83 19 52 19 83 20 56 20 71 21 40 21 77 22 42 22 81 23 71 23 78 24 32 24 38 24 44 24 50 25 42 25 54 25 56 26 28 26 35 26 55 27 29 27 43 27 44 28 41 28 44 29 36 29 66 29 68 30 34 30 40 30 64 30 70 31 60 31 62 32 48 32 78 33 43 33 72 33 78 34 37 34 50 35 36 35 62 35 63 36 67 36 74 37 40 37 74 37 82 38 42 38 53 39 54 39 67 40 76 41 81 41 82 42 77 43 57 43 70 44 62 45 52 45 71 46 51 46 57 46 61 47 52 47 59 47 65 47 67 48 53 48 59 48 75 49 54 49 56 49 77 50 63 51 74 52 80 53 65 54 81 55 58 55 75 56 83 57 76 58 79 58 80 59 68 59 69 60 73 60 79 61 66 61 73 62 76 63 69 64 71 65 68 65 80 66 72 66 75 68 78 69 80 70 82 72 82 73 81 75 79 79 83
0 4 0 15 0 25 0 38 1 9 1 23 1 31 1 41 2 14 2 16 2 31 2 32 3 5 3 10 3 33 3 38 4 22 4 26 4 50 5 13 5 45 5 51 6 8 6 19 6 56 6 59 7 17 7 23 7 25 7 53 8 20 8 61 8 67 9 14 9 46 9 71 10 20 10 45 10 69 11 12 11 18 11 30 11 63 12 17 12 74 12 76 13 18 13 61 13 76 14 49 14 72 15 22 15 34 15 51 16 21 16 53 16 66 17 64 17 73 18 36 18 83 19 21 19 52 19 83 20 42 20 71 21 40 21 77 22 56 22 81 23 71 23 78 24 33 24 39 24 44 24 51 25 43 25 44 26 28 26 34 26 55 27 29 27 42 27 54 27 56 28 36 28 65 28 70 29 41 29 67 29 69 30 35 30 40 30 46 31 60 31 62 32 42 32 48 32 78 33 62 33 63 34 36 34 50 35 37 35 72 35 78 36 67 37 40 37 54 37 82 38 55 38 74 39 43 39 67 39 74 40 76 41 57 41 80 42 79 43 70 43 83 44 60 44 63 45 52 45 66 46 50 46 57 47 52 47 59 47 65 47 70 48 53 48 58 48 61 49 54 49 57 49 75 50 75 51 77 52 81 53 75 54 80 55 58 55 65 56 83 57 76 58 77 58 80 59 68 59 69 60 73 60 79 61 66 62 68 62 77 63 73 64 68 64 71 64 72 65 81 66 73 68 78 69 82 70 82 72 82 74 79 75 80 79 81
0 9 0 15 0 24 0 39 1 5 1 23 1 39 1 41 2 11 2 16 2 31 2 32 3 5 3 14 3 31 3 33 4 13 4 22 4 26 4 50 5 45 5 50 6 17 6 23 6 56 6 59 7 8 7 19 7 25 7 53 8 20 8 45 8 68 9 14 9 44 9 70 10 18 10 20 10 61 10 67 11 12 11 30 11 63 12 17 12 72 12 75 13 19 13 63 13 77 14 49 14 77 15 22 15 34 15 49 16 21 16 38 16 82 17 64 17 73 18 21 18 53 18 66 19 52 19 83 20 42 20 81 21 77 21 78 22 56 22 71 23 42 23 71 24 38 24 44 24 55 25 33 25 42 25 44 26 28 26 35 26 51 27 29 27 42 27 55 27 57 28 37 28 46 28 71 29 40 29 67 29 69 30 34 30 40 30 65 31 60 31 62 32 43 32 50 32 78 33 61 33 62 34 36 34 48 35 37 35 72 35 78 36 41 36 55 36 74 37 74 37 82 38 43 38 67 39 54 39 67 40 76 40 79 41 82 41 83 43 57 43 70 44 60 45 52 45 66 46 51 46 56 46 63 47 52 47 59 47 64 47 71 48 53 48 54 48 63 49 57 49 58 50 74 51 74 51 76 52 81 53 65 54 58 54 80 55 75 56 83 57 68 58 77 58 82 59 69 59 76 60 73 60 79 61 66 61 73 62 68 62 76 64 69 64 72 65 70 65 81 66 73 68 80 69 80 70 78 72 83 75 79 75 80 79 81
0 9 0 14 0 24 0 39 1 5 1 22 1 33 1 38 2 11 2 16 2 31 2 32 3 4 3 14 3 31 3 40 4 13 4 26 4 59 5 23 5 25 5 44 6 17 6 19 6 50 6 56 7 8 7 22 7 51 7 52 8 20 8 45 8 69 9 15 9 30 9 70 10 12 10 18 10 61 10 67 11 20 11 44 11 63 12 16 12 73 12 75 13 19 13 61 13 77 14 49 14 76 15 23 15 34 15 49 16 38 16 82 17 21 17 52 17 82 18 21 18 55 18 66 19 64 19 75 20 40 20 71 21 40 21 79 22 58 22 81 23 71 23 78 24 38 24 44 24 54 25 33 25 42 25 56 26 28 26 35 26 51 27 29 27 42 27 45 27 54 28 37 28 46 28 70 29 40 29 67 29 69 30 34 30 41 30 65 31 60 31 62 32 43 32 48 32 79 33 72 33 78 34 37 34 50 35 36 35 62 35 63 36 41 36 53 36 74 37 54 37 83 38 67 39 43 39 65 39 74 41 59 41 68 42 76 42 79 43 80 43 81 44 60 45 52 45 66 46 53 46 59 46 62 47 50 47 57 47 64 47 71 48 53 48 58 48 63 49 55 49 57 50 74 51 75 51 76 52 81 53 67 54 80 55 58 55 73 56 82 56 83 57 69 57 70 58 77 59 76 60 77 60 78 61 66 61 73 62 72 63 68 64 68 64 72 65 71 65 81 66 75 68 80 69 82 70 78 72 83 73 80 74 79 77 83
0 9 0 22 0 31 0 32 1 5 1 14 1 33 1 38 2 11 2 16 2 25 2 39 3 4 3 14 3 31 3 40 4 13 4 50 4 57 5 23 5 51 5 53 6 17 6 18 6 26 6 58 7 9 7 23 7 25 7 44 8 15 8 20 8 45 8 68 9 28 9 70 10 12 10 19 10 60 10 67 11 21 11 46 11 63 12 16 12 49 12 77 13 19 13 63 13 76 14 73 14 74 15 22 15 32 15 49 16 66 16 83 17 21 17 64 17 83 18 20 18 38 18 53 19 54 19 75 20 40 20 71 21 78 21 79 22 56 22 83 23 40 23 69 24 33 24 42 24 44 24 54 25 38 25 45 26 29 26 34 26 51 27 28 27 42 27 55 27 56 28 37 28 46 29 41 29 60 29 66 30 35 30 41 30 65 30 70 31 62 31 69 32 43 32 48 33 62 33 78 34 37 34 50 34 79 35 36 35 61 35 72 36 40 36 55 36 74 37 52 37 82 38 67 39 43 39 65 39 72 41 70 41 83 42 77 42 78 43 57 43 80 44 61 44 62 45 53 45 71 46 52 46 59 47 50 47 57 47 65 47 67 48 52 48 55 48 61 49 56 49 59 50 75 51 75 51 77 52 81 53 67 54 58 54 80 55 73 56 81 57 76 58 79 58 82 59 68 59 71 60 76 60 78 61 66 62 72 63 68 63 73 64 69 64 71 64 72 65 81 66 73 68 76 69 82 70 80 74 79 74 82 75 80 77 81
0 5 0 22 0 25 0 39 1 8 1 14 1 31 1 33 2 4 2 10 2 31 2 32 3 14 3 17 3 38 3 40 4 13 4 50 4 57 5 23 5 44 5 51 6 16 6 23 6 26 6 58 7 9 7 18 7 25 7 52 8 15 8 47 8 60 9 20 9 44 9 70 10 20 10 67 10 69 11 13 11 19 11 30 11 63 12 16 12 19 12 51 12 77 13 32 13 49 14 73 14 74 15 22 15 63 15 76 16 53 16 64 17 21 17 64 17 75 18 21 18 36 18 83 19 54 19 82 20 40 20 83 21 69 21 78 22 56 22 71 23 40 23 77 24 33 24 43 24 45 24 54 25 38 25 45 26 29 26 34 26 51 27 28 27 42 27 54 27 57 28 37 28 44 28 70 29 41 29 60 29 66 30 35 30 41 30 65 31 62 31 68 32 42 32 48 33 61 33 62 34 37 34 50 34 79 35 36 35 72 35 78 36 40 36 55 37 52 37 83 38 67 38 74 39 43 39 65 39 72 41 81 41 82 42 77 42 78 43 59 43 68 44 53 45 64 45 67 46 53 46 58 46 61 46 62 47 50 47 56 47 71 48 55 48 56 48 75 49 52 49 59 49 77 50 63 51 75 52 80 53 73 54 81 55 59 55 67 56 81 57 71 57 76 58 79 58 82 59 70 60 76 60 78 61 66 61 73 62 72 63 69 64 68 65 71 65 81 66 72 66 75 68 76 69 80 70 80 73 80 74 79 74 82 79 83
0 5 0 23 0 32 0 38 1 8 1 15 1 31 1 33 2 5 2 14 2 24 2 31 3 11 3 16 3 38 3 40 4 13 4 22 4 57 4 58 5 50 5 53 6 17 6 23 6 26 6 50 7 9 7 19 7 25 7 44 8 14 8 47 8 69 9 20 9 44 9 71 10 18 10 21 10 60 10 66 11 12 11 28 11 63 12 16 12 73 12 74 13 19 13 34 13 51 14 49 14 76 15 22 15 63 15 77 16 53 16 64 17 21 17 54 17 75 18 20 18 36 18 83 19 64 19 82 20 42 20 81 21 69 21 78 22 56 22 69 23 42 23 79 24 43 24 44 24 54 25 33 25 39 25 45 26 29 26 34 26 51 27 28 27 42 27 54 27 57 28 37 28 44 29 40 29 60 29 62 30 35 30 41 30 64 30 70 31 67 31 68 32 42 32 50 32 78 33 61 33 72 34 36 34 48 35 37 35 62 35 78 36 41 36 67 37 52 37 65 38 55 38 74 39 43 39 72 39 83 40 77 40 78 41 59 41 68 43 81 43 82 45 53 45 65 45 66 46 52 46 58 46 61 46 62 47 51 47 56 47 70 48 55 48 56 48 63 49 52 49 59 49 74 50 75 51 76 52 80 53 67 54 81 55 59 55 73 56 79 57 71 57 76 58 82 58 83 59 70 60 77 60 79 61 67 61 73 62 72 63 69 64 71 65 68 65 81 66 72 66 73 68 76 70 80 71 80 74 82 75 79 75 80 77 83
0 5 0 23 0 32 0 38 1 9 1 15 1 39 1 40 2 11 2 16 2 24 2 31 3 4 3 14 3 31 3 33 4 13 4 50 4 57 5 22 5 50 5 52 6 17 6 23 6 24 6 59 7 9 7 19 7 25 7 45 8 14 8 21 8 47 8 69 9 30 9 71 10 18 10 21 10 60 10 66 11 13 11 46 11 63 12 16 12 19 12 73 12 74 13 34 13 61 14 49 14 77 15 22 15 51 15 77 16 53 16 64 17 20 17 64 17 73 18 20 18 38 18 83 19 52 19 82 20 42 20 81 21 78 21 79 22 56 22 69 23 40 23 71 24 43 24 51 25 33 25 39 25 44 26 28 26 42 26 44 26 54 27 29 27 35 27 54 27 56 28 36 28 46 28 71 29 41 29 60 29 62 30 34 30 41 30 65 31 66 31 68 32 42 32 48 32 78 33 63 33 72 34 36 34 50 35 37 35 60 35 78 36 55 36 72 37 40 37 54 37 65 38 43 38 67 39 74 39 83 40 78 41 80 41 83 42 79 43 59 43 68 44 61 44 63 45 52 45 65 45 70 46 53 46 58 47 51 47 57 47 67 48 53 48 58 48 63 49 55 49 56 49 75 50 75 51 76 52 81 53 75 54 80 55 59 55 67 56 77 57 69 57 70 58 82 58 83 59 76 60 72 61 67 61 73 62 69 62 76 62 79 64 68 64 70 65 81 66 73 66 74 68 76 70 80 71 82 72 82 74 79 75 80 77 81
0 8 0 22 0 33 0 39 1 5 1 14 1 39 1 40 2 4 2 11 2 24 2 31 3 14 3 16 3 31 3 33 4 13 4 50 4 56 5 23 5 50 5 52 6 8 6 23 6 24 6 58 7 17 7 19 7 25 7 44 8 66 8 68 9 15 9 20 9 28 9 63 10 18 10 21 10 47 10 60 11 13 11 46 11 70 12 16 12 19 12 49 12 77 13 32 13 51 14 73 14 74 15 22 15 61 15 77 16 64 16 82 17 21 17 52 17 75 18 20 18 38 18 53 19 66 19 82 20 56 20 81 21 42 21 77 22 40 22 69 23 71 23 78 24 43 24 54 25 32 25 38 25 56 26 29 26 42 26 44 26 51 27 28 27 35 27 45 27 54 28 36 28 46 29 41 29 61 29 62 30 34 30 41 30 64 30 70 31 66 31 69 32 42 32 50 33 60 33 78 34 36 34 48 34 78 35 37 35 63 35 72 36 55 36 72 37 40 37 54 37 83 38 43 38 67 39 65 39 72 40 79 41 59 41 80 42 78 43 68 43 83 44 61 44 63 45 52 45 65 45 67 46 53 46 58 47 51 47 57 47 71 48 53 48 55 48 61 49 57 49 59 49 74 50 75 51 76 52 81 53 67 54 80 55 59 55 73 56 77 57 69 57 76 58 82 58 83 59 70 60 67 60 76 62 68 62 72 62 79 63 73 64 71 64 75 65 69 65 81 66 74 68 80 70 76 71 82 73 80 74 83 75 79 79 81
0 8 0 22 0 32 0 38 1 5 1 15 1 31 1 40 2 11 2 16 2 24 2 30 3 4 3 14 3 32 3 39 4 13 4 56 4 59 5 23 5 25 5 53 6 8 6 18 6 26 6 50 7 17 7 22 7 44 7 51 8 61 8 67 9 14 9 20 9 28 9 70 10 19 10 21 10 45 10 68 11 13 11 46 11 63 12 16 12 18 12 49 12 76 13 32 13 51 14 73 14 75 15 23 15 61 15 77 16 53 16 64 17 21 17 66 17 75 18 36 18 83 19 20 19 52 19 82 20 56 20 81 21 76 21 77 22 42 22 69 23 42 23 71 24 39 24 45 24 55 25 33 25 43 25 45 26 28 26 42 26 51 27 29 27 35 27 55 27 56 28 41 28 64 29 36 29 61 29 66 30 34 30 46 30 71 31 41 31 62 31 69 32 48 33 42 33 62 33 63 34 36 34 50 34 78 35 37 35 72 35 79 36 55 37 40 37 54 37 65 38 43 38 67 38 74 39 72 39 83 40 78 40 79 41 57 41 82 43 68 43 83 44 53 44 60 44 63 45 67 46 57 46 58 47 50 47 52 47 65 47 71 48 52 48 58 48 63 49 54 49 57 49 74 50 74 51 76 52 81 53 73 54 59 54 80 55 67 56 77 57 78 58 80 58 83 59 69 59 70 60 66 60 77 60 79 61 73 62 68 62 72 64 70 64 73 65 69 65 80 66 72 68 76 70 82 71 80 74 82 75 78 75 81 79 81
0 8 0 15 0 24 0 38 1 5 1 23 1 30 1 40 2 4 2 11 2 30 2 32 3 14 3 17 3 33 3 38 4 13 4 56 4 58 5 22 5 25 5 53 6 8 6 18 6 26 6 51 7 16 7 22 7 44 7 51 8 47 8 69 9 14 9 20 9 30 9 70 10 19 10 20 10 61 10 66 11 13 11 44 11 62 12 17 12 18 12 49 12 76 13 34 13 51 14 73 14 74 15 23 15 63 15 77 16 21 16 36 16 53 17 66 17 75 18 66 18 83 19 21 19 52 19 83 20 56 20 69 21 40 21 77 22 42 22 81 23 71 23 76 24 42 24 44 24 50 25 33 25 39 25 45 26 28 26 34 26 55 27 29 27 43 27 55 27 56 28 40 28 44 28 70 29 36 29 60 29 66 30 65 31 35 31 41 31 63 31 68 32 43 32 48 32 79 33 72 33 79 34 37 34 50 35 36 35 61 35 62 36 55 37 41 37 54 37 65 38 67 38 74 39 42 39 74 39 82 40 78 41 57 41 82 42 77 43 70 43 83 45 52 45 64 45 67 46 52 46 58 46 60 46 63 47 50 47 57 47 71 48 53 48 59 48 75 49 54 49 57 49 74 50 63 51 76 52 81 53 73 54 59 54 80 55 67 56 79 57 68 58 80 58 83 59 69 59 78 60 72 60 78 61 67 61 73 62 69 62 77 64 68 64 72 64 73 65 71 65 80 68 76 70 82 71 80 72 82 75 78 75 81 79 81
0 9 0 23 0 24 0 38 1 5 1 14 1 30 1 32 2 4 2 15 2 30 2 33 3 11 3 17 3 39 3 41 4 13 4 57 4 59 5 22 5 51 5 52 6 16 6 19 6 26 6 50 7 9 7 22 7 25 7 44 8 15 8 21 8 45 8 61 9 30 9 70 10 18 10 20 10 66 10 68 11 12 11 46 11 62 12 17 12 49 12 76 13 19 13 34 13 63 14 23 14 73 14 74 15 49 15 76 16 20 16 53 16 66 17 66 17 75 18 21 18 36 18 83 19 54 19 83 20 58 20 81 21 40 21 71 22 42 22 69 23 76 23 79 24 39 24 44 24 51 25 32 25 42 25 56 26 29 26 43 26 55 27 28 27 34 27 45 27 55 28 41 28 44 28 70 29 37 29 60 29 63 30 65 31 35 31 40 31 66 31 68 32 48 32 79 33 43 33 60 33 79 34 36 34 50 35 37 35 61 35 72 36 40 36 55 37 67 37 72 38 42 38 65 38 74 39 52 39 82 40 76 41 57 41 80 42 77 43 70 43 81 44 63 45 53 45 71 46 53 46 59 46 60 47 50 47 57 47 64 47 67 48 52 48 58 48 63 49 54 49 56 50 75 51 75 51 77 52 81 53 65 54 58 54 80 55 73 56 80 56 83 57 68 58 79 59 69 59 78 60 72 61 67 61 73 62 69 62 77 62 78 64 69 64 72 64 73 65 71 67 80 68 78 70 82 71 82 74 78 74 82 75 81 77 83
0 5 0 22 0 24 0 39 1 9 1 14 1 30 1 32 2 4 2 15 2 30 2 33 3 10 3 17 3 38 3 40 4 13 4 24 4 58 5 23 5 51 5 52 6 16 6 22 6 51 6 57 7 9 7 18 7 25 7 45 8 15 8 21 8 45 8 61 9 44 9 70 10 20 10 66 10 68 11 12 11 19 11 30 11 62 12 17 12 74 12 76 13 18 13 34 13 63 14 23 14 49 14 72 15 49 15 77 16 20 16 55 16 66 17 54 17 83 18 38 18 82 19 21 19 66 19 73 20 58 20 71 21 42 21 71 22 42 22 81 23 78 23 79 24 42 24 50 25 32 25 38 25 44 26 29 26 42 26 45 26 55 27 28 27 35 27 55 27 57 28 37 28 46 28 70 29 40 29 60 29 63 30 65 31 34 31 41 31 67 31 69 32 50 32 79 33 43 33 60 33 78 34 36 34 48 35 37 35 61 35 72 36 41 36 65 36 74 37 52 37 67 38 53 39 43 39 72 39 82 40 76 40 79 41 57 41 82 43 70 43 81 44 53 44 60 45 71 46 53 46 58 46 62 47 50 47 56 47 65 47 66 48 52 48 59 48 75 49 54 49 56 50 63 51 75 51 76 52 81 53 75 54 59 54 80 55 65 56 77 56 82 57 68 58 83 59 69 59 76 60 77 61 67 61 73 62 73 62 78 63 68 64 69 64 71 64 72 64 73 67 81 68 80 69 80 70 78 74 79 74 83 75 80 77 83
0 5 0 23 0 24 0 38 1 9 1 15 1 30 1 40 2 4 2 15 2 30 2 32 3 11 3 17 3 32 3 38 4 13 4 26 4 59 5 22 5 27 5 45 6 16 6 18 6 51 6 56 7 9 7 23 7 50 7 52 8 14 8 21 8 47 8 61 9 44 9 63 10 19 10 20 10 66 10 69 11 13 11 30 11 71 12 17 12 18 12 51 12 72 13 63 13 76 14 22 14 74 14 76 15 34 15 49 16 20 16 66 16 82 17 66 17 73 18 38 18 55 19 21 19 54 19 83 20 58 20 71 21 69 21 76 22 40 22 81 23 42 23 77 24 39 24 45 24 50 25 33 25 42 25 44 25 55 26 28 26 42 26 54 27 29 27 34 27 56 28 37 28 65 28 70 29 40 29 60 29 62 30 46 31 35 31 41 31 67 31 69 32 48 32 78 33 43 33 60 33 79 34 37 34 50 35 36 35 61 35 72 36 41 36 53 36 74 37 52 37 67 38 65 39 43 39 74 39 82 40 79 41 81 41 82 42 76 43 57 43 70 44 52 44 60 45 64 45 66 46 53 46 58 46 62 47 51 47 57 47 70 48 57 48 58 48 63 49 53 49 55 49 77 50 75 51 75 52 81 53 75 54 59 54 80 55 65 56 77 56 82 57 68 58 83 59 71 59 78 60 77 61 67 61 73 62 73 62 79 63 68 64 68 64 72 64 75 65 71 67 81 68 78 69 80 70 80 72 83 73 80 74 78 79 83
0 8 0 22 0 24 0 31 1 4 1 15 1 30 1 40 2 15 2 16 2 33 2 39 3 5 3 11 3 32 3 38 4 23 4 56 4 58 5 13 5 44 5 50 6 17 6 18 6 24 6 51 7 9 7 23 7 25 7 52 8 14 8 45 8 69 9 21 9 44 9 71 10 19 10 20 10 60 10 66 11 12 11 30 11 63 12 17 12 51 12 72 13 19 13 63 13 76 14 22 14 74 14 76 15 34 15 49 16 20 16 66 16 82 17 52 17 82 18 21 18 36 18 55 19 64 19 73 20 42 20 71 21 42 21 79 22 58 22 81 23 69 23 76 24 43 24 54 25 32 25 38 25 45 26 29 26 43 26 45 26 50 27 28 27 34 27 54 27 57 28 37 28 65 28 70 29 41 29 60 29 67 30 41 30 46 31 35 31 62 31 68 32 50 32 79 33 42 33 62 33 78 34 37 34 48 35 36 35 61 35 72 36 40 36 53 37 67 37 72 38 67 38 74 39 42 39 54 39 83 40 77 40 78 41 70 41 81 43 59 43 82 44 53 44 61 45 70 46 51 46 56 46 62 47 53 47 59 47 64 47 66 48 55 48 57 48 75 49 52 49 59 49 77 50 63 51 74 52 80 53 75 54 81 55 58 55 65 56 79 56 82 57 68 57 71 58 83 59 78 60 73 60 78 61 67 61 73 62 77 63 69 64 68 64 72 65 71 65 81 66 75 68 80 69 80 70 76 73 80 74 83 75 79 77 83
0 4 0 22 0 24 0 31 1 8 1 14 1 30 1 40 2 15 2 16 2 33 2 39 3 5 3 11 3 32 3 39 4 23 4 26 4 51 5 13 5 50 5 53 6 8 6 23 6 56 6 59 7 17 7 19 7 25 7 44 8 45 8 69 9 15 9 21 9 46 9 71 10 13 10 18 10 61 10 67 11 20 11 30 11 62 12 16 12 19 12 72 12 75 13 63 13 76 14 22 14 49 14 77 15 34 15 51 16 36 16 55 17 20 17 52 17 83 18 21 18 64 18 82 19 64 19 73 20 58 20 69 21 42 21 77 22 42 22 83 23 71 23 76 24 38 24 44 24 54 25 32 25 42 25 45 26 29 26 42 26 50 27 28 27 34 27 54 27 57 28 41 28 65 28 70 29 37 29 60 29 67 30 41 30 46 31 35 31 63 31 68 32 48 32 79 33 43 33 73 33 78 34 36 34 50 35 37 35 61 35 62 36 40 36 53 37 54 37 82 38 43 38 67 38 74 39 65 39 72 40 78 40 79 41 59 41 82 43 70 43 83 44 60 44 63 45 52 45 70 46 51 46 56 47 52 47 58 47 65 47 66 48 53 48 58 48 61 49 55 49 57 49 74 50 74 51 77 52 80 53 75 54 81 55 59 55 67 56 77 56 80 57 69 57 78 58 81 59 68 60 73 60 78 61 66 62 69 62 76 63 72 64 68 64 71 65 81 66 72 66 75 68 82 70 76 71 80 73 80 74 83 75 79 79 81
0 8 0 22 0 25 0 30 1 4 1 15 1 30 1 40 2 11 2 16 2 33 2 39 3 5 3 15 3 32 3 39 4 23 4 51 4 56 5 13 5 27 5 52 6 9 6 19 6 24 6 58 7 17 7 23 7 44 7 50 8 14 8 47 8 69 9 20 9 46 9 71 10 18 10 20 10 61 10 67 11 12 11 28 11 63 12 16 12 49 12 72 13 18 13 32 13 51 14 22 14 74 14 76 15 61 15 77 16 36 16 55 17 21 17 54 17 83 18 64 18 82 19 21 19 66 19 75 20 58 20 69 21 40 21 79 22 42 22 81 23 71 23 76 24 32 24 42 24 55 25 38 25 54 25 57 26 29 26 43 26 44 26 50 27 28 27 34 27 45 28 41 28 65 29 37 29 61 29 62 30 46 30 70 31 35 31 41 31 67 31 68 32 48 33 43 33 62 33 79 34 36 34 50 34 79 35 37 35 63 35 73 36 40 36 53 37 52 37 82 38 42 38 65 38 74 39 65 39 72 40 78 41 57 41 82 42 77 43 70 43 83 44 60 44 63 45 52 45 65 45 70 46 51 46 53 47 56 47 59 47 66 48 54 48 57 48 75 49 53 49 59 49 74 50 61 51 76 52 80 53 67 54 81 55 58 55 73 56 82 56 83 57 78 58 79 59 68 59 69 60 66 60 73 60 78 62 69 62 77 63 72 64 68 64 71 64 75 66 72 67 81 68 76 70 80 71 80 73 80 74 83 75 78 77 81
0 4 0 23 0 30 0 32 1 8 1 15 1 31 1 41 2 11 2 16 2 25 2 39 3 5 3 14 3 32 3 39 4 22 4 57 4 58 5 12 5 44 5 50 6 9 6 18 6 26 6 51 7 17 7 23 7 25 7 53 8 14 8 67 8 69 9 21 9 46 9 71 10 12 10 19 10 47 10 60 11 20 11 30 11 62 12 49 12 72 13 16 13 19 13 49 13 77 14 75 14 76 15 22 15 32 15 63 16 36 16 82 17 20 17 64 17 83 18 21 18 53 18 66 19 54 19 73 20 58 20 81 21 76 21 79 22 42 22 69 23 40 23 71 24 33 24 42 24 44 24 55 25 38 25 57 26 29 26 43 26 50 27 28 27 34 27 45 27 54 28 37 28 64 28 70 29 41 29 63 29 68 30 35 30 44 31 40 31 60 31 67 32 50 33 43 33 61 33 73 34 36 34 48 34 79 35 37 35 62 35 79 36 40 36 55 37 52 37 67 38 42 38 65 38 74 39 72 39 82 40 76 41 57 41 70 42 77 43 82 43 83 44 63 45 53 45 65 45 66 46 51 46 56 46 61 47 52 47 59 47 70 48 54 48 56 48 74 49 52 49 59 50 61 51 75 51 76 52 81 53 75 54 80 55 58 55 65 56 79 56 80 57 78 58 83 59 68 59 69 60 73 60 78 61 66 62 69 62 77 63 72 64 71 64 72 65 68 66 73 67 81 68 78 70 82 71 80 74 78 74 83 75 80 77 81
0 4 0 23 0 30 0 33 1 8 1 14 1 30 1 41 2 14 2 16 2 25 2 39 3 4 3 11 3 33 3 39 4 24 4 50 5 12 5 22 5 44 5 51 6 8 6 19 6 56 6 59 7 17 7 22 7 27 7 52 8 47 8 60 9 15 9 20 9 44 9 62 10 13 10 18 10 66 10 68 11 21 11 30 11 71 12 19 12 49 12 73 13 17 13 49 13 76 14 74 14 76 15 23 15 32 15 63 16 21 16 53 16 64 17 64 17 73 18 20 18 36 18 82 19 54 19 83 20 58 20 83 21 77 21 78 22 42 22 69 23 40 23 71 24 32 24 43 24 54 25 38 25 55 25 57 26 28 26 42 26 44 26 51 27 29 27 34 27 45 28 37 28 46 28 70 29 41 29 60 29 63 30 64 31 35 31 40 31 67 31 68 32 42 32 50 33 73 33 79 34 37 34 48 34 78 35 36 35 61 35 62 36 40 36 55 37 52 37 82 38 43 38 65 38 74 39 65 39 72 40 76 41 57 41 68 42 79 43 82 43 83 44 61 45 53 45 65 45 66 46 50 46 56 46 63 47 53 47 58 47 70 48 57 48 58 48 75 49 52 49 55 50 61 51 75 51 77 52 81 53 75 54 59 54 80 55 67 56 77 56 80 57 70 58 81 59 69 59 76 60 72 60 79 61 67 62 69 62 77 63 72 64 71 65 69 66 72 66 73 67 81 68 78 70 82 71 80 74 78 74 83 75 80 79 81
0 8 0 22 0 30 0 32 1 4 1 14 1 39 1 41 2 14 2 16 2 25 2 39 3 4 3 11 3 30 3 33 4 51 4 56 5 12 5 23 5 25 5 52 6 9 6 19 6 24 6 59 7 17 7 23 7 44 7 51 8 15 8 47 8 60 9 21 9 28 9 70 10 13 10 18 10 66 10 69 11 20 11 46 11 63 12 18 12 49 12 76 13 17 13 49 13 77 14 73 14 75 15 22 15 34 15 63 16 20 16 53 16 66 17 66 17 73 18 36 18 83 19 21 19 52 19 83 20 58 20 83 21 76 21 77 22 40 22 69 23 40 23 71 24 33 24 38 24 54 25 42 25 57 26 28 26 35 26 44 26 50 27 29 27 42 27 45 27 55 28 37 28 46 29 40 29 62 29 69 30 64 30 70 31 34 31 40 31 61 31 67 32 43 32 50 32 78 33 61 33 72 34 37 34 48 35 36 35 60 35 79 36 41 36 55 37 54 37 82 38 43 38 65 38 74 39 67 39 74 41 57 41 80 42 76 42 79 43 70 43 81 44 61 44 63 45 52 45 65 45 71 46 50 46 56 47 53 47 58 47 66 48 55 48 57 48 61 49 53 49 58 50 74 51 75 51 76 52 80 53 75 54 59 54 81 55 65 56 80 56 81 57 68 58 77 59 69 59 78 60 67 60 72 62 68 62 77 62 79 63 73 64 71 64 72 64 73 65 68 67 80 68 82 70 78 71 82 72 82 74 78 75 81 79 83
0 8 0 22 0 32 0 38 1 5 1 14 1 39 1 41 2 5 2 10 2 24 2 30 3 14 3 16 3 30 3 32 4 13 4 23 4 50 4 56 5 51 5 52 6 17 6 19 6 24 6 58 7 8 7 23 7 25 7 44 8 61 8 66 9 15 9 20 9 28 9 70 10 20 10 47 10 69 11 12 11 18 11 46 11 63 12 17 12 51 12 76 13 18 13 34 13 49 14 73 14 75 15 22 15 63 15 77 16 21 16 53 16 64 17 66 17 83 18 38 18 83 19 21 19 52 19 75 20 40 20 81 21 77 21 78 22 58 22 69 23 40 23 71 24 42 24 51 25 33 25 39 25 57 26 28 26 35 26 45 26 54 27 29 27 42 27 45 27 55 28 40 28 64 29 36 29 62 29 69 30 46 30 71 31 34 31 40 31 60 31 67 32 48 32 78 33 43 33 60 33 79 34 36 34 50 35 37 35 61 35 72 36 55 36 74 37 41 37 54 37 65 38 43 38 65 39 74 39 82 41 59 41 80 42 78 42 79 43 70 43 83 44 52 44 60 44 62 45 65 45 71 46 50 46 56 47 53 47 59 47 66 48 55 48 57 48 63 49 53 49 59 49 76 50 74 51 75 52 80 53 73 54 58 54 81 55 67 56 77 56 82 57 69 57 76 58 83 59 68 60 77 61 67 61 73 62 72 62 79 63 68 64 70 64 73 65 68 66 72 67 81 68 80 70 76 71 82 72 82 74 78 75 80 79 81
0 8 0 14 0 24 0 30 1 5 1 22 1 30 1 33 2 11 2 17 2 32 2 38 3 5 3 15 3 39 3 41 4 13 4 23 4 50 4 56 5 51 5 52 6 8 6 23 6 26 6 59 7 16 7 19 7 27 7 44 8 60 8 67 9 15 9 20 9 28 9 71 10 18 10 20 10 47 10 68 11 12 11 46 11 63 12 16 12 51 12 76 13 18 13 34 13 63 14 22 14 73 14 74 15 51 15 77 16 53 16 64 17 21 17 52 17 83 18 38 18 82 19 21 19 66 19 75 20 40 20 69 21 42 21 77 22 58 22 81 23 69 23 76 24 42 24 44 24 51 25 33 25 39 25 54 25 56 26 28 26 35 26 54 27 29 27 43 27 45 28 41 28 46 29 37 29 62 29 68 30 65 30 71 31 34 31 40 31 60 31 66 32 43 32 50 32 78 33 61 33 72 34 36 34 48 35 37 35 60 35 78 36 40 36 65 36 72 37 54 37 67 38 42 38 55 39 74 39 82 40 79 41 80 41 81 42 76 43 59 43 70 44 61 44 62 45 52 45 65 45 67 46 50 46 57 47 53 47 59 47 70 48 55 48 57 48 61 49 53 49 58 49 74 49 76 50 75 52 81 53 73 54 80 55 58 55 65 56 77 56 82 57 71 57 78 58 83 59 68 60 77 61 66 62 72 62 79 63 69 63 73 64 69 64 70 64 73 66 74 67 81 68 80 70 78 71 82 72 83 75 79 75 80 79 83
0 8 0 14 0 24 0 38 1 5 1 23 1 31 1 41 2 11 2 17 2 31 2 33 3 4 3 14 3 33 3 39 4 13 4 26 4 50 5 22 5 44 5 51 6 16 6 19 6 57 6 58 7 9 7 23 7 27 7 53 8 15 8 47 8 68 9 21 9 46 9 71 10 13 10 18 10 60 10 66 11 20 11 28 11 62 12 17 12 18 12 51 12 72 13 32 13 49 14 74 14 77 15 22 15 63 15 76 16 20 16 53 16 64 17 66 17 83 18 38 18 82 19 21 19 54 19 75 20 42 20 69 21 76 21 79 22 56 22 83 23 40 23 69 24 43 24 44 24 51 25 32 25 39 25 45 25 55 26 28 26 34 26 54 27 29 27 42 27 57 28 41 28 65 29 37 29 63 29 69 30 35 30 40 30 44 30 70 31 60 31 66 32 42 32 48 33 61 33 72 34 37 34 50 34 79 35 36 35 62 35 79 36 40 36 55 36 72 37 52 37 67 38 43 38 67 39 74 39 82 40 76 41 81 41 82 42 77 43 59 43 68 44 62 45 52 45 65 45 67 46 50 46 56 46 61 47 52 47 58 47 70 48 53 48 55 48 61 49 56 49 59 49 77 50 75 51 75 52 81 53 73 54 59 54 80 55 65 56 79 57 71 57 78 58 81 58 82 59 70 60 76 60 78 61 67 62 73 63 68 63 73 64 69 64 71 64 75 65 81 66 74 68 80 70 78 71 80 72 83 73 80 74 78 77 83
0 9 0 14 0 25 0 31 1 4 1 23 1 39 1 41 2 4 2 10 2 32 2 38 3 14 3 16 3 31 3 32 4 26 4 50 5 13 5 22 5 51 5 52 6 17 6 22 6 57 6 58 7 8 7 18 7 25 7 45 8 21 8 47 8 68 9 15 9 44 9 71 10 13 10 61 10 66 11 19 11 20 11 30 11 63 12 17 12 18 12 51 12 72 13 32 13 49 14 74 14 76 15 23 15 63 15 76 16 20 16 64 16 82 17 64 17 75 18 36 18 55 19 21 19 54 19 82 20 56 20 69 21 69 21 76 22 42 22 83 23 40 23 77 24 33 24 42 24 44 24 51 25 39 25 56 26 29 26 42 26 55 27 28 27 35 27 44 27 55 28 41 28 46 28 70 29 37 29 62 29 68 30 34 30 40 30 65 31 60 31 66 32 48 33 43 33 72 33 79 34 36 34 50 34 79 35 37 35 60 35 61 36 40 36 53 37 52 37 83 38 43 38 67 38 72 39 67 39 74 40 78 41 80 41 83 42 77 43 59 43 68 44 60 45 53 45 65 45 70 46 50 46 57 46 63 47 53 47 58 47 67 48 52 48 59 48 61 49 54 49 56 49 77 50 75 51 75 52 81 53 73 54 59 54 80 55 65 56 79 57 71 57 78 58 80 58 81 59 70 60 73 61 67 62 69 62 77 62 78 63 73 64 69 64 71 65 81 66 73 66 74 68 82 70 76 71 82 72 83 74 78 75 80 79 81
0 9 0 14 0 30 0 32 1 5 1 23 1 31 1 40 2 4 2 10 2 24 2 39 3 14 3 16 3 33 3 39 4 12 4 51 4 57 5 22 5 51 5 53 6 9 6 22 6 26 6 58 7 17 7 18 7 27 7 45 8 15 8 20 8 61 8 66 9 44 9 62 10 21 10 47 10 68 11 13 11 19 11 30 11 71 12 19 12 73 12 74 13 17 13 49 13 76 14 51 14 76 15 23 15 32 15 63 16 21 16 36 16 55 17 52 17 73 18 20 18 66 18 82 19 64 19 82 20 42 20 69 21 69 21 76 22 56 22 81 23 40 23 79 24 43 24 44 24 55 25 33 25 38 25 55 25 56 26 29 26 42 26 50 27 28 27 35 27 44 28 41 28 65 28 70 29 37 29 63 29 68 30 34 30 46 31 41 31 61 31 66 32 42 32 48 33 60 33 78 34 36 34 50 34 79 35 37 35 61 35 73 36 40 36 53 37 54 37 83 38 43 38 65 38 72 39 67 39 74 40 78 41 80 41 81 42 77 43 59 43 70 44 60 45 53 45 64 45 70 46 50 46 57 46 63 47 52 47 58 47 67 48 56 48 59 48 61 49 52 49 54 49 77 50 75 51 74 52 81 53 65 54 59 54 80 55 75 56 83 57 68 57 71 58 79 58 80 59 78 60 67 60 77 62 69 62 72 62 78 63 72 64 69 64 74 65 71 66 75 67 81 68 76 70 82 71 82 72 83 73 80 75 79 77 83
0 8 0 23 0 32 0 38 1 5 1 14 1 30 1 33 2 4 2 14 2 24 2 30 3 10 3 16 3 38 3 41 4 12 4 56 4 58 5 22 5 25 5 44 6 17 6 22 6 26 6 50 7 8 7 18 7 50 7 53 8 67 8 68 9 15 9 20 9 30 9 62 10 21 10 45 10 61 11 13 11 19 11 44 11 70 12 18 12 75 12 76 13 17 13 32 13 63 14 51 14 72 15 23 15 49 15 76 16 21 16 36 16 82 17 64 17 73 18 55 18 64 19 20 19 52 19 82 20 40 20 69 21 69 21 76 22 56 22 81 23 40 23 79 24 42 24 44 24 54 25 33 25 39 25 45 26 28 26 43 26 51 27 29 27 35 27 54 27 56 28 41 28 46 28 70 29 36 29 60 29 63 30 64 31 34 31 40 31 66 31 68 32 43 32 48 33 72 33 78 34 36 34 50 34 78 35 37 35 61 35 62 36 53 37 40 37 67 37 74 38 65 38 74 39 42 39 54 39 83 41 80 41 81 42 76 42 77 43 57 43 70 44 60 45 53 45 71 46 51 46 57 46 62 47 52 47 58 47 64 47 67 48 52 48 59 48 63 49 55 49 57 49 77 50 74 51 74 52 80 53 65 54 81 55 59 55 75 56 79 57 68 58 82 58 83 59 71 59 78 60 77 60 79 61 66 61 73 62 73 63 69 65 69 65 71 66 72 66 73 67 80 68 78 70 80 71 82 72 83 75 79 75 81 77 83
0 8 0 14 0 32 0 39 1 5 1 23 1 31 1 33 2 15 2 17 2 24 2 31 3 4 3 10 3 39 3 40 4 12 4 56 4 59 5 22 5 25 5 45 6 8 6 18 6 24 6 50 7 16 7 23 7 50 7 52 8 67 8 68 9 15 9 20 9 28 9 70 10 13 10 45 10 60 11 19 11 21 11 44 11 62 12 19 12 74 12 76 13 17 13 34 13 49 14 22 14 51 14 73 15 63 15 76 16 21 16 38 16 53 17 66 17 75 18 20 18 66 18 83 19 54 19 82 20 42 20 81 21 42 21 71 22 56 22 69 23 77 23 78 24 42 24 54 25 33 25 38 25 44 26 29 26 42 26 44 26 51 27 28 27 34 27 55 27 56 28 36 28 44 29 41 29 60 29 67 30 35 30 41 30 64 30 70 31 63 31 69 32 43 32 48 32 78 33 72 33 78 34 37 34 50 35 36 35 61 35 62 36 55 36 74 37 40 37 65 37 74 38 43 38 67 39 52 39 83 40 76 40 77 41 57 41 82 43 70 43 81 45 52 45 71 46 51 46 53 46 61 46 62 47 57 47 58 47 65 47 66 48 57 48 58 48 63 49 53 49 55 49 77 50 75 51 74 52 80 53 73 54 59 54 81 55 67 56 79 57 68 58 82 58 83 59 69 59 76 60 77 60 79 61 66 61 73 62 72 63 68 64 71 64 72 64 75 65 69 65 80 68 78 70 80 71 80 72 82 73 81 75 79 79 83
0 8 0 15 0 31 0 32 1 5 1 22 1 31 1 40 2 15 2 17 2 24 2 38 3 4 3 10 3 33 3 39 4 12 4 50 4 56 5 23 5 44 5 50 6 8 6 18 6 26 6 59 7 16 7 22 7 27 7 52 8 60 8 66 9 14 9 20 9 30 9 70 10 21 10 45 10 68 11 13 11 19 11 46 11 63 12 19 12 73 12 74 13 17 13 34 13 61 14 23 14 51 14 77 15 49 15 77 16 21 16 53 16 64 17 64 17 75 18 20 18 38 18 83 19 52 19 82 20 56 20 69 21 40 21 71 22 42 22 81 23 76 23 79 24 39 24 44 24 54 25 33 25 42 25 55 25 57 26 28 26 43 26 51 27 29 27 35 27 45 28 37 28 64 28 70 29 41 29 62 29 69 30 34 30 41 30 44 31 60 31 67 32 43 32 48 32 79 33 72 33 79 34 37 34 50 35 36 35 60 35 63 36 40 36 55 36 72 37 65 37 74 38 42 38 67 39 54 39 83 40 76 41 59 41 82 42 77 43 68 43 83 44 62 45 52 45 71 46 53 46 59 46 61 47 51 47 56 47 64 47 66 48 57 48 58 48 61 49 53 49 55 49 76 50 75 51 75 52 81 53 67 54 58 54 80 55 73 56 83 57 69 57 70 58 79 58 82 59 78 60 72 61 67 62 76 62 78 63 68 63 73 65 69 65 71 65 80 66 73 66 74 68 78 70 80 71 80 72 82 74 78 75 81 77 81
0 9 0 14 0 25 0 31 1 4 1 23 1 30 1 33 2 4 2 15 2 32 2 38 3 11 3 17 3 39 3 41 4 57 4 59 5 12 5 22 5 27 5 44 6 8 6 22 6 24 6 51 7 16 7 19 7 50 7 53 8 21 8 60 8 66 9 15 9 44 9 63 10 12 10 18 10 47 10 68 11 20 11 30 11 71 12 51 12 73 13 17 13 19 13 61 13 77 14 23 14 74 14 77 15 34 15 49 16 20 16 38 16 83 17 52 17 82 18 21 18 53 18 66 19 64 19 75 20 56 20 81 21 42 21 71 22 42 22 69 23 76 23 79 24 33 24 39 24 54 25 42 25 45 25 55 26 28 26 43 26 44 26 50 27 29 27 35 27 57 28 37 28 64 28 71 29 41 29 62 29 69 30 40 30 46 31 34 31 60 31 66 32 43 32 48 32 79 33 63 33 73 34 36 34 50 35 37 35 60 35 79 36 40 36 55 36 72 37 74 37 83 38 42 38 67 39 54 39 65 40 78 40 79 41 82 41 83 43 57 43 68 44 61 45 52 45 65 45 67 46 51 46 56 46 62 47 52 47 58 47 70 48 56 48 58 48 75 49 53 49 55 49 76 50 61 51 75 52 80 53 67 54 59 54 81 55 73 56 83 57 70 58 77 58 82 59 69 59 78 60 76 61 67 62 72 62 78 63 68 63 72 64 70 64 74 65 69 65 80 66 73 68 80 70 76 71 80 72 82 74 78 75 81 77 81
0 5 0 14 0 24 0 31 1 9 1 23 1 33 1 38 2 4 2 15 2 32 2 39 3 11 3 17 3 30 3 41 4 12 4 51 4 57 5 22 5 50 5 52 6 16 6 22 6 26 6 58 7 8 7 19 7 27 7 44 8 21 8 66 8 68 9 15 9 28 9 70 10 12 10 18 10 47 10 60 11 21 11 44 11 63 12 49 12 73 13 17 13 19 13 61 13 76 14 23 14 74 14 77 15 34 15 49 16 20 16 36 16 53 17 64 17 75 18 20 18 66 18 82 19 54 19 83 20 56 20 83 21 71 21 78 22 42 22 69 23 42 23 79 24 38 24 45 24 54 25 33 25 42 25 45 25 55 26 28 26 43 26 50 27 29 27 34 27 57 28 36 28 44 29 41 29 61 29 67 30 40 30 64 30 71 31 35 31 62 31 68 32 43 32 50 32 79 33 63 33 72 34 36 34 48 35 37 35 60 35 79 36 65 37 40 37 67 37 74 38 55 38 74 39 42 39 52 39 82 40 77 40 78 41 70 41 83 43 57 43 80 44 52 45 65 45 71 46 56 46 58 46 61 46 62 47 51 47 53 47 66 48 53 48 59 48 75 49 55 49 56 50 63 51 74 51 77 52 81 53 73 54 59 54 80 55 65 56 79 57 68 58 80 58 81 59 69 59 76 60 67 60 76 61 73 62 72 62 78 63 69 64 70 64 72 65 69 66 73 67 80 68 76 70 82 71 82 72 83 75 78 75 81 77 81
0 9 0 22 0 24 0 31 1 5 1 14 1 31 1 33 2 5 2 10 2 32 2 39 3 15 3 16 3 38 3 41 4 13 4 23 4 57 4 58 5 50 5 53 6 17 6 22 6 26 6 50 7 9 7 19 7 27 7 44 8 15 8 21 8 47 8 60 9 28 9 63 10 12 10 66 10 68 11 18 11 20 11 44 11 70 12 16 12 74 12 76 13 18 13 34 13 51 14 23 14 49 14 73 15 63 15 76 16 36 16 82 17 20 17 52 17 83 18 53 18 64 19 21 19 64 19 75 20 56 20 69 21 69 21 78 22 42 22 81 23 40 23 79 24 38 24 44 24 51 25 33 25 43 25 45 25 54 26 28 26 42 26 54 27 29 27 35 27 56 28 37 28 44 29 40 29 62 29 68 30 34 30 40 30 64 30 71 31 60 31 67 32 42 32 48 32 79 33 61 33 72 34 36 34 50 35 37 35 60 35 79 36 41 36 65 37 74 37 82 38 55 38 74 39 43 39 54 39 65 40 78 41 80 41 83 42 79 43 57 43 70 45 52 45 65 45 66 46 57 46 58 46 61 46 63 47 51 47 52 47 71 48 53 48 59 48 63 49 55 49 56 49 74 50 75 51 77 52 81 53 67 54 80 55 59 55 73 56 83 57 68 58 77 58 80 59 71 59 76 60 77 61 67 61 73 62 69 62 72 62 78 64 70 65 69 66 72 66 73 67 80 68 76 70 82 71 82 72 83 75 78 75 81 77 81
0 8 0 22 0 24 0 39 1 5 1 14 1 38 1 40 2 4 2 15 2 31 2 33 3 11 3 16 3 30 3 33 4 12 4 50 4 56 5 23 5 50 5 53 6 17 6 18 6 26 6 58 7 9 7 22 7 27 7 44 8 15 8 66 8 69 9 21 9 28 9 63 10 19 10 20 10 47 10 60 11 12 11 46 11 71 12 75 12 76 13 16 13 18 13 34 13 49 14 23 14 51 14 72 15 61 15 76 16 36 16 82 17 20 17 54 17 83 18 55 18 64 19 21 19 64 19 75 20 56 20 69 21 78 21 79 22 42 22 81 23 42 23 69 24 38 24 44 24 51 25 32 25 43 25 45 25 54 26 28 26 43 26 55 27 29 27 35 27 57 28 41 28 44 29 36 29 61 29 62 30 41 30 65 30 71 31 34 31 67 31 69 32 42 32 50 32 79 33 73 33 78 34 37 34 48 35 36 35 60 35 63 36 65 37 40 37 52 37 82 38 53 38 72 39 42 39 65 39 74 40 76 40 77 41 82 41 83 43 59 43 70 44 62 45 53 45 65 45 66 46 52 46 58 46 61 47 51 47 56 47 70 48 52 48 59 48 74 49 54 49 57 49 77 50 61 51 74 52 81 53 73 54 80 55 59 55 67 56 83 57 68 57 71 58 79 58 80 59 76 60 67 60 77 62 73 62 78 63 68 63 72 64 68 64 70 66 73 66 74 67 80 68 82 70 78 71 80 72 83 75 79 75 81 77 81
0 9 0 14 0 25 0 31 1 5 1 22 1 30 1 40 2 4 2 15 2 32 2 39 3 10 3 17 3 33 3 39 4 12 4 26 4 51 5 23 5 50 5 52 6 9 6 22 6 57 6 58 7 16 7 19 7 27 7 44 8 15 8 21 8 45 8 68 9 30 9 63 10 20 10 61 10 66 11 13 11 18 11 46 11 70 12 18 12 49 12 76 13 16 13 34 13 51 14 23 14 73 14 75 15 61 15 76 16 66 16 83 17 20 17 54 17 83 18 38 18 53 19 21 19 66 19 75 20 56 20 69 21 77 21 78 22 42 22 83 23 42 23 69 24 33 24 38 24 44 24 50 25 43 25 45 25 54 26 28 26 43 26 55 27 29 27 35 27 57 28 41 28 65 28 71 29 36 29 62 29 69 30 41 30 46 31 34 31 61 31 67 32 42 32 48 32 79 33 63 33 72 34 36 34 50 35 37 35 60 35 78 36 67 36 74 37 40 37 65 37 72 38 42 38 55 39 52 39 82 40 76 40 77 41 59 41 70 43 82 43 83 44 60 44 63 45 52 45 71 46 53 46 58 47 51 47 56 47 65 47 66 48 53 48 59 48 74 49 54 49 56 49 75 50 61 51 77 52 80 53 73 54 81 55 59 55 67 56 79 57 71 57 76 58 81 58 82 59 68 60 67 60 72 62 68 62 77 62 78 63 73 64 69 64 70 64 72 64 75 65 81 68 80 70 78 71 80 73 80 74 79 74 82 79 81
0 8 0 15 0 25 0 39 1 5 1 23 1 30 1 33 2 15 2 16 2 31 2 32 3 4 3 11 3 39 3 40 4 12 4 24 4 59 5 22 5 27 5 52 6 17 6 22 6 50 6 57 7 9 7 19 7 45 7 50 8 14 8 67 8 68 9 21 9 30 9 71 10 18 10 20 10 47 10 61 11 12 11 46 11 63 12 51 12 77 13 16 13 18 13 32 13 49 14 23 14 72 14 75 15 63 15 77 16 64 16 83 17 20 17 52 17 83 18 38 18 53 19 21 19 66 19 75 20 40 20 81 21 69 21 78 22 56 22 71 23 42 23 77 24 33 24 38 24 51 25 42 25 55 25 57 26 28 26 43 26 44 26 55 27 29 27 34 27 44 28 36 28 65 28 71 29 40 29 62 29 68 30 41 30 46 31 35 31 61 31 67 32 43 32 48 33 61 33 73 34 37 34 50 34 78 35 36 35 60 35 79 36 55 36 72 37 41 37 54 37 65 38 42 38 67 39 74 39 82 40 77 41 57 41 70 42 76 43 81 43 82 44 60 44 63 45 52 45 65 45 66 46 51 46 56 47 53 47 58 47 70 48 54 48 56 48 74 49 53 49 58 49 76 50 61 51 74 52 80 53 67 54 59 54 81 55 73 56 83 57 76 58 79 58 82 59 68 59 71 60 66 60 76 62 69 62 73 62 79 63 72 64 69 64 70 64 75 65 81 66 74 68 80 69 80 70 78 72 82 73 80 75 78 79 83
0 8 0 15 0 25 0 39 1 5 1 23 1 33 1 38 2 15 2 17 2 30 2 32 3 5 3 11 3 31 3 41 4 13 4 22 4 26 4 50 5 25 5 44 6 16 6 22 6 57 6 59 7 9 7 19 7 51 7 52 8 14 8 67 8 68 9 21 9 30 9 71 10 18 10 20 10 47 10 60 11 12 11 46 11 63 12 17 12 49 12 76 13 18 13 32 13 63 14 23 14 72 14 75 15 49 15 77 16 20 16 36 16 55 17 52 17 83 18 64 18 82 19 21 19 66 19 75 20 56 20 81 21 42 21 77 22 40 22 69 23 69 23 78 24 33 24 43 24 44 24 51 25 38 25 56 26 28 26 43 26 54 27 29 27 35 27 45 27 54 28 40 28 64 28 70 29 36 29 67 29 68 30 34 30 46 31 40 31 60 31 62 32 42 32 48 33 72 33 78 34 37 34 50 34 78 35 36 35 60 35 61 36 53 37 41 37 54 37 65 38 65 38 72 39 42 39 72 39 82 40 77 41 57 41 68 42 76 43 82 43 83 44 61 44 62 45 52 45 65 45 66 46 50 46 57 47 53 47 58 47 70 48 56 48 58 48 61 49 53 49 55 50 74 51 74 51 76 52 81 53 73 54 80 55 59 55 67 56 83 57 76 58 79 58 80 59 70 59 71 60 73 61 66 62 77 62 79 63 69 63 73 64 71 64 75 65 69 66 74 67 80 68 82 70 78 71 80 73 81 74 83 75 79 79 81
0 8 0 15 0 25 0 39 1 5 1 23 1 31 1 33 2 15 2 17 2 30 2 32 3 5 3 10 3 39 3 40 4 12 4 22 4 50 4 56 5 25 5 44 6 9 6 18 6 24 6 59 7 16 7 23 7 51 7 52 8 14 8 67 8 69 9 20 9 30 9 63 10 20 10 47 10 61 11 12 11 19 11 46 11 71 12 51 12 72 13 16 13 18 13 61 13 77 14 22 14 74 14 76 15 34 15 49 16 38 16 83 17 21 17 52 17 82 18 53 18 66 19 21 19 66 19 75 20 56 20 69 21 42 21 71 22 40 22 83 23 76 23 79 24 33 24 43 24 55 25 38 25 56 26 28 26 43 26 44 26 51 27 29 27 35 27 45 27 55 28 40 28 64 28 70 29 36 29 62 29 69 30 34 30 44 31 41 31 61 31 66 32 42 32 48 32 78 33 63 33 72 34 37 34 50 35 36 35 60 35 78 36 65 36 74 37 41 37 54 37 83 38 42 38 55 39 65 39 72 40 77 41 57 41 82 42 76 43 70 43 81 44 63 45 52 45 65 45 70 46 50 46 57 46 60 47 53 47 58 47 67 48 54 48 57 48 75 49 53 49 58 49 76 50 61 51 74 52 81 53 73 54 59 54 80 55 67 56 81 57 78 58 79 58 80 59 68 59 69 60 66 60 73 62 68 62 77 62 79 63 73 64 71 64 72 64 75 65 68 67 81 68 78 70 82 71 80 73 80 74 82 75 79 77 83
0 8 0 15 0 25 0 39 1 5 1 23 1 33 1 39 2 11 2 16 2 30 2 32 3 5 3 15 3 31 3 40 4 12 4 22 4 50 4 56 5 25 5 45 6 9 6 18 6 24 6 59 7 17 7 23 7 51 7 52 8 14 8 61 8 66 9 21 9 30 9 63 10 12 10 19 10 47 10 68 11 20 11 46 11 70 12 51 12 72 13 16 13 18 13 61 13 77 14 22 14 74 14 77 15 32 15 49 16 38 16 83 17 20 17 64 17 75 18 55 18 66 19 21 19 54 19 82 20 40 20 69 21 76 21 77 22 58 22 83 23 42 23 71 24 33 24 38 24 51 25 42 25 44 26 28 26 34 26 45 26 55 27 29 27 43 27 55 27 57 28 40 28 64 28 71 29 37 29 62 29 68 30 35 30 44 31 41 31 60 31 66 32 43 32 48 33 62 33 63 34 37 34 50 34 78 35 36 35 72 35 79 36 41 36 53 36 74 37 52 37 65 38 42 38 65 39 72 39 83 40 77 41 70 41 83 42 76 43 59 43 80 44 52 44 62 45 65 45 71 46 50 46 56 46 60 47 53 47 58 47 67 48 54 48 57 48 75 49 53 49 58 49 76 50 63 51 75 52 81 53 73 54 59 54 80 55 67 56 80 56 81 57 68 57 69 58 79 59 78 60 76 60 79 61 67 61 73 62 73 63 69 64 70 64 72 65 69 66 73 67 80 68 78 70 82 71 82 74 78 74 82 75 81 79 81
0 8 0 15 0 33 0 38 1 5 1 23 1 39 1 40 2 11 2 16 2 25 2 30 3 4 3 14 3 31 3 32 4 12 4 26 4 50 5 22 5 45 5 51 6 9 6 18 6 56 6 59 7 17 7 23 7 25 7 52 8 14 8 61 8 67 9 21 9 30 9 71 10 19 10 21 10 47 10 68 11 12 11 46 11 63 12 49 12 72 13 16 13 18 13 51 13 77 14 75 14 76 15 22 15 32 15 63 16 36 16 53 17 20 17 66 17 75 18 66 18 83 19 20 19 54 19 82 20 40 20 69 21 76 21 77 22 56 22 83 23 42 23 69 24 32 24 42 24 45 24 55 25 39 25 57 26 28 26 34 26 51 27 29 27 43 27 44 27 55 28 40 28 64 28 70 29 37 29 60 29 67 30 35 30 44 31 41 31 62 31 69 32 48 33 43 33 61 33 62 34 37 34 50 34 79 35 36 35 72 35 79 36 41 36 55 37 72 37 83 38 42 38 67 38 74 39 52 39 65 40 77 41 80 41 83 42 76 43 59 43 70 44 52 44 62 45 65 45 70 46 56 46 58 46 60 47 50 47 53 47 66 48 57 48 58 48 74 49 53 49 54 49 75 50 63 51 76 52 81 53 73 54 59 54 80 55 67 56 81 57 71 57 78 58 79 58 82 59 68 60 77 60 78 61 66 61 73 62 73 63 68 64 71 64 72 64 75 65 69 65 80 68 80 70 78 71 82 73 81 74 78 74 82 79 81
0 8 0 15 0 33 0 38 1 4 1 23 1 31 1 41 2 10 2 16 2 25 2 30 3 4 3 14 3 32 3 38 4 50 4 56 5 12 5 22 5 50 5 52 6 9 6 19 6 24 6 58 7 17 7 23 7 27 7 45 8 14 8 45 8 60 9 21 9 28 9 71 10 21 10 66 10 68 11 12 11 18 11 44 11 63 12 49 12 72 13 17 13 18 13 49 13 76 14 75 14 76 15 22 15 32 15 61 16 20 16 55 16 66 17 66 17 75 18 36 18 82 19 20 19 52 19 82 20 42 20 83 21 42 21 77 22 58 22 71 23 71 23 76 24 32 24 42 24 55 25 39 25 44 25 55 26 28 26 35 26 45 26 51 27 29 27 43 27 57 28 37 28 64 29 41 29 62 29 69 30 34 30 46 30 70 31 40 31 60 31 66 32 48 33 43 33 60 33 63 34 36 34 50 34 78 35 37 35 72 35 79 36 40 36 53 37 72 37 83 38 65 38 72 39 42 39 54 39 67 40 77 40 78 41 70 41 83 43 59 43 80 44 52 44 61 45 70 46 53 46 58 46 63 47 51 47 56 47 65 47 67 48 53 48 59 48 63 49 54 49 57 50 74 51 75 51 77 52 80 53 65 54 59 54 81 55 73 56 79 56 82 57 68 57 69 58 81 59 78 60 77 61 67 61 73 62 68 62 73 62 79 64 71 64 74 64 75 65 69 67 80 68 80 69 82 70 76 73 81 74 78 74 83 79 81
0 8 0 14 0 33 0 38 1 4 1 23 1 31 1 32 2 11 2 17 2 25 2 30 3 4 3 14 3 38 3 41 4 24 4 58 5 13 5 22 5 27 5 53 6 16 6 18 6 51 6 57 7 8 7 23 7 44 7 50 8 66 8 69 9 15 9 21 9 28 9 71 10 19 10 21 10 47 10 60 11 12 11 44 11 63 12 17 12 51 12 76 13 18 13 32 13 61 14 73 14 75 15 22 15 51 15 76 16 20 16 53 16 64 17 52 17 73 18 36 18 82 19 20 19 66 19 82 20 40 20 71 21 69 21 76 22 58 22 83 23 42 23 77 24 32 24 39 24 55 25 42 25 45 25 55 26 28 26 35 26 45 26 50 27 29 27 43 27 57 28 37 28 44 29 41 29 61 29 67 30 34 30 65 30 71 31 40 31 62 31 68 32 48 33 43 33 63 33 72 34 36 34 50 34 78 35 37 35 62 35 79 36 40 36 67 37 74 37 83 38 55 38 74 39 42 39 54 39 65 40 77 41 70 41 81 42 76 43 59 43 82 44 53 45 65 45 70 46 51 46 56 46 61 46 62 47 52 47 58 47 66 48 52 48 54 48 61 49 56 49 59 49 74 49 77 50 74 52 81 53 67 54 59 54 80 55 75 56 81 56 82 57 71 57 78 58 79 59 68 60 67 60 72 60 79 62 77 63 69 63 73 64 68 64 70 64 75 65 81 66 72 68 80 69 80 70 78 72 83 73 80 75 78 79 83
0 4 0 15 0 32 0 38 1 8 1 23 1 38 1 41 2 10 2 17 2 24 2 31 3 4 3 14 3 31 3 33 4 57 4 58 5 13 5 22 5 50 5 53 6 8 6 18 6 24 6 51 7 16 7 23 7 27 7 44 8 66 8 69 9 14 9 21 9 28 9 71 10 13 10 45 10 60 11 19 11 20 11 44 11 63 12 17 12 18 12 51 12 77 13 34 13 63 14 73 14 75 15 22 15 51 15 76 16 20 16 55 16 64 17 52 17 75 18 38 18 82 19 21 19 66 19 82 20 40 20 71 21 69 21 76 22 58 22 83 23 40 23 77 24 39 24 50 25 33 25 42 25 55 25 57 26 28 26 42 26 44 26 55 27 29 27 35 27 45 28 41 28 46 29 36 29 60 29 66 30 34 30 40 30 65 30 71 31 62 31 68 32 43 32 50 32 79 33 62 33 79 34 37 34 48 35 36 35 61 35 73 36 65 36 74 37 40 37 54 37 83 38 53 39 43 39 65 39 74 41 70 41 81 42 76 42 77 43 59 43 82 44 61 45 53 45 70 46 51 46 56 46 62 47 52 47 58 47 65 47 67 48 52 48 54 48 61 49 56 49 59 49 74 49 77 50 74 52 80 53 73 54 59 54 81 55 67 56 80 56 81 57 71 57 78 58 79 59 68 60 72 60 78 61 67 62 76 63 69 63 72 64 68 64 70 64 75 66 72 67 80 68 78 69 80 70 82 72 83 73 81 75 78 79 83
0 8 0 14 0 32 0 39 1 4 1 22 1 33 1 38 2 10 2 17 2 24 2 30 3 4 3 15 3 30 3 41 4 50 4 57 5 13 5 23 5 51 5 52 6 9 6 23 6 26 6 58 7 16 7 19 7 25 7 44 8 15 8 45 8 69 9 21 9 44 9 63 10 12 10 61 10 67 11 18 11 21 11 28 11 71 12 17 12 49 12 77 13 19 13 63 13 77 14 22 14 73 14 75 15 34 15 51 16 20 16 38 16 55 17 52 17 73 18 20 18 64 18 82 19 66 19 82 20 40 20 71 21 69 21 76 22 58 22 81 23 40 23 79 24 42 24 45 24 51 25 33 25 38 25 45 26 29 26 35 26 55 27 28 27 43 27 54 27 57 28 41 28 46 29 36 29 60 29 62 30 65 30 70 31 34 31 40 31 66 31 69 32 43 32 48 32 79 33 61 33 62 34 37 34 50 35 36 35 73 35 78 36 65 36 72 37 40 37 54 37 83 38 53 39 42 39 65 39 74 41 68 41 81 42 78 42 79 43 59 43 82 44 52 44 60 45 70 46 53 46 58 46 62 47 50 47 56 47 64 47 67 48 54 48 56 48 74 49 53 49 59 49 74 50 63 51 76 52 80 53 75 54 81 55 59 55 67 56 80 56 83 57 71 57 78 58 77 59 70 60 72 60 78 61 66 61 72 62 76 63 68 64 68 64 75 65 71 66 74 67 80 68 76 69 80 70 82 72 83 73 81 75 79 77 83
0 4 0 22 0 32 0 38 1 8 1 15 1 30 1 33 2 14 2 16 2 24 2 30 3 5 3 10 3 39 3 40 4 23 4 57 4 58 5 12 5 50 5 52 6 9 6 23 6 26 6 50 7 17 7 18 7 25 7 45 8 14 8 45 8 68 9 20 9 28 9 63 10 21 10 60 10 67 11 12 11 19 11 44 11 71 12 51 12 76 13 17 13 18 13 34 13 63 14 73 14 74 15 22 15 51 15 77 16 21 16 66 16 83 17 66 17 73 18 38 18 53 19 20 19 52 19 82 20 56 20 71 21 71 21 78 22 42 22 81 23 40 23 79 24 42 24 45 24 54 25 33 25 39 25 44 26 29 26 42 26 51 27 28 27 35 27 54 27 56 28 36 28 46 29 41 29 60 29 62 30 65 30 70 31 34 31 41 31 66 31 69 32 43 32 48 32 78 33 61 33 62 34 36 34 50 35 37 35 72 35 79 36 65 36 72 37 40 37 74 37 83 38 43 38 55 39 54 39 65 40 78 41 80 41 81 42 77 43 57 43 70 44 53 44 61 45 67 46 51 46 57 46 63 47 53 47 59 47 65 47 70 48 55 48 56 48 75 49 52 49 59 49 74 49 76 50 63 52 80 53 75 54 81 55 58 55 67 56 83 57 68 58 79 58 82 59 69 59 76 60 72 60 79 61 66 61 73 62 68 62 77 64 69 64 71 64 74 64 75 67 80 68 76 69 82 70 80 72 82 73 81 75 78 77 83
0 4 0 14 0 33 0 39 1 8 1 22 1 30 1 33 2 10 2 16 2 25 2 30 3 5 3 15 3 39 3 40 4 23 4 26 4 58 5 12 5 25 5 45 6 17 6 18 6 50 6 57 7 9 7 22 7 50 7 53 8 15 8 67 8 68 9 20 9 46 9 63 10 21 10 47 10 60 11 12 11 19 11 28 11 71 12 72 12 74 13 17 13 19 13 32 13 61 14 23 14 51 14 76 15 49 15 77 16 21 16 55 16 64 17 66 17 82 18 20 18 38 18 83 19 52 19 75 20 58 20 71 21 69 21 78 22 42 22 81 23 40 23 79 24 32 24 38 24 44 24 54 25 42 25 44 26 29 26 42 26 51 27 28 27 34 27 54 27 56 28 40 28 46 29 36 29 60 29 62 30 64 30 71 31 35 31 41 31 66 31 69 32 43 32 48 33 60 33 78 34 36 34 50 34 79 35 37 35 63 35 72 36 53 36 72 37 41 37 54 37 83 38 43 38 67 39 67 39 74 40 78 41 57 41 80 42 77 43 70 43 83 44 61 44 63 45 52 45 65 45 67 46 51 46 57 47 52 47 59 47 70 48 55 48 56 48 75 49 53 49 59 49 76 50 63 51 75 52 80 53 73 54 81 55 58 55 65 56 80 56 83 57 68 58 79 59 71 59 76 60 77 61 66 61 73 62 68 62 73 62 78 64 70 64 73 65 69 65 80 66 74 68 76 69 82 70 82 72 82 74 79 75 81 77 81
0 5 0 14 0 31 0 33 1 8 1 22 1 30 1 40 2 4 2 10 2 25 2 39 3 15 3 16 3 33 3 39 4 12 4 26 4 58 5 23 5 44 5 50 6 17 6 18 6 51 6 57 7 9 7 23 7 25 7 52 8 15 8 67 8 69 9 20 9 44 9 71 10 20 10 45 10 60 11 12 11 19 11 28 11 63 12 74 12 77 13 17 13 19 13 63 13 76 14 22 14 49 14 72 15 32 15 49 16 21 16 55 16 66 17 64 17 82 18 21 18 36 18 82 19 54 19 75 20 56 20 69 21 71 21 78 22 42 22 83 23 40 23 79 24 32 24 42 24 44 24 55 25 38 25 45 26 28 26 43 26 50 27 29 27 35 27 54 27 56 28 37 28 65 29 41 29 60 29 66 30 41 30 46 30 71 31 34 31 62 31 68 32 43 32 50 33 60 33 78 34 36 34 48 34 79 35 37 35 61 35 72 36 40 36 67 37 52 37 83 38 42 38 53 38 74 39 67 39 74 40 78 41 80 41 81 42 79 43 59 43 70 44 61 45 52 45 67 46 51 46 53 46 62 47 57 47 58 47 65 47 70 48 56 48 59 48 75 49 53 49 54 50 63 51 74 51 77 52 80 53 65 54 81 55 59 55 73 56 77 57 69 57 76 58 81 58 82 59 68 60 73 61 66 61 73 62 76 62 78 63 69 64 68 64 70 64 72 65 80 66 73 68 76 70 80 71 82 72 83 75 79 75 81 77 83
0 5 0 14 0 31 0 33 1 8 1 22 1 39 1 40 2 4 2 15 2 24 2 38 3 10 3 16 3 31 3 33 4 12 4 50 4 57 5 23 5 45 5 51 6 17 6 18 6 26 6 59 7 8 7 23 7 27 7 52 8 66 8 68 9 15 9 20 9 46 9 71 10 12 10 47 10 60 11 19 11 21 11 28 11 63 12 75 12 77 13 17 13 19 13 61 13 76 14 22 14 49 14 72 15 32 15 51 16 21 16 38 16 55 17 54 17 73 18 20 18 64 18 82 19 64 19 83 20 42 20 69 21 40 21 71 22 56 22 81 23 76 23 79 24 39 24 44 24 51 25 32 25 42 25 44 25 54 26 29 26 34 26 54 27 28 27 43 27 56 28 37 28 64 29 41 29 60 29 62 30 35 30 41 30 44 30 71 31 66 31 69 32 43 32 50 33 72 33 78 34 36 34 48 34 79 35 37 35 60 35 63 36 40 36 67 36 74 37 52 37 67 38 42 38 53 39 74 39 82 40 78 41 81 41 82 42 79 43 59 43 68 44 62 45 52 45 64 45 70 46 50 46 53 46 61 47 57 47 58 47 67 48 56 48 58 48 61 49 53 49 55 49 74 50 74 51 77 52 81 53 75 54 80 55 59 55 65 56 77 57 69 57 78 58 80 58 83 59 70 60 73 61 67 62 76 62 78 63 68 63 73 65 69 65 70 65 81 66 72 66 73 68 82 70 76 71 80 72 83 75 79 75 80 77 83
0 8 0 23 0 32 0 38 1 4 1 15 1 38 1 40 2 14 2 16 2 24 2 30 3 4 3 11 3 30 3 33 4 51 4 57 5 12 5 22 5 27 5 45 6 17 6 23 6 26 6 59 7 9 7 18 7 50 7 52 8 14 8 66 8 68 9 20 9 28 9 70 10 12 10 19 10 47 10 61 11 21 11 46 11 63 12 75 12 76 13 17 13 18 13 32 13 61 14 49 14 72 15 22 15 51 15 76 16 21 16 53 16 64 17 66 17 83 18 38 18 83 19 20 19 54 19 73 20 42 20 69 21 40 21 79 22 56 22 83 23 71 23 76 24 42 24 44 24 50 25 33 25 39 25 44 25 55 26 28 26 43 26 55 27 29 27 35 27 56 28 41 28 64 29 37 29 62 29 68 30 44 30 71 31 34 31 41 31 60 31 66 32 43 32 50 33 63 33 72 34 37 34 48 34 78 35 36 35 62 35 78 36 40 36 65 36 74 37 52 37 67 38 55 39 42 39 74 39 82 40 78 41 68 41 83 42 77 43 59 43 82 44 63 45 53 45 64 45 71 46 51 46 53 46 60 47 57 47 58 47 67 48 56 48 58 48 74 49 52 49 54 49 75 50 61 51 77 52 81 53 75 54 59 54 80 55 65 56 79 57 69 57 70 58 80 58 81 59 78 60 77 60 79 61 67 62 69 62 73 63 73 64 73 65 69 65 70 66 72 67 81 68 76 70 82 71 80 72 82 74 79 75 80 77 81
0 8 0 22 0 24 0 39 1 5 1 15 1 32 1 39 2 11 2 16 2 30 2 33 3 4 3 14 3 31 3 40 4 12 4 50 4 56 5 23 5 51 5 53 6 17 6 23 6 24 6 58 7 8 7 19 7 27 7 44 8 66 8 68 9 14 9 20 9 28 9 70 10 12 10 18 10 45 10 61 11 21 11 44 11 62 12 75 12 76 13 17 13 18 13 49 13 76 14 51 14 72 15 22 15 34 15 61 16 21 16 38 16 53 17 52 17 83 18 66 18 82 19 20 19 64 19 73 20 42 20 71 21 40 21 79 22 56 22 83 23 69 23 76 24 42 24 51 25 32 25 38 25 55 25 56 26 28 26 43 26 45 26 55 27 29 27 35 27 45 28 40 28 65 29 37 29 63 29 68 30 34 30 46 30 70 31 41 31 60 31 66 32 50 32 78 33 43 33 62 33 63 34 36 34 48 35 37 35 72 35 79 36 41 36 55 36 74 37 54 37 67 38 42 38 67 39 74 39 82 40 78 41 57 41 70 42 77 43 82 43 83 44 52 44 60 45 71 46 50 46 52 46 63 47 57 47 58 47 64 47 67 48 57 48 59 48 74 49 53 49 54 49 77 50 61 51 75 52 81 53 65 54 59 54 80 55 75 56 79 57 78 58 80 58 81 59 68 59 71 60 73 60 79 61 67 62 69 62 77 63 73 64 69 64 72 65 71 65 81 66 73 68 82 69 80 70 76 72 83 74 78 75 80 77 81
0 5 0 14 0 24 0 31 1 8 1 23 1 32 1 39 2 4 2 10 2 32 2 39 3 14 3 16 3 31 3 40 4 13 4 51 4 57 5 22 5 50 5 53 6 9 6 23 6 26 6 59 7 17 7 19 7 27 7 44 8 15 8 61 8 66 9 20 9 44 9 71 10 13 10 45 10 69 11 18 11 21 11 28 11 63 12 17 12 18 12 75 12 76 13 34 13 61 14 51 14 72 15 22 15 49 15 77 16 21 16 38 16 82 17 64 17 82 18 55 18 64 19 20 19 54 19 73 20 58 20 69 21 40 21 69 22 42 22 83 23 76 23 77 24 38 24 44 24 50 25 33 25 42 25 55 25 56 26 29 26 42 26 54 27 28 27 34 27 45 28 36 28 65 29 40 29 67 29 68 30 35 30 41 30 46 30 70 31 60 31 62 32 50 32 78 33 43 33 62 33 63 34 36 34 48 35 37 35 73 35 79 36 53 36 74 37 41 37 67 37 74 38 43 38 65 39 52 39 83 40 78 41 57 41 68 42 79 43 82 43 83 44 60 45 52 45 70 46 51 46 52 46 63 47 57 47 58 47 65 47 66 48 55 48 56 48 74 49 53 49 58 49 76 50 61 51 75 52 80 53 75 54 59 54 81 55 65 56 80 56 81 57 70 58 77 59 71 59 78 60 77 60 79 61 67 62 69 62 73 63 72 64 68 64 71 66 72 66 73 67 80 68 82 70 76 71 80 72 83 74 78 75 81 79 81
0 9 0 15 0 25 0 31 1 5 1 23 1 30 1 33 2 4 2 10 2 33 2 38 3 14 3 16 3 39 3 40 4 13 4 57 4 59 5 22 5 25 5 52 6 8 6 23 6 26 6 50 7 17 7 18 7 44 7 51 8 20 8 60 8 66 9 14 9 30 9 63 10 12 10 45 10 69 11 19 11 21 11 46 11 71 12 16 12 75 12 76 13 19 13 34 13 61 14 49 14 73 15 22 15 51 15 77 16 38 16 83 17 21 17 64 17 73 18 20 18 55 18 64 19 54 19 82 20 58 20 71 21 40 21 69 22 40 22 81 23 76 23 77 24 32 24 39 24 44 24 51 25 42 25 45 26 29 26 42 26 55 27 28 27 34 27 55 27 56 28 36 28 64 28 70 29 41 29 67 29 68 30 41 30 46 31 35 31 60 31 62 32 43 32 50 32 78 33 62 33 63 34 36 34 48 35 37 35 73 35 79 36 65 36 72 37 40 37 67 37 72 38 43 38 53 39 52 39 83 41 70 41 83 42 76 42 79 43 59 43 80 44 61 44 63 45 52 45 70 46 50 46 57 47 53 47 58 47 65 47 66 48 54 48 56 48 63 49 53 49 58 49 74 50 74 51 76 52 80 53 75 54 59 54 81 55 65 56 80 56 83 57 68 57 71 58 77 59 78 60 72 60 79 61 67 61 72 62 69 62 77 64 71 65 68 66 73 66 74 67 81 68 78 69 82 70 82 74 82 75 78 75 80 79 81
0 9 0 15 0 24 0 38 1 4 1 22 1 32 1 39 2 10 2 16 2 31 2 33 3 5 3 14 3 30 3 40 4 23 4 26 4 58 5 12 5 25 5 53 6 8 6 18 6 50 6 57 7 17 7 23 7 44 7 50 8 21 8 60 8 66 9 14 9 46 9 63 10 12 10 45 10 69 11 19 11 21 11 28 11 71 12 75 12 77 13 16 13 18 13 34 13 51 14 49 14 72 15 22 15 61 15 77 16 64 16 83 17 20 17 54 17 73 18 38 18 55 19 20 19 64 19 82 20 40 20 81 21 40 21 69 22 58 22 71 23 76 23 79 24 39 24 44 24 51 25 32 25 42 25 56 26 28 26 34 26 55 27 29 27 42 27 45 27 55 28 41 28 44 29 36 29 62 29 69 30 41 30 65 30 70 31 35 31 61 31 67 32 50 32 78 33 43 33 62 33 63 34 37 34 48 35 36 35 73 35 79 36 65 36 74 37 40 37 52 37 83 38 43 38 53 39 67 39 74 41 81 41 82 42 76 42 77 43 57 43 68 44 63 45 52 45 70 46 51 46 52 46 61 47 57 47 58 47 64 47 66 48 53 48 54 48 61 49 56 49 59 49 74 50 74 51 76 52 81 53 65 54 59 54 80 55 75 56 82 56 83 57 78 58 79 59 70 59 71 60 67 60 73 60 79 62 68 62 76 63 72 64 68 65 71 66 72 66 73 67 80 68 78 69 80 70 80 72 82 75 78 75 81 77 83
0 4 0 15 0 25 0 31 1 8 1 22 1 32 1 38 2 4 2 11 2 32 2 38 3 15 3 16 3 30 3 40 4 56 4 58 5 12 5 23 5 51 5 53 6 8 6 23 6 26 6 50 7 17 7 18 7 25 7 44 8 45 8 61 9 14 9 21 9 44 9 62 10 12 10 19 10 67 10 68 11 21 11 28 11 70 12 49 12 73 13 16 13 18 13 32 13 63 14 22 14 75 14 76 15 49 15 77 16 64 16 83 17 20 17 54 17 75 18 36 18 53 19 20 19 64 19 83 20 58 20 71 21 40 21 79 22 42 22 81 23 71 23 78 24 33 24 43 24 45 24 54 25 39 25 45 26 28 26 42 26 51 27 29 27 34 27 55 27 56 28 41 28 65 29 36 29 63 29 69 30 41 30 44 30 70 31 35 31 60 31 66 32 50 33 42 33 61 33 62 34 37 34 48 34 79 35 36 35 72 35 78 36 55 37 40 37 67 37 74 38 67 38 74 39 43 39 52 39 82 40 78 41 59 41 82 42 77 43 68 43 83 44 53 45 71 46 57 46 58 46 60 46 63 47 50 47 52 47 64 47 67 48 52 48 55 48 61 49 57 49 59 50 74 51 75 51 76 52 81 53 65 54 59 54 80 55 73 56 79 56 80 57 69 57 70 58 83 59 76 60 77 60 78 61 66 62 68 62 72 63 73 64 69 65 71 65 80 66 72 66 75 68 76 69 80 70 82 72 82 73 81 74 79 77 81
0 9 0 23 0 31 0 32 1 5 1 15 1 30 1 40 2 4 2 15 2 25 2 38 3 11 3 17 3 33 3 38 4 13 4 56 4 58 5 22 5 51 5 53 6 9 6 23 6 26 6 51 7 16 7 18 7 25 7 44 8 14 8 20 8 47 8 60 9 46 9 63 10 12 10 19 10 67 10 69 11 21 11 28 11 70 12 17 12 51 12 77 13 19 13 61 13 76 14 22 14 73 14 74 15 32 15 49 16 21 16 55 16 64 17 64 17 75 18 20 18 36 18 82 19 54 19 83 20 58 20 83 21 40 21 71 22 42 22 71 23 78 23 79 24 33 24 43 24 45 24 55 25 39 25 56 26 28 26 43 26 50 27 29 27 34 27 45 27 55 28 41 28 65 29 36 29 62 29 69 30 41 30 46 30 71 31 35 31 60 31 66 32 42 32 50 33 60 33 63 34 37 34 48 34 79 35 36 35 72 35 79 36 65 37 40 37 52 37 82 38 53 38 74 39 42 39 67 39 74 40 78 41 81 41 82 42 77 43 59 43 68 44 53 44 61 44 62 45 65 45 67 46 52 46 58 47 50 47 57 47 71 48 52 48 59 48 75 49 54 49 57 49 77 50 63 51 75 52 81 53 65 54 59 54 80 55 73 56 80 56 81 57 69 57 70 58 79 59 76 60 76 61 66 61 73 62 72 62 78 63 68 64 68 64 70 66 72 66 73 67 80 68 76 69 80 70 82 72 83 74 78 75 81 77 83
0 5 0 22 0 31 0 32 1 9 1 15 1 39 1 41 2 4 2 15 2 25 2 38 3 10 3 17 3 30 3 32 4 12 4 50 4 57 5 23 5 27 5 53 6 8 6 22 6 26 6 58 7 16 7 19 7 44 7 51 8 20 8 45 8 69 9 14 9 28 9 70 10 13 10 60 10 67 11 18 11 21 11 46 11 63 12 18 12 51 12 77 13 17 13 63 13 77 14 23 14 73 14 74 15 34 15 49 16 21 16 36 16 82 17 54 17 83 18 53 18 64 19 20 19 66 19 75 20 56 20 83 21 40 21 71 22 40 22 69 23 78 23 79 24 33 24 42 24 45 24 51 25 39 25 55 25 56 26 29 26 42 26 55 27 28 27 34 27 45 28 41 28 46 29 36 29 62 29 68 30 40 30 65 30 71 31 35 31 61 31 66 32 48 32 78 33 43 33 61 33 72 34 37 34 50 35 36 35 60 35 79 36 55 37 40 37 52 37 67 38 43 38 65 38 74 39 74 39 82 41 59 41 68 42 77 42 78 43 81 43 82 44 53 44 61 44 62 45 71 46 52 46 58 47 50 47 57 47 64 47 67 48 52 48 54 48 63 49 56 49 59 49 76 50 75 51 74 52 80 53 73 54 59 54 81 55 65 56 79 57 69 57 76 58 80 58 81 59 70 60 66 60 76 61 73 62 72 62 79 63 69 64 68 64 75 65 70 66 72 67 80 68 76 70 82 71 80 72 83 73 81 75 78 77 83
0 5 0 23 0 25 0 31 1 9 1 15 1 32 1 39 2 14 2 17 2 33 2 39 3 5 3 10 3 30 3 41 4 13 4 22 4 57 4 58 5 27 5 53 6 16 6 22 6 24 6 50 7 8 7 18 7 44 7 50 8 21 8 67 8 69 9 14 9 30 9 71 10 13 10 47 10 61 11 19 11 21 11 44 11 62 12 17 12 18 12 51 12 72 13 32 13 63 14 74 14 77 15 23 15 51 15 77 16 20 16 36 16 82 17 64 17 82 18 53 18 66 19 20 19 54 19 75 20 56 20 71 21 40 21 77 22 42 22 81 23 71 23 76 24 32 24 38 24 51 25 42 25 54 25 56 26 29 26 43 26 45 26 54 27 28 27 35 27 45 28 36 28 44 28 70 29 41 29 61 29 63 30 40 30 65 31 34 31 66 31 68 32 48 33 43 33 61 33 73 34 36 34 50 34 79 35 37 35 62 35 79 36 55 37 40 37 52 37 67 38 42 38 67 38 74 39 74 39 83 40 76 41 59 41 68 42 77 43 80 43 81 44 52 45 64 45 70 46 51 46 52 46 60 46 62 47 57 47 58 47 67 48 55 48 56 48 75 49 53 49 59 49 74 49 76 50 63 52 81 53 65 54 80 55 59 55 73 56 79 57 69 57 70 58 80 58 83 59 78 60 66 60 76 60 78 61 72 62 73 63 69 64 68 64 72 65 71 65 80 66 73 68 78 69 82 70 82 72 83 75 78 75 81 79 83
0 5 0 15 0 25 0 30 1 8 1 23 1 31 1 32 2 5 2 14 2 33 2 38 3 10 3 17 3 38 3 40 4 12 4 22 4 57 4 58 5 50 5 52 6 8 6 22 6 26 6 50 7 16 7 19 7 27 7 44 8 45 8 68 9 14 9 21 9 30 9 63 10 13 10 61 10 67 11 18 11 21 11 44 11 71 12 18 12 49 12 73 13 17 13 63 13 76 14 75 14 76 15 23 15 32 15 51 16 20 16 38 16 82 17 64 17 82 18 55 18 66 19 20 19 54 19 75 20 58 20 71 21 40 21 79 22 42 22 81 23 71 23 76 24 32 24 39 24 44 24 54 25 42 25 55 25 56 26 28 26 35 26 51 27 29 27 42 27 45 28 40 28 44 28 71 29 36 29 67 29 68 30 34 30 65 31 41 31 60 31 62 32 48 33 43 33 61 33 72 34 36 34 50 34 79 35 37 35 62 35 79 36 53 36 74 37 41 37 52 37 67 38 67 39 43 39 74 39 83 40 76 41 81 41 82 42 77 43 57 43 68 45 53 45 70 46 51 46 53 46 60 46 63 47 57 47 59 47 65 47 66 48 52 48 59 48 74 49 55 49 56 49 74 50 63 51 77 52 80 53 73 54 58 54 81 55 65 56 79 56 80 57 78 58 83 59 69 59 70 60 77 60 78 61 66 61 73 62 69 62 72 64 69 64 70 64 72 65 81 66 73 68 78 69 80 70 82 72 83 75 78 75 80 77 83
0 9 0 23 0 25 0 39 1 5 1 15 1 31 1 33 2 5 2 14 2 31 2 32 3 10 3 16 3 39 3 41 4 13 4 22 4 57 4 58 5 25 5 45 6 17 6 23 6 26 6 51 7 9 7 19 7 50 7 53 8 14 8 20 8 66 8 68 9 44 9 63 10 21 10 47 10 61 11 12 11 18 11 30 11 71 12 17 12 51 12 73 13 18 13 51 13 77 14 75 14 77 15 22 15 34 15 63 16 21 16 38 16 83 17 64 17 75 18 53 18 64 19 20 19 54 19 82 20 58 20 69 21 42 21 79 22 42 22 83 23 69 23 76 24 33 24 38 24 45 24 54 25 42 25 56 26 28 26 42 26 50 27 29 27 34 27 44 27 55 28 41 28 44 28 70 29 36 29 61 29 66 30 35 30 40 30 64 31 62 31 69 32 43 32 48 32 79 33 61 33 73 34 36 34 50 35 37 35 62 35 78 36 65 36 72 37 40 37 72 37 83 38 43 38 55 39 52 39 65 40 76 40 77 41 80 41 81 43 59 43 68 44 52 45 64 45 67 46 51 46 52 46 60 46 63 47 57 47 58 47 70 48 53 48 55 48 74 49 56 49 59 49 75 49 76 50 63 52 80 53 73 54 59 54 81 55 67 56 79 56 82 57 71 57 78 58 81 59 70 60 67 60 76 60 78 61 72 62 68 62 72 65 69 65 71 66 73 66 74 67 80 68 78 70 80 71 82 74 79 74 82 75 81 77 83
0 9 0 23 0 25 0 38 1 5 1 15 1 39 1 41 2 4 2 15 2 31 2 32 3 10 3 16 3 30 3 32 4 12 4 26 4 50 5 22 5 51 5 53 6 17 6 23 6 57 6 58 7 8 7 18 7 25 7 44 8 21 8 66 8 68 9 14 9 44 9 62 10 21 10 47 10 61 11 12 11 19 11 28 11 71 12 73 12 74 13 17 13 18 13 49 13 76 14 22 14 51 14 77 15 34 15 63 16 20 16 36 16 53 17 66 17 82 18 64 18 83 19 20 19 52 19 75 20 58 20 71 21 42 21 71 22 42 22 83 23 78 23 79 24 33 24 42 24 44 24 55 25 39 25 57 26 29 26 42 26 51 27 28 27 34 27 45 27 55 28 37 28 46 29 41 29 61 29 66 30 40 30 65 30 70 31 35 31 63 31 68 32 48 32 79 33 43 33 61 33 73 34 37 34 50 35 36 35 60 35 79 36 40 36 65 37 54 37 83 38 43 38 55 38 74 39 65 39 72 40 76 40 77 41 81 41 82 43 59 43 70 44 60 45 52 45 65 45 67 46 56 46 59 46 62 47 50 47 52 47 70 48 56 48 59 48 75 49 53 49 54 49 77 50 63 51 74 52 80 53 67 54 58 54 81 55 73 56 80 56 81 57 69 57 76 58 79 59 68 60 67 60 76 61 72 62 72 62 78 63 69 64 69 64 71 64 75 66 72 67 81 68 82 69 80 70 78 73 80 74 82 75 78 77 83
0 5 0 23 0 31 0 33 1 9 1 15 1 30 1 33 2 4 2 10 2 25 2 38 3 15 3 17 3 39 3 41 4 13 4 26 4 50 5 22 5 51 5 53 6 16 6 22 6 57 6 58 7 8 7 18 7 27 7 45 8 20 8 61 8 66 9 14 9 46 9 62 10 13 10 45 10 68 11 19 11 21 11 28 11 71 12 17 12 18 12 73 12 74 13 34 13 61 14 23 14 49 14 77 15 49 15 76 16 21 16 38 16 53 17 64 17 75 18 64 18 83 19 20 19 52 19 82 20 58 20 69 21 78 21 79 22 42 22 81 23 40 23 71 24 32 24 43 24 45 24 54 25 39 25 44 25 55 26 29 26 42 26 51 27 28 27 34 27 56 28 37 28 46 29 41 29 61 29 67 30 40 30 64 30 70 31 35 31 63 31 69 32 42 32 48 32 79 33 63 33 73 34 37 34 50 35 36 35 60 35 79 36 40 36 55 36 74 37 65 37 72 38 43 38 67 39 54 39 83 40 78 41 81 41 82 42 79 43 57 43 70 44 52 44 60 44 62 45 66 46 50 46 57 47 52 47 58 47 64 47 70 48 55 48 56 48 75 49 53 49 59 50 63 51 74 51 77 52 81 53 73 54 59 54 80 55 67 56 80 56 83 57 76 58 77 59 68 59 69 60 67 60 76 61 72 62 72 62 78 63 68 65 69 65 71 65 80 66 72 66 75 68 76 70 82 71 80 73 81 74 82 75 78 77 83
0 4 0 23 0 25 0 31 1 8 1 15 1 32 1 38 2 4 2 10 2 32 2 38 3 15 3 17 3 30 3 41 4 26 4 50 5 13 5 22 5 27 5 53 6 16 6 23 6 56 6 58 7 8 7 18 7 44 7 51 8 45 8 69 9 14 9 20 9 30 9 70 10 12 10 60 10 67 11 19 11 21 11 46 11 62 12 16 12 73 12 74 13 18 13 34 13 63 14 22 14 49 14 77 15 49 15 76 16 53 16 66 17 21 17 64 17 83 18 38 18 82 19 20 19 54 19 75 20 42 20 69 21 40 21 79 22 58 22 81 23 69 23 76 24 33 24 43 24 44 24 54 25 39 25 45 25 55 26 29 26 42 26 51 27 28 27 34 27 56 28 41 28 64 28 71 29 36 29 60 29 67 30 40 30 46 31 35 31 63 31 68 32 50 32 79 33 42 33 61 33 73 34 36 34 48 35 37 35 60 35 79 36 55 36 74 37 40 37 67 37 72 38 67 39 43 39 52 39 82 40 78 41 82 41 83 42 77 43 57 43 68 44 61 44 62 45 52 45 66 46 52 46 58 47 50 47 57 47 64 47 71 48 55 48 57 48 75 49 53 49 59 50 63 51 75 51 77 52 81 53 73 54 59 54 80 55 65 56 80 56 83 57 78 58 79 59 70 59 71 60 76 61 66 61 72 62 72 62 78 63 69 64 72 65 68 65 70 65 81 66 75 68 76 70 82 71 80 73 80 74 78 74 83 77 81
0 4 0 15 0 25 0 31 1 8 1 23 1 38 1 40 2 14 2 17 2 33 2 39 3 4 3 11 3 31 3 32 4 56 4 58 5 13 5 22 5 25 5 52 6 16 6 23 6 26 6 51 7 8 7 18 7 44 7 50 8 45 8 68 9 14 9 20 9 44 9 62 10 12 10 19 10 61 10 66 11 20 11 28 11 71 12 16 12 74 12 77 13 18 13 32 13 49 14 49 14 72 15 22 15 63 15 76 16 38 16 83 17 21 17 66 17 83 18 55 18 66 19 21 19 54 19 73 20 42 20 81 21 76 21 77 22 58 22 69 23 40 23 69 24 32 24 38 24 44 24 50 25 43 25 56 26 29 26 42 26 54 27 28 27 34 27 45 27 54 28 36 28 65 29 41 29 60 29 63 30 35 30 41 30 46 30 71 31 67 31 68 32 48 33 42 33 61 33 73 34 36 34 50 34 78 35 37 35 62 35 79 36 53 36 72 37 40 37 65 37 72 38 67 39 43 39 52 39 82 40 78 41 57 41 82 42 79 43 68 43 81 44 60 45 52 45 66 46 53 46 58 46 62 47 51 47 57 47 64 47 70 48 55 48 57 48 75 49 53 49 59 50 61 51 75 51 77 52 80 53 75 54 81 55 59 55 67 56 77 56 80 57 78 58 83 59 70 59 71 60 76 60 79 61 67 62 73 63 69 63 72 64 69 64 74 64 75 65 70 65 81 68 76 70 82 71 80 73 80 74 78 74 82 79 83
0 4 0 15 0 33 0 38 1 8 1 23 1 31 1 40 2 11 2 17 2 25 2 31 3 5 3 14 3 32 3 38 4 22 4 26 4 50 5 13 5 25 5 52 6 9 6 18 6 57 6 59 7 16 7 23 7 44 7 50 8 14 8 47 8 69 9 20 9 44 9 62 10 12 10 19 10 61 10 67 11 21 11 28 11 70 12 16 12 75 12 77 13 19 13 63 13 76 14 49 14 72 15 22 15 34 15 51 16 38 16 53 17 21 17 66 17 73 18 20 18 66 18 83 19 54 19 82 20 40 20 69 21 76 21 79 22 58 22 83 23 42 23 69 24 32 24 39 24 44 24 51 25 43 25 45 26 28 26 35 26 54 27 29 27 43 27 54 27 56 28 37 28 64 29 40 29 60 29 67 30 34 30 41 30 46 30 70 31 63 31 68 32 48 32 78 33 42 33 61 33 62 34 36 34 50 35 37 35 73 35 78 36 41 36 55 36 72 37 65 37 72 38 67 39 42 39 52 39 83 40 79 41 59 41 70 42 78 43 82 43 83 44 60 45 52 45 65 45 71 46 51 46 57 46 63 47 53 47 59 47 66 48 56 48 58 48 74 49 53 49 55 49 74 50 61 51 77 52 81 53 75 54 80 55 58 55 67 56 77 56 80 57 71 57 78 58 81 59 68 60 73 60 79 61 66 62 69 62 76 63 72 64 71 64 74 64 75 65 68 65 81 68 76 70 82 71 80 73 80 74 82 75 79 77 81
0 5 0 14 0 31 0 33 1 8 1 22 1 32 1 39 2 14 2 17 2 25 2 39 3 5 3 11 3 30 3 40 4 12 4 23 4 50 4 57 5 50 5 53 6 9 6 18 6 26 6 59 7 16 7 23 7 27 7 44 8 15 8 47 8 69 9 20 9 28 9 62 10 12 10 19 10 61 10 67 11 21 11 44 11 70 12 51 12 76 13 17 13 18 13 32 13 61 14 73 14 75 15 22 15 51 15 76 16 21 16 53 16 66 17 64 17 82 18 38 18 83 19 20 19 54 19 73 20 56 20 71 21 42 21 71 22 42 22 83 23 76 23 77 24 32 24 42 24 44 24 54 25 38 25 54 25 57 26 28 26 35 26 51 27 29 27 42 27 45 28 36 28 44 29 40 29 61 29 63 30 41 30 64 30 70 31 34 31 67 31 69 32 48 33 43 33 60 33 78 34 36 34 50 34 78 35 37 35 63 35 72 36 67 36 72 37 41 37 67 37 74 38 43 38 55 39 52 39 83 40 77 40 78 41 68 41 83 43 59 43 80 45 52 45 64 45 71 46 56 46 58 46 60 46 62 47 51 47 52 47 66 48 55 48 56 48 61 49 53 49 58 49 75 49 77 50 74 52 81 53 65 54 80 55 59 55 75 56 79 57 69 57 78 58 80 58 81 59 70 60 66 60 72 62 77 62 79 63 68 63 73 64 74 65 68 65 71 65 80 66 75 68 82 69 82 70 76 72 82 73 81 74 79 79 81
0 5 0 14 0 31 0 33 1 8 1 22 1 30 1 33 2 15 2 16 2 25 2 39 3 4 3 11 3 39 3 40 4 12 4 26 4 50 5 23 5 44 5 50 6 9 6 23 6 57 6 58 7 17 7 18 7 27 7 53 8 15 8 47 8 69 9 20 9 30 9 70 10 19 10 21 10 60 10 66 11 12 11 44 11 62 12 51 12 76 13 17 13 18 13 32 13 51 14 22 14 73 14 75 15 63 15 76 16 21 16 38 16 55 17 54 17 82 18 64 18 83 19 20 19 64 19 73 20 58 20 69 21 40 21 77 22 40 22 81 23 71 23 78 24 32 24 38 24 45 24 51 25 43 25 54 25 57 26 28 26 34 26 55 27 29 27 42 27 45 28 37 28 46 28 70 29 41 29 63 29 69 30 41 30 65 31 35 31 60 31 67 32 42 32 48 33 61 33 62 34 36 34 50 34 79 35 37 35 72 35 78 36 40 36 53 36 72 37 67 37 74 38 43 38 65 39 52 39 83 41 59 41 70 42 77 42 78 43 80 43 83 44 52 44 61 45 65 45 71 46 51 46 56 46 62 47 52 47 59 47 66 48 56 48 59 48 74 49 53 49 54 49 74 49 77 50 61 52 80 53 65 54 81 55 58 55 75 56 79 56 80 57 68 57 69 58 83 59 76 60 77 60 78 61 67 62 72 63 68 63 73 64 68 64 71 66 74 66 75 67 81 68 82 70 76 71 82 72 82 73 80 75 79 79 81
0 5 0 14 0 33 0 39 1 8 1 22 1 30 1 33 2 15 2 16 2 24 2 30 3 5 3 11 3 39 3 41 4 13 4 23 4 26 4 50 5 25 5 53 6 9 6 23 6 57 6 58 7 17 7 18 7 44 7 50 8 15 8 47 8 60 9 20 9 30 9 70 10 12 10 19 10 66 10 69 11 21 11 44 11 63 12 17 12 51 12 77 13 19 13 32 13 61 14 22 14 72 14 74 15 51 15 77 16 21 16 64 16 82 17 66 17 83 18 20 18 36 18 55 19 54 19 73 20 58 20 81 21 40 21 77 22 42 22 69 23 71 23 76 24 38 24 45 24 51 25 32 25 42 25 57 26 29 26 34 26 55 27 28 27 42 27 45 27 55 28 37 28 44 28 70 29 41 29 62 29 69 30 65 31 35 31 40 31 60 31 66 32 43 32 48 33 63 33 73 34 36 34 50 34 79 35 37 35 62 35 79 36 40 36 53 37 67 37 72 38 43 38 67 38 74 39 52 39 82 40 78 41 59 41 70 42 77 43 80 43 83 44 52 45 65 45 71 46 51 46 56 46 61 46 62 47 52 47 58 47 67 48 54 48 56 48 75 49 53 49 59 49 75 49 76 50 63 52 81 53 65 54 59 54 80 55 75 56 79 56 82 57 68 57 69 58 83 59 78 60 76 60 78 61 67 61 72 62 73 63 68 64 68 64 71 64 75 65 81 66 72 68 80 70 76 71 82 73 80 74 78 74 83 79 81
0 8 0 14 0 25 0 38 1 4 1 22 1 31 1 41 2 14 2 16 2 30 2 32 3 5 3 11 3 33 3 39 4 23 4 24 4 50 5 12 5 45 5 50 6 8 6 23 6 56 6 59 7 17 7 18 7 25 7 53 8 45 8 61 9 15 9 20 9 44 9 71 10 13 10 19 10 66 10 69 11 20 11 30 11 63 12 19 12 51 12 72 13 16 13 34 13 49 14 74 14 77 15 22 15 63 15 76 16 55 16 66 17 21 17 66 17 83 18 21 18 38 18 82 19 54 19 75 20 58 20 69 21 76 21 79 22 40 22 81 23 42 23 71 24 33 24 39 24 55 25 42 25 57 26 28 26 42 26 45 26 51 27 29 27 34 27 44 27 55 28 41 28 44 28 70 29 37 29 60 29 62 30 35 30 65 31 40 31 66 31 69 32 43 32 48 32 79 33 61 33 73 34 37 34 50 35 36 35 62 35 79 36 40 36 53 36 74 37 65 37 72 38 43 38 67 39 52 39 82 40 77 41 68 41 83 42 78 43 59 43 82 44 52 45 67 46 56 46 58 46 60 46 63 47 51 47 52 47 65 47 70 48 54 48 57 48 75 49 53 49 58 49 77 50 63 51 75 52 81 53 67 54 59 54 80 55 73 56 80 56 83 57 69 57 70 58 79 59 78 60 73 60 78 61 67 61 72 62 68 62 76 64 68 64 71 64 72 64 75 65 80 68 82 70 76 71 80 73 81 74 78 74 83 77 81
0 9 0 14 0 24 0 30 1 4 1 23 1 39 1 41 2 11 2 16 2 32 2 39 3 4 3 14 3 31 3 32 4 24 4 51 5 12 5 22 5 27 5 52 6 8 6 23 6 56 6 58 7 17 7 19 7 44 7 50 8 20 8 47 8 61 9 15 9 46 9 71 10 13 10 18 10 66 10 69 11 21 11 30 11 63 12 19 12 51 12 72 13 17 13 34 13 49 14 74 14 77 15 22 15 61 15 76 16 21 16 55 16 64 17 54 17 83 18 20 18 38 18 83 19 66 19 75 20 58 20 71 21 76 21 79 22 42 22 83 23 42 23 71 24 38 24 50 25 33 25 43 25 54 25 56 26 29 26 43 26 45 26 54 27 28 27 35 27 45 28 41 28 46 28 71 29 37 29 67 29 68 30 34 30 65 31 40 31 60 31 62 32 48 32 78 33 42 33 60 33 63 34 37 34 50 35 36 35 72 35 79 36 40 36 67 36 74 37 52 37 65 38 42 38 53 39 72 39 82 40 76 40 79 41 70 41 83 43 59 43 82 44 52 44 60 44 63 45 64 45 70 46 53 46 58 47 51 47 57 47 66 48 55 48 57 48 75 49 53 49 59 49 77 50 63 51 75 52 80 53 67 54 81 55 59 55 73 56 77 56 80 57 68 57 69 58 81 59 78 60 76 61 67 61 73 62 69 62 73 62 79 64 68 64 73 65 70 65 80 66 72 68 82 69 80 70 78 74 78 74 82 75 81 77 81
0 8 0 14 0 24 0 38 1 4 1 23 1 39 1 40 2 4 2 14 2 31 2 33 3 11 3 17 3 30 3 32 4 56 4 58 5 12 5 22 5 27 5 53 6 8 6 23 6 26 6 51 7 16 7 19 7 44 7 51 8 61 8 67 9 15 9 21 9 30 9 62 10 12 10 18 10 47 10 69 11 21 11 44 11 70 12 51 12 72 13 17 13 19 13 34 13 49 14 74 14 77 15 22 15 61 15 77 16 20 16 55 16 66 17 54 17 75 18 20 18 36 18 82 19 64 19 83 20 56 20 71 21 42 21 77 22 42 22 81 23 71 23 76 24 39 24 44 24 50 25 32 25 43 25 54 25 56 26 29 26 43 26 54 27 28 27 35 27 45 28 37 28 64 28 70 29 41 29 63 29 68 30 41 30 44 31 34 31 60 31 67 32 48 32 79 33 42 33 60 33 63 34 37 34 50 35 36 35 72 35 78 36 40 36 53 37 52 37 82 38 42 38 67 38 74 39 65 39 74 40 77 40 78 41 70 41 83 43 59 43 82 45 52 45 64 45 71 46 52 46 58 46 60 46 63 47 50 47 57 47 66 48 53 48 59 48 75 49 55 49 57 49 76 50 63 51 75 52 80 53 73 54 81 55 59 55 67 56 79 57 68 57 69 58 80 58 83 59 78 60 73 61 66 61 73 62 69 62 76 62 78 64 72 65 68 65 71 65 80 66 75 68 76 69 80 70 82 72 83 73 81 74 79 79 81
0 9 0 15 0 24 0 31 1 4 1 23 1 32 1 39 2 4 2 14 2 33 2 39 3 11 3 16 3 31 3 40 4 57 4 58 5 13 5 22 5 27 5 44 6 17 6 23 6 26 6 51 7 9 7 18 7 51 7 52 8 14 8 20 8 61 8 67 9 44 9 70 10 13 10 19 10 47 10 69 11 21 11 28 11 62 12 17 12 19 12 74 12 76 13 34 13 51 14 49 14 72 15 22 15 63 15 77 16 21 16 64 16 82 17 66 17 75 18 20 18 36 18 55 19 54 19 83 20 56 20 71 21 76 21 77 22 42 22 81 23 40 23 71 24 43 24 45 24 50 25 32 25 38 25 54 25 56 26 29 26 43 26 54 27 28 27 34 27 45 28 36 28 64 29 41 29 61 29 63 30 35 30 41 30 46 30 70 31 66 31 68 32 48 32 79 33 42 33 60 33 78 34 37 34 50 35 36 35 61 35 72 36 53 37 40 37 52 37 82 38 42 38 67 38 74 39 65 39 74 40 76 41 59 41 70 42 77 43 82 43 83 44 53 44 60 45 65 45 71 46 53 46 58 46 63 47 50 47 57 47 67 48 56 48 59 48 75 49 52 49 55 49 74 50 63 51 76 52 80 53 67 54 81 55 59 55 73 56 83 57 69 57 78 58 79 58 80 59 68 60 66 60 73 61 73 62 69 62 77 62 78 64 71 64 75 65 68 65 80 66 72 68 82 69 80 70 78 72 83 73 81 75 79 79 81
