FACTOR_PERMUTATION_V1 12 16 1024 1 0
10 0 1 1 1 1 1 1 1 1 1 1 0 0 2 2 2 2 2 2 2 2 2 2 0 1 1 2 2 2 2 2 2 2 2 2
0 10 1 1 1 1 1 1 1 1 1 1 0 0 2 2 2 2 2 2 2 2 2 2 1 0 2 2 1 2 2 2 2 2 2 2
1 1 10 0 1 1 1 1 1 1 1 1 2 2 0 0 2 2 2 2 2 2 2 2 1 2 0 1 2 2 2 2 2 2 2 2
1 1 0 10 1 1 1 1 1 1 1 1 2 2 0 0 2 2 2 2 2 2 2 2 2 2 1 0 2 2 1 2 2 2 2 2
1 1 1 1 10 0 1 1 1 1 1 1 2 2 2 2 0 0 2 2 2 2 2 2 2 1 2 2 0 1 2 2 2 2 2 2
1 1 1 1 0 10 1 1 1 1 1 1 2 2 2 2 0 0 2 2 2 2 2 2 2 2 2 2 1 0 2 1 2 2 2 2
1 1 1 1 1 1 10 0 1 1 1 1 2 2 2 2 2 2 0 1 1 2 2 2 2 2 2 1 2 2 0 1 2 2 2 2
1 1 1 1 1 1 0 10 1 1 1 1 2 2 2 2 2 2 1 0 2 2 1 2 2 2 2 2 2 1 1 0 2 2 2 2
1 1 1 1 1 1 1 1 10 0 1 1 2 2 2 2 2 2 1 2 0 1 2 2 2 2 2 2 2 2 2 2 0 0 2 2
1 1 1 1 1 1 1 1 0 10 1 1 2 2 2 2 2 2 2 2 1 0 2 1 2 2 2 2 2 2 2 2 0 0 2 2
1 1 1 1 1 1 1 1 1 1 10 0 2 2 2 2 2 2 2 1 2 2 0 1 2 2 2 2 2 2 2 2 2 2 0 0
1 1 1 1 1 1 1 1 1 1 0 10 2 2 2 2 2 2 2 2 2 1 1 0 2 2 2 2 2 2 2 2 2 2 0 0
0 0 2 2 2 2 2 2 2 2 2 2 10 0 1 1 1 1 1 1 1 1 1 1 0 1 1 2 2 2 2 2 2 2 2 2
0 0 2 2 2 2 2 2 2 2 2 2 0 10 1 1 1 1 1 1 1 1 1 1 1 0 2 2 1 2 2 2 2 2 2 2
2 2 0 0 2 2 2 2 2 2 2 2 1 1 10 0 1 1 1 1 1 1 1 1 1 2 0 1 2 2 2 2 2 2 2 2
2 2 0 0 2 2 2 2 2 2 2 2 1 1 0 10 1 1 1 1 1 1 1 1 2 2 1 0 2 2 1 2 2 2 2 2
2 2 2 2 0 0 2 2 2 2 2 2 1 1 1 1 10 0 1 1 1 1 1 1 2 1 2 2 0 1 2 2 2 2 2 2
2 2 2 2 0 0 2 2 2 2 2 2 1 1 1 1 0 10 1 1 1 1 1 1 2 2 2 2 1 0 2 1 2 2 2 2
2 2 2 2 2 2 0 1 1 2 2 2 1 1 1 1 1 1 10 1 0 1 1 1 2 2 2 1 2 2 0 2 1 2 2 2
2 2 2 2 2 2 1 0 2 2 1 2 1 1 1 1 1 1 1 10 1 1 0 1 2 2 2 2 2 1 2 0 2 2 1 2
2 2 2 2 2 2 1 2 0 1 2 2 1 1 1 1 1 1 0 1 10 1 1 1 2 2 2 2 2 2 1 2 0 1 2 2
2 2 2 2 2 2 2 2 1 0 2 1 1 1 1 1 1 1 1 1 1 10 1 0 2 2 2 2 2 2 2 2 1 0 2 1
2 2 2 2 2 2 2 1 2 2 0 1 1 1 1 1 1 1 1 0 1 1 10 1 2 2 2 2 2 2 2 1 2 2 0 1
2 2 2 2 2 2 2 2 2 1 1 0 1 1 1 1 1 1 1 1 1 0 1 10 2 2 2 2 2 2 2 2 2 1 1 0
0 1 1 2 2 2 2 2 2 2 2 2 0 1 1 2 2 2 2 2 2 2 2 2 10 1 0 1 1 1 1 1 1 1 1 1
1 0 2 2 1 2 2 2 2 2 2 2 1 0 2 2 1 2 2 2 2 2 2 2 1 10 1 1 0 1 1 1 1 1 1 1
1 2 0 1 2 2 2 2 2 2 2 2 1 2 0 1 2 2 2 2 2 2 2 2 0 1 10 1 1 1 1 1 1 1 1 1
2 2 1 0 2 2 1 2 2 2 2 2 2 2 1 0 2 2 1 2 2 2 2 2 1 1 1 10 1 1 0 1 1 1 1 1
2 1 2 2 0 1 2 2 2 2 2 2 2 1 2 2 0 1 2 2 2 2 2 2 1 0 1 1 10 1 1 1 1 1 1 1
2 2 2 2 1 0 2 1 2 2 2 2 2 2 2 2 1 0 2 1 2 2 2 2 1 1 1 1 1 10 1 0 1 1 1 1
2 2 2 1 2 2 0 1 2 2 2 2 2 2 2 1 2 2 0 2 1 2 2 2 1 1 1 0 1 1 10 1 1 1 1 1
2 2 2 2 2 1 1 0 2 2 2 2 2 2 2 2 2 1 2 0 2 2 1 2 1 1 1 1 1 0 1 10 1 1 1 1
2 2 2 2 2 2 2 2 0 0 2 2 2 2 2 2 2 2 1 2 0 1 2 2 1 1 1 1 1 1 1 1 10 0 1 1
2 2 2 2 2 2 2 2 0 0 2 2 2 2 2 2 2 2 2 2 1 0 2 1 1 1 1 1 1 1 1 1 0 10 1 1
2 2 2 2 2 2 2 2 2 2 0 0 2 2 2 2 2 2 2 1 2 2 0 1 1 1 1 1 1 1 1 1 1 1 10 0
2 2 2 2 2 2 2 2 2 2 0 0 2 2 2 2 2 2 2 2 2 1 1 0 1 1 1 1 1 1 1 1 1 1 0 10
0 2
0 3
0 4
0 5
0 6
0 7
0 8
0 9
0 10
0 11
1 2
1 3
1 4
1 5
1 6
1 7
1 8
1 9
1 10
1 11
2 4
2 5
2 6
2 7
2 8
2 9
2 10
2 11
3 4
3 5
3 6
3 7
3 8
3 9
3 10
3 11
4 6
4 7
4 8
4 9
4 10
4 11
5 6
5 7
5 8
5 9
5 10
5 11
6 8
6 9
6 10
6 11
7 8
7 9
7 10
7 11
8 10
8 11
9 10
9 11
0 2
0 3
0 4
0 5
0 6
0 7
0 8
0 9
0 10
0 11
1 2
1 3
1 4
1 5
1 6
1 7
1 8
1 9
1 10
1 11
2 4
2 5
2 6
2 7
2 8
2 9
2 10
2 11
3 4
3 5
3 6
3 7
3 8
3 9
3 10
3 11
4 6
4 7
4 8
4 9
4 10
4 11
5 6
5 7
5 8
5 9
5 10
5 11
6 7
6 9
6 10
6 11
7 8
7 9
7 11
8 9
8 10
8 11
9 10
10 11
0 1
0 3
0 4
0 5
0 6
0 7
0 8
0 9
0 10
0 11
1 2
1 3
1 5
1 6
1 7
1 8
1 9
1 10
1 11
2 3
2 4
2 5
2 6
2 7
2 8
2 9
2 10
2 11
3 4
3 5
3 7
3 8
3 9
3 10
3 11
4 5
4 6
4 7
4 8
4 9
4 10
4 11
5 6
5 8
5 9
5 10
5 11
6 7
6 8
6 9
6 10
6 11
7 8
7 9
7 10
7 11
8 10
8 11
9 10
9 11
14109598319449277470 23552
54 56 34 57 26 0 28 36 55 45 44 46 52 59 20 35 15 31 30 39 18 17 58 51 21 42 4 37 53 9 7 12 48 10 38 14 5 49 19 24 27 1 23 32 33 8 13 22 47 41 11 6 3 40 25 16 2 50 43 29
28 36 5 50 15 44 57 19 29 23 53 34 27 25 54 43 47 46 16 48 32 51 12 37 4 58 41 56 10 14 40 59 3 45 7 52 31 8 26 55 42 49 39 17 33 6 24 18 9 0 20 21 11 22 38 1 30 35 13 2
54 56 34 52 21 0 28 36 55 45 44 46 57 59 20 35 15 31 30 39 18 17 58 9 26 42 4 37 53 51 7 12 48 10 38 14 5 49 19 24 27 1 23 32 33 8 13 22 47 41 11 6 3 40 25 16 2 50 43 29
28 36 5 50 15 44 57 19 21 53 23 34 31 25 54 43 47 46 16 4 32 51 12 37 48 58 41 56 10 14 40 59 3 45 7 52 27 8 26 55 42 49 39 17 33 6 24 18 9 0 2 29 11 22 38 1 30 35 13 20
14104879254310304820 23552
37 18 57 22 46 3 36 31 55 33 39 6 4 43 59 29 11 26 54 38 56 50 51 24 9 44 17 48 52 10 53 47 40 49 42 2 34 25 15 12 0 30 19 58 7 27 32 8 23 5 28 13 35 14 41 16 45 21 1 20
31 41 14 58 24 33 51 36 35 30 45 54 27 25 52 59 56 29 1 22 49 11 20 40 44 9 47 15 46 43 7 13 23 17 53 38 8 57 26 32 48 3 34 10 4 50 6 39 37 18 16 42 12 5 2 19 28 0 21 55
37 18 57 22 46 3 36 31 55 33 39 6 4 43 59 29 11 26 54 38 56 50 51 24 9 44 17 48 52 10 53 47 40 49 42 2 34 25 15 12 0 30 19 58 7 27 32 8 23 5 28 13 35 14 41 16 45 21 1 20
31 41 14 58 24 33 51 36 35 30 45 54 27 25 52 59 56 29 1 22 49 11 20 40 44 9 47 15 46 43 7 13 23 17 53 38 8 57 26 32 48 3 34 10 4 50 6 39 37 18 16 42 12 5 2 19 28 0 21 55
9074185047621570037 23552
57 50 23 33 34 38 41 10 21 49 59 17 35 9 29 56 37 20 25 42 7 48 39 12 18 4 44 43 19 16 54 3 46 30 2 52 6 51 22 32 53 26 58 0 5 47 15 28 27 13 36 24 45 31 55 14 11 1 8 40
13 25 41 57 43 29 33 54 49 37 38 42 53 30 8 34 51 23 3 24 55 44 58 6 47 35 14 1 45 27 15 59 2 17 52 5 26 7 11 4 19 48 0 50 56 22 31 16 46 28 9 39 10 20 40 18 21 36 32 12
57 50 23 33 34 38 41 10 21 49 59 53 35 9 29 56 37 20 25 42 7 48 39 12 18 4 44 43 19 16 54 3 46 30 2 52 6 51 22 32 17 26 58 0 5 47 15 28 27 13 36 24 45 31 55 14 11 1 8 40
13 25 41 57 43 29 33 54 49 37 38 42 53 30 8 34 51 23 3 24 55 44 58 6 47 35 14 1 45 27 15 59 2 17 52 5 26 7 11 9 19 48 0 50 56 22 31 16 46 28 4 39 10 20 40 18 21 36 32 12
271462750330455651 23552
59 31 10 58 54 39 50 42 32 20 48 52 24 53 8 44 27 29 28 36 56 22 14 9 7 37 55 13 17 57 2 40 43 0 49 46 41 35 34 4 3 30 18 11 1 26 51 5 47 45 21 33 25 19 6 23 12 16 15 38
42 39 59 19 15 49 28 9 54 43 2 46 8 31 25 34 30 13 53 23 57 50 12 38 45 27 37 32 47 7 55 6 17 35 21 16 33 10 3 58 48 52 41 56 51 14 44 22 5 40 24 0 18 26 11 36 4 20 1 29
59 31 10 58 54 39 50 42 32 20 48 14 24 53 8 44 27 29 28 36 56 22 52 9 7 37 55 13 17 57 2 40 43 0 49 46 41 35 34 4 3 30 18 11 1 26 51 5 47 45 21 33 25 19 6 23 12 16 15 38
42 39 59 19 15 49 28 9 54 43 2 46 8 31 25 34 30 13 53 23 57 50 12 38 45 27 37 32 47 7 55 6 17 35 10 16 33 21 3 58 48 52 41 56 51 14 44 22 5 40 24 0 18 26 11 36 4 20 1 29
3673993204530156176 23552
38 52 50 53 8 45 27 22 29 28 49 19 31 32 25 24 46 54 36 40 23 51 12 2 13 47 7 56 9 58 37 44 5 18 4 39 35 14 21 55 17 16 3 59 6 30 20 15 34 10 57 42 41 1 11 0 48 33 26 43
55 21 56 11 41 50 47 40 32 43 37 48 51 54 6 39 1 29 25 22 49 3 34 15 26 4 42 12 30 59 8 18 57 13 44 2 16 9 46 33 23 7 17 24 36 27 31 53 35 45 20 52 58 5 38 19 0 10 14 28
38 52 50 53 8 45 27 22 29 28 49 19 31 32 25 24 46 54 36 40 23 56 12 2 13 47 7 51 9 58 37 44 5 18 4 39 35 14 21 55 17 16 3 59 6 30 20 15 34 10 57 42 41 1 11 0 48 33 26 43
55 21 56 11 59 50 47 40 32 43 37 48 51 54 6 39 1 29 25 22 49 3 34 15 26 4 42 12 30 41 8 18 57 13 44 2 16 9 46 33 23 7 17 24 36 27 31 53 35 45 20 52 58 5 38 19 0 10 14 28
2222675378289280529 23552
58 18 51 29 22 55 28 37 43 27 34 54 56 32 53 57 4 21 36 40 50 48 38 13 7 12 9 44 6 49 3 47 23 8 16 39 33 20 15 19 25 31 0 17 59 5 14 52 41 35 46 10 26 30 1 2 45 11 24 42
59 52 28 58 54 29 55 36 24 13 42 53 26 30 38 27 45 51 25 31 49 9 16 33 47 56 43 37 46 17 41 15 12 11 4 21 8 6 34 23 14 48 57 22 7 19 35 0 50 3 10 44 2 18 39 32 1 20 40 5
58 18 51 29 22 55 28 37 43 27 35 54 56 32 53 57 4 21 36 40 50 48 38 13 7 12 9 44 6 49 3 47 23 8 16 39 33 20 15 19 25 31 0 17 59 5 14 52 41 34 46 10 26 30 1 2 45 11 24 42
59 52 28 58 54 29 55 36 24 13 42 7 26 30 38 27 45 51 25 31 49 9 16 33 47 56 43 37 46 17 41 15 12 11 4 21 8 6 34 23 14 48 57 22 53 19 35 0 50 3 10 44 2 18 39 32 1 20 40 5
8698639201054353671 23552
9 53 24 17 56 43 34 30 51 36 54 37 8 49 21 39 27 50 32 29 19 18 55 1 38 13 42 4 26 44 41 14 3 59 7 16 31 57 15 28 22 45 58 35 48 5 52 10 2 47 11 0 25 6 12 40 46 33 20 23
13 51 54 29 20 11 39 55 28 6 56 27 31 23 41 49 42 8 21 16 25 47 17 46 9 26 44 37 15 33 53 58 52 12 2 35 3 5 34 50 59 22 57 38 10 36 7 0 45 1 48 32 40 18 24 19 4 14 30 43
9 53 24 58 56 43 34 30 51 36 54 37 8 49 21 39 27 50 32 29 19 18 55 1 38 13 42 4 26 44 41 14 3 59 7 16 31 57 15 28 22 45 17 35 48 5 52 10 2 47 11 0 25 6 12 40 46 33 20 23
13 51 54 29 20 11 39 55 28 6 56 27 31 23 41 49 42 8 21 16 25 47 17 46 9 1 44 37 15 33 53 58 52 12 2 35 3 5 34 50 59 22 57 38 10 36 7 0 45 26 48 32 40 18 24 19 4 14 30 43
1117504142393200268 23552
42 40 34 17 45 22 27 28 52 23 39 54 32 26 21 11 49 46 51 38 53 15 35 6 59 8 3 16 7 47 19 13 2 48 55 50 57 41 43 14 0 4 56 9 31 24 30 36 18 25 37 5 20 44 33 58 10 29 12 1
58 16 57 26 23 38 30 48 39 42 47 6 54 25 59 45 35 29 27 33 18 32 12 46 36 20 1 52 50 15 37 51 55 40 3 0 19 7 22 34 43 53 4 56 9 41 14 21 44 8 24 11 17 10 28 31 13 2 5 49
42 40 34 17 45 22 27 28 52 23 39 54 32 26 21 11 49 46 51 38 53 15 35 6 59 8 3 16 7 47 19 13 2 48 55 50 57 41 43 14 0 4 56 9 31 24 30 36 18 25 37 5 20 44 33 58 10 29 12 1
58 16 57 26 23 38 30 48 39 42 47 6 54 25 59 45 35 29 27 33 18 32 12 46 36 20 1 52 50 15 37 51 55 40 3 0 19 7 22 34 43 53 4 56 9 41 14 21 44 8 24 11 17 10 28 31 13 2 5 49
8772968740780787857 23552
24 12 0 56 47 41 43 48 33 31 7 35 51 37 40 21 58 38 44 28 15 42 18 1 54 49 36 5 53 4 45 59 14 52 6 46 11 55 8 34 22 57 25 32 27 26 17 16 2 9 23 30 13 10 39 50 29 20 19 3
46 52 58 33 28 17 22 3 14 57 43 44 25 32 27 38 37 54 13 48 56 18 49 50 11 40 53 2 51 55 8 6 45 20 39 16 23 29 12 9 31 5 15 7 47 36 1 10 34 24 0 35 41 59 21 19 26 4 42 30
24 12 0 56 47 41 43 48 33 31 7 35 51 37 40 21 58 38 44 28 15 42 18 1 54 49 36 5 53 4 45 59 14 52 6 46 11 55 8 34 22 57 25 32 27 26 17 16 2 9 23 30 13 10 39 50 29 20 19 3
46 52 58 33 28 17 22 3 14 57 43 44 25 32 27 38 37 54 13 48 56 18 49 50 11 40 53 39 51 55 8 6 45 20 2 16 23 29 12 9 31 5 15 7 47 36 1 10 34 24 0 35 41 59 21 19 26 4 42 30
5148860705751061405 23552
15 2 52 59 56 49 29 58 22 51 41 43 35 50 44 33 4 21 39 23 11 7 53 36 47 8 46 38 14 55 40 57 54 37 30 45 0 3 17 34 9 24 31 27 10 16 25 42 26 19 13 1 20 6 12 18 32 5 48 28
31 56 41 19 44 46 54 47 0 36 42 24 26 9 34 38 30 58 23 49 59 16 40 33 18 35 48 5 45 8 7 39 3 51 37 11 57 4 22 1 53 52 13 6 55 50 29 25 20 14 2 21 17 27 32 15 12 28 10 43
15 2 52 59 56 49 29 58 22 51 41 43 35 50 44 33 4 21 39 23 11 7 53 36 47 8 46 38 14 55 40 57 54 37 30 45 0 3 17 34 9 24 31 27 10 16 25 42 26 19 13 1 20 6 12 18 32 5 48 28
31 57 41 19 44 46 54 47 0 36 42 24 26 9 34 6 30 58 23 49 59 16 40 33 18 35 48 5 45 8 7 39 3 51 37 11 56 4 22 1 53 14 13 38 55 50 29 25 20 52 2 21 17 27 32 15 12 28 10 43
4575837569613898031 23552
5 18 53 51 38 28 34 24 47 22 42 55 50 58 21 54 37 20 32 30 56 49 45 6 41 19 43 2 9 52 35 36 29 46 14 39 11 27 13 4 25 15 7 16 59 31 12 10 23 40 57 8 17 3 26 33 0 44 1 48
49 46 25 10 40 6 41 35 31 47 57 8 32 23 58 38 29 51 22 44 15 2 12 45 17 30 36 53 48 18 39 26 5 16 21 52 55 3 50 54 9 19 34 59 42 33 7 56 24 4 14 20 28 27 11 13 37 1 43 0
5 18 53 51 38 28 34 24 47 22 42 55 50 58 21 54 37 20 32 30 56 49 45 6 41 19 43 2 9 52 35 36 29 46 14 39 11 27 13 4 25 15 7 16 59 31 12 10 23 40 57 8 17 3 26 33 0 44 1 48
49 46 25 17 26 6 41 35 31 47 57 8 32 23 58 38 29 51 22 44 15 2 12 45 10 30 36 53 48 18 39 40 5 16 21 52 55 9 50 54 3 19 34 59 42 33 7 24 56 4 14 20 28 27 11 13 37 1 43 0
6289933214913097745 23552
29 53 47 56 25 20 54 40 30 22 36 50 55 27 58 44 3 35 28 23 18 43 2 52 19 49 57 8 38 31 41 4 59 13 45 6 11 51 0 48 7 32 16 9 17 26 14 39 37 1 24 42 34 10 12 33 5 21 46 15
41 4 48 13 45 44 59 33 10 30 50 43 29 25 20 34 26 5 52 51 32 24 53 8 42 18 12 57 27 58 6 46 14 54 39 37 56 40 17 23 47 49 9 31 55 36 7 19 11 21 38 16 2 15 22 0 28 3 1 35
29 53 47 56 25 40 54 20 30 14 36 50 55 27 58 44 3 35 28 23 18 43 2 52 19 49 57 8 38 31 41 4 59 13 45 6 11 51 0 48 7 32 16 9 17 26 22 39 37 1 24 42 34 10 12 33 5 21 46 15
41 4 48 14 45 44 59 33 10 30 50 43 29 25 20 34 26 5 52 51 32 24 53 8 42 18 12 57 27 58 6 46 13 54 39 37 56 40 17 23 47 49 9 31 55 36 7 19 11 21 38 16 2 15 22 0 28 3 1 35
10209079240713104176 23552
52 54 5 34 28 20 59 26 45 42 47 16 49 53 29 32 51 23 39 40 8 55 58 13 2 19 22 31 56 50 43 9 21 36 4 7 25 57 10 48 1 11 27 0 30 3 17 14 6 18 12 41 15 33 38 46 35 37 44 24
59 24 28 52 46 58 29 42 37 17 51 45 21 50 44 40 55 11 19 6 49 30 8 31 54 35 43 16 41 0 48 33 14 53 39 3 57 10 32 26 56 5 7 38 2 27 13 34 12 20 23 15 9 18 4 25 22 36 1 47
52 54 37 34 28 20 59 26 45 42 47 16 49 53 29 32 51 23 39 40 8 55 58 13 2 19 22 31 56 50 43 9 21 36 4 7 25 57 10 48 1 11 27 0 30 3 17 14 6 18 12 41 15 33 38 46 35 5 44 24
59 24 28 52 46 58 29 42 37 17 51 45 21 50 44 40 55 11 19 6 49 30 8 31 54 35 43 16 41 0 48 33 14 53 39 3 57 10 32 26 56 5 7 38 2 27 13 34 12 20 23 15 9 18 4 25 22 36 1 47
5224764351826300364 23552
44 52 50 26 27 35 42 28 39 5 41 45 48 34 32 55 3 46 14 20 1 16 8 36 58 54 19 49 51 31 7 21 59 18 2 38 15 33 10 6 29 56 25 9 57 22 53 4 40 12 47 43 37 13 24 17 0 11 30 23
31 40 53 51 21 43 34 8 47 12 52 54 9 38 58 46 50 22 44 32 55 49 39 17 3 13 48 26 20 16 57 59 14 1 24 42 56 4 45 30 11 10 18 33 2 15 19 5 29 41 7 6 25 27 0 28 36 23 35 37
44 52 50 26 27 35 42 28 39 5 41 45 48 34 32 55 3 46 14 20 7 16 8 36 58 54 19 22 51 31 1 13 59 18 2 38 10 33 15 6 29 56 25 9 57 49 53 4 40 12 47 43 37 21 24 17 0 11 30 23
34 40 53 51 21 43 31 8 48 12 52 54 9 38 55 26 50 22 44 32 46 49 39 15 3 13 47 58 20 16 41 59 18 1 24 42 56 4 45 30 11 10 14 33 2 17 19 5 29 27 7 6 25 37 0 28 36 23 35 57
8030343521443019168 23552
10 58 27 41 36 44 31 8 45 29 51 42 22 56 33 55 37 34 57 23 7 50 52 35 13 38 3 40 9 54 28 2 46 6 48 16 43 26 14 15 32 18 25 17 5 30 11 24 59 19 0 1 21 47 12 4 49 39 20 53
55 48 33 31 56 45 37 35 10 49 39 52 13 34 58 40 27 30 42 6 43 8 11 0 29 14 36 22 54 16 3 59 18 19 21 2 7 38 26 51 5 44 46 23 50 41 15 25 20 4 53 57 9 24 32 12 1 47 17 28
10 58 27 41 36 44 31 8 45 29 51 42 22 56 33 55 37 34 57 23 7 50 52 35 13 38 3 40 9 54 28 2 46 6 48 16 43 26 14 15 32 18 25 17 5 30 11 24 59 19 0 1 21 47 12 4 49 39 20 53
55 48 33 31 56 45 37 35 10 49 39 52 13 34 58 40 27 30 42 6 43 8 11 0 29 14 36 22 54 16 3 59 18 19 21 2 7 38 26 51 5 44 46 23 50 41 15 25 20 4 53 57 9 24 32 12 1 47 17 28
8263535233472897569 23552
12 43 57 30 58 20 0 46 39 35 33 18 50 37 41 44 47 22 23 55 59 52 42 9 2 16 3 48 40 4 27 38 51 7 13 56 1 25 10 15 49 5 8 19 53 26 32 45 17 54 11 24 31 29 6 14 34 21 36 28
34 50 26 40 31 39 42 14 13 52 45 43 51 32 23 27 1 17 48 37 49 59 16 36 54 47 38 6 24 53 0 8 46 41 7 12 11 3 55 20 30 58 9 15 10 33 5 22 56 35 25 44 18 57 29 19 2 28 21 4
12 43 57 30 58 20 0 46 39 35 33 18 50 37 41 44 47 22 23 55 59 52 42 9 2 16 3 48 40 4 27 38 51 7 13 56 1 25 10 15 49 5 8 19 53 26 32 45 17 54 21 11 31 29 6 14 34 24 36 28
34 50 26 40 32 39 42 14 13 52 45 43 51 31 23 27 1 16 48 37 49 59 17 36 54 47 38 6 24 53 0 8 46 41 7 12 18 3 55 19 30 58 9 15 10 33 5 22 56 35 25 44 11 57 29 20 2 28 21 4
