FACTOR_PERMUTATION_V1 12 16 1024 1 0.25
10 0 1 1 1 1 1 1 1 1 1 1 0 0 2 2 2 2 2 2 2 2 2 2 0 0 2 2 2 2 2 2 2 2 2 2
0 10 1 1 1 1 1 1 1 1 1 1 0 0 2 2 2 2 2 2 2 2 2 2 0 0 2 2 2 2 2 2 2 2 2 2
1 1 10 0 1 1 1 1 1 1 1 1 2 2 0 0 2 2 2 2 2 2 2 2 2 2 0 0 2 2 2 2 2 2 2 2
1 1 0 10 1 1 1 1 1 1 1 1 2 2 0 0 2 2 2 2 2 2 2 2 2 2 0 0 2 2 2 2 2 2 2 2
1 1 1 1 10 0 1 1 1 1 1 1 2 2 2 2 0 0 2 2 2 2 2 2 2 2 2 2 0 0 2 2 2 2 2 2
1 1 1 1 0 10 1 1 1 1 1 1 2 2 2 2 0 0 2 2 2 2 2 2 2 2 2 2 0 0 2 2 2 2 2 2
1 1 1 1 1 1 10 0 1 1 1 1 2 2 2 2 2 2 0 0 2 2 2 2 2 2 2 2 2 2 0 0 2 2 2 2
1 1 1 1 1 1 0 10 1 1 1 1 2 2 2 2 2 2 0 0 2 2 2 2 2 2 2 2 2 2 0 0 2 2 2 2
1 1 1 1 1 1 1 1 10 0 1 1 2 2 2 2 2 2 2 2 0 0 2 2 2 2 2 2 2 2 2 2 0 0 2 2
1 1 1 1 1 1 1 1 0 10 1 1 2 2 2 2 2 2 2 2 0 0 2 2 2 2 2 2 2 2 2 2 0 0 2 2
1 1 1 1 1 1 1 1 1 1 10 0 2 2 2 2 2 2 2 2 2 2 0 0 2 2 2 2 2 2 2 2 2 2 0 0
1 1 1 1 1 1 1 1 1 1 0 10 2 2 2 2 2 2 2 2 2 2 0 0 2 2 2 2 2 2 2 2 2 2 0 0
0 0 2 2 2 2 2 2 2 2 2 2 10 0 1 1 1 1 1 1 1 1 1 1 0 0 2 2 2 2 2 2 2 2 2 2
0 0 2 2 2 2 2 2 2 2 2 2 0 10 1 1 1 1 1 1 1 1 1 1 0 0 2 2 2 2 2 2 2 2 2 2
2 2 0 0 2 2 2 2 2 2 2 2 1 1 10 0 1 1 1 1 1 1 1 1 2 2 0 0 2 2 2 2 2 2 2 2
2 2 0 0 2 2 2 2 2 2 2 2 1 1 0 10 1 1 1 1 1 1 1 1 2 2 0 0 2 2 2 2 2 2 2 2
2 2 2 2 0 0 2 2 2 2 2 2 1 1 1 1 10 0 1 1 1 1 1 1 2 2 2 2 0 0 2 2 2 2 2 2
2 2 2 2 0 0 2 2 2 2 2 2 1 1 1 1 0 10 1 1 1 1 1 1 2 2 2 2 0 0 2 2 2 2 2 2
2 2 2 2 2 2 0 0 2 2 2 2 1 1 1 1 1 1 10 0 1 1 1 1 2 2 2 2 2 2 0 0 2 2 2 2
2 2 2 2 2 2 0 0 2 2 2 2 1 1 1 1 1 1 0 10 1 1 1 1 2 2 2 2 2 2 0 0 2 2 2 2
2 2 2 2 2 2 2 2 0 0 2 2 1 1 1 1 1 1 1 1 10 0 1 1 2 2 2 2 2 2 2 2 0 0 2 2
2 2 2 2 2 2 2 2 0 0 2 2 1 1 1 1 1 1 1 1 0 10 1 1 2 2 2 2 2 2 2 2 0 0 2 2
2 2 2 2 2 2 2 2 2 2 0 0 1 1 1 1 1 1 1 1 1 1 10 0 2 2 2 2 2 2 2 2 2 2 0 0
2 2 2 2 2 2 2 2 2 2 0 0 1 1 1 1 1 1 1 1 1 1 0 10 2 2 2 2 2 2 2 2 2 2 0 0
0 0 2 2 2 2 2 2 2 2 2 2 0 0 2 2 2 2 2 2 2 2 2 2 10 0 1 1 1 1 1 1 1 1 1 1
0 0 2 2 2 2 2 2 2 2 2 2 0 0 2 2 2 2 2 2 2 2 2 2 0 10 1 1 1 1 1 1 1 1 1 1
2 2 0 0 2 2 2 2 2 2 2 2 2 2 0 0 2 2 2 2 2 2 2 2 1 1 10 0 1 1 1 1 1 1 1 1
2 2 0 0 2 2 2 2 2 2 2 2 2 2 0 0 2 2 2 2 2 2 2 2 1 1 0 10 1 1 1 1 1 1 1 1
2 2 2 2 0 0 2 2 2 2 2 2 2 2 2 2 0 0 2 2 2 2 2 2 1 1 1 1 10 0 1 1 1 1 1 1
2 2 2 2 0 0 2 2 2 2 2 2 2 2 2 2 0 0 2 2 2 2 2 2 1 1 1 1 0 10 1 1 1 1 1 1
2 2 2 2 2 2 0 0 2 2 2 2 2 2 2 2 2 2 0 0 2 2 2 2 1 1 1 1 1 1 10 0 1 1 1 1
2 2 2 2 2 2 0 0 2 2 2 2 2 2 2 2 2 2 0 0 2 2 2 2 1 1 1 1 1 1 0 10 1 1 1 1
2 2 2 2 2 2 2 2 0 0 2 2 2 2 2 2 2 2 2 2 0 0 2 2 1 1 1 1 1 1 1 1 10 0 1 1
2 2 2 2 2 2 2 2 0 0 2 2 2 2 2 2 2 2 2 2 0 0 2 2 1 1 1 1 1 1 1 1 0 10 1 1
2 2 2 2 2 2 2 2 2 2 0 0 2 2 2 2 2 2 2 2 2 2 0 0 1 1 1 1 1 1 1 1 1 1 10 0
2 2 2 2 2 2 2 2 2 2 0 0 2 2 2 2 2 2 2 2 2 2 0 0 1 1 1 1 1 1 1 1 1 1 0 10
0 2
0 3
0 4
0 5
0 6
0 7
0 8
0 9
0 10
0 11
1 2
1 3
1 4
1 5
1 6
1 7
1 8
1 9
1 10
1 11
2 4
2 5
2 6
2 7
2 8
2 9
2 10
2 11
3 4
3 5
3 6
3 7
3 8
3 9
3 10
3 11
4 6
4 7
4 8
4 9
4 10
4 11
5 6
5 7
5 8
5 9
5 10
5 11
6 8
6 9
6 10
6 11
7 8
7 9
7 10
7 11
8 10
8 11
9 10
9 11
0 2
0 3
0 4
0 5
0 6
0 7
0 8
0 9
0 10
0 11
1 2
1 3
1 4
1 5
1 6
1 7
1 8
1 9
1 10
1 11
2 4
2 5
2 6
2 7
2 8
2 9
2 10
2 11
3 4
3 5
3 6
3 7
3 8
3 9
3 10
3 11
4 6
4 7
4 8
4 9
4 10
4 11
5 6
5 7
5 8
5 9
5 10
5 11
6 8
6 9
6 10
6 11
7 8
7 9
7 10
7 11
8 10
8 11
9 10
9 11
0 2
0 3
0 4
0 5
0 6
0 7
0 8
0 9
0 10
0 11
1 2
1 3
1 4
1 5
1 6
1 7
1 8
1 9
1 10
1 11
2 4
2 5
2 6
2 7
2 8
2 9
2 10
2 11
3 4
3 5
3 6
3 7
3 8
3 9
3 10
3 11
4 6
4 7
4 8
4 9
4 10
4 11
5 6
5 7
5 8
5 9
5 10
5 11
6 8
6 9
6 10
6 11
7 8
7 9
7 10
7 11
8 10
8 11
9 10
9 11
7534809006794044135 9216
29 38 25 54 41 24 35 30 53 36 56 31 33 22 21 40 50 44 2 14 5 19 45 51 20 8 49 16 18 48 55 17 46 9 42 39 34 59 4 12 52 27 6 57 37 26 11 7 0 13 58 32 43 1 28 3 47 15 10 23
48 54 9 45 29 41 36 15 33 24 43 39 55 56 53 10 34 50 22 28 26 59 18 44 37 49 12 4 52 51 27 46 11 40 7 42 6 30 25 35 16 17 32 0 8 14 31 23 47 20 2 13 19 3 58 57 5 38 21 1
29 38 25 54 41 24 35 30 53 36 56 31 33 22 21 40 14 44 2 50 5 19 45 51 20 8 49 16 18 48 55 17 46 9 42 39 34 59 4 12 52 27 6 57 23 26 11 7 0 13 58 32 43 1 28 3 47 15 10 37
48 54 9 45 29 41 36 15 33 24 43 39 55 56 53 10 34 20 22 28 26 59 18 44 37 49 12 4 52 51 27 46 11 40 7 42 6 30 25 35 16 17 32 0 8 14 31 23 47 50 2 13 19 3 58 57 5 38 21 1
6918849402750889327 9216
57 25 23 38 35 14 54 46 44 30 50 42 53 52 45 41 0 1 26 28 58 15 20 2 29 36 5 17 18 27 9 3 12 40 48 43 6 24 51 55 4 32 31 59 8 22 11 49 56 10 39 16 13 34 33 21 37 19 47 7
47 40 16 54 45 32 28 22 25 9 38 58 27 24 35 46 43 36 49 6 5 18 56 39 42 19 44 53 29 48 17 57 51 23 37 2 30 7 10 31 26 14 59 4 55 3 52 33 12 41 0 21 8 34 13 15 1 20 11 50
57 25 23 38 35 14 54 46 44 30 50 42 53 52 45 41 0 1 26 28 58 15 20 2 29 36 5 17 18 27 9 3 12 40 48 43 6 24 51 55 4 32 31 59 8 22 11 49 56 10 39 16 13 34 33 21 37 19 47 7
47 40 16 54 45 32 28 22 25 9 38 58 27 24 35 31 43 36 49 6 5 18 56 39 42 19 44 53 29 48 17 57 51 23 37 2 30 7 10 46 26 14 59 4 55 3 52 33 12 41 0 21 8 34 13 15 1 20 11 50
9215765210169929603 9216
41 58 42 8 38 27 43 52 22 28 30 57 50 13 25 26 37 2 33 24 54 15 7 44 45 9 12 48 6 53 16 36 47 14 29 23 59 1 20 31 17 10 51 32 0 18 56 49 34 11 55 40 19 46 39 3 4 5 21 35
51 53 35 48 1 44 20 26 7 12 57 30 24 25 41 13 43 22 42 37 39 9 40 16 4 45 15 21 14 46 47 8 18 36 52 38 6 54 50 19 23 49 10 58 55 31 2 11 0 56 17 33 28 3 27 59 29 32 34 5
41 58 42 8 38 27 43 52 22 28 30 57 50 13 25 26 37 2 33 24 54 15 7 44 45 9 12 48 6 53 16 36 47 14 29 23 59 1 20 31 17 10 51 32 0 18 56 49 34 11 55 40 19 46 39 3 4 5 21 35
51 53 35 48 1 44 20 26 7 12 57 30 24 25 41 13 43 22 42 37 39 9 40 16 4 45 15 21 14 46 47 8 18 36 52 38 6 54 50 19 23 49 10 58 55 31 2 11 0 56 17 33 28 3 27 59 29 32 34 5
17203021475696799761 9216
51 52 59 22 29 39 16 37 26 7 53 15 48 30 25 38 41 34 44 45 18 46 56 3 14 36 55 10 35 17 47 49 40 8 4 20 57 11 54 27 2 43 58 23 9 5 12 32 0 13 28 6 21 19 24 1 42 31 33 50
44 28 53 26 56 22 43 19 4 33 47 58 48 55 46 35 0 37 23 14 24 5 18 59 40 7 38 36 51 9 39 12 42 29 13 52 1 34 25 15 54 3 16 17 31 50 32 49 41 27 45 20 8 21 57 6 11 10 2 30
51 52 59 22 29 39 16 37 26 7 53 15 48 30 25 38 41 34 44 45 18 46 56 3 14 36 55 10 35 17 47 49 40 8 4 20 57 11 54 27 2 43 58 23 9 5 12 32 0 13 28 6 21 19 24 1 42 31 33 50
44 28 53 26 56 22 43 19 4 33 47 58 48 55 29 35 0 37 23 14 24 5 18 59 40 7 38 36 51 9 39 12 42 46 13 52 1 34 25 15 54 3 16 17 31 50 32 49 41 27 45 20 8 21 57 6 11 10 2 30
6284124539681629132 9216
52 51 49 53 34 25 46 9 22 38 42 59 24 54 8 45 30 37 41 20 7 35 56 28 55 18 17 15 11 12 21 57 43 48 5 58 19 40 0 2 44 31 6 27 50 47 16 4 36 13 33 39 10 32 3 14 1 29 26 23
12 39 59 31 44 47 37 22 24 30 54 36 50 25 45 26 29 35 7 52 8 6 57 16 21 53 42 19 58 51 9 43 48 3 38 11 32 4 13 27 10 5 34 17 0 15 23 56 18 1 14 20 40 41 33 28 55 49 2 46
52 51 49 53 34 25 46 9 22 38 42 59 24 54 8 45 30 37 41 20 7 35 56 28 55 18 17 15 11 12 21 57 43 48 5 58 19 40 0 2 44 31 6 27 50 47 16 4 36 13 33 39 10 32 3 14 1 29 26 23
12 39 59 31 44 47 37 22 24 30 54 36 50 25 45 26 29 35 7 52 8 6 57 16 21 53 42 19 58 51 9 43 48 3 38 11 32 4 13 27 10 5 34 17 0 15 23 56 18 1 14 20 40 41 33 28 55 49 2 46
8322375311572142299 9216
48 29 53 25 40 27 18 24 45 5 41 14 30 34 21 59 23 46 38 6 8 4 19 2 43 58 52 39 57 56 49 44 12 9 22 54 16 13 0 51 11 33 31 55 47 37 7 10 35 3 1 20 50 28 26 17 36 32 15 42
46 51 7 55 25 45 34 36 23 32 4 58 31 49 56 28 42 53 35 20 48 47 52 59 19 12 33 37 14 15 41 8 50 43 16 44 27 24 54 0 39 18 38 40 11 26 22 9 3 1 13 17 10 57 2 29 6 5 21 30
48 29 53 25 40 27 18 24 45 5 41 14 30 34 21 59 23 46 38 6 8 4 19 2 43 58 52 39 57 56 49 44 12 9 22 54 16 13 0 51 11 33 31 55 47 37 7 10 35 3 1 20 50 28 26 17 36 32 15 42
46 51 7 55 25 45 34 36 23 32 4 58 31 49 56 28 42 53 35 20 48 47 52 59 19 12 33 5 14 15 41 8 50 37 16 44 27 24 54 0 39 18 38 40 11 26 22 9 3 1 13 17 10 57 2 29 6 43 21 30
8301361221667899104 9216
12 55 44 7 33 24 41 26 11 45 37 38 9 54 27 29 46 25 30 48 34 51 57 58 0 35 6 43 56 50 16 14 5 3 39 49 53 4 23 15 17 22 32 10 59 19 21 31 13 42 8 20 28 40 47 1 36 18 52 2
57 28 48 31 46 9 22 12 49 25 58 50 32 29 52 55 0 42 37 35 4 7 13 41 40 5 45 14 53 17 38 21 3 51 15 8 27 56 19 54 30 11 18 26 36 59 6 44 33 34 24 2 16 1 10 39 47 43 20 23
12 55 44 7 33 24 41 26 11 45 37 38 9 54 27 29 46 25 30 48 34 51 57 58 0 35 6 43 56 50 16 14 5 3 39 49 53 4 23 15 17 22 32 10 59 19 21 31 13 42 8 20 28 40 47 1 36 18 52 2
57 28 4 31 46 9 22 12 49 25 58 50 24 29 52 55 0 42 37 35 48 7 13 41 40 5 45 14 53 17 38 21 3 51 15 8 27 56 59 54 30 11 18 26 36 19 6 44 33 34 32 2 16 1 10 39 47 43 20 23
7023472515339175688 9216
53 41 21 24 59 29 56 36 15 1 3 49 52 19 30 26 28 46 38 25 51 0 32 57 12 14 43 40 54 55 18 58 4 39 44 5 6 11 7 27 33 48 8 17 42 31 50 16 23 13 20 47 37 9 22 45 35 10 2 34
47 51 50 22 56 53 23 32 20 33 48 37 58 49 26 39 19 31 29 43 45 52 40 2 42 18 35 6 5 17 44 46 59 25 14 38 27 57 30 12 4 13 11 1 8 3 24 55 16 41 7 0 28 21 9 10 15 34 54 36
53 41 21 24 59 29 56 36 15 4 3 49 52 19 30 26 28 46 38 25 14 0 32 57 51 12 43 39 54 55 18 58 2 13 44 5 6 11 7 27 17 48 8 33 42 31 50 16 23 40 20 47 37 9 22 45 35 10 1 34
47 22 50 51 32 53 23 28 20 33 48 37 58 49 26 39 19 31 29 43 45 52 40 2 42 18 25 0 5 17 44 46 59 35 14 38 27 57 41 12 30 16 11 1 8 3 24 55 13 4 7 6 56 21 9 10 15 34 54 36
10447303969619669295 9216
4 43 25 42 44 40 41 8 59 23 49 46 54 51 6 37 27 20 1 48 33 15 38 57 55 18 21 2 19 56 0 7 31 36 52 39 45 32 50 9 10 16 34 17 24 53 5 35 12 47 14 58 13 26 28 22 3 11 30 29
56 39 5 27 26 58 32 43 42 28 47 4 24 25 29 46 15 30 53 36 12 51 55 2 7 37 48 17 54 14 59 38 57 1 13 0 34 9 11 22 49 33 45 31 8 18 35 52 41 16 6 20 21 19 10 44 23 50 40 3
4 43 25 42 44 40 41 8 59 23 49 46 54 51 6 37 27 20 1 48 33 15 38 57 55 18 21 2 19 56 0 7 31 36 52 39 45 32 50 9 10 16 34 17 24 53 5 35 12 47 14 58 13 26 28 22 3 11 30 29
56 39 5 27 26 58 32 43 42 28 47 4 24 25 29 46 15 30 53 36 12 51 55 2 7 37 48 17 54 14 59 38 57 1 13 0 34 9 11 22 49 33 45 31 8 18 35 52 41 16 6 20 21 19 10 44 23 50 40 3
16607500793912347394 9216
37 45 19 25 34 57 0 40 31 38 35 24 58 59 49 36 54 27 44 1 22 56 6 13 42 15 53 39 52 18 9 2 41 30 3 48 17 29 8 28 16 51 32 5 7 21 50 14 46 47 20 43 55 10 33 26 12 11 4 23
59 50 25 10 39 2 55 43 24 30 52 8 32 20 41 58 29 42 23 49 57 15 46 47 12 40 36 5 19 48 45 38 54 31 33 21 53 18 22 0 28 14 9 56 35 4 7 34 26 11 16 6 1 27 13 37 51 44 3 17
37 45 11 53 34 57 29 40 51 38 35 26 55 59 49 28 54 4 44 43 22 56 6 13 42 15 25 39 52 18 9 2 41 7 3 48 17 30 8 36 16 21 32 5 0 1 50 14 10 47 20 46 58 19 33 24 12 31 23 27
59 8 49 56 39 37 55 29 24 30 4 41 32 20 35 58 43 42 23 25 57 14 46 44 12 40 36 5 19 48 45 38 15 54 33 21 53 18 22 0 28 50 9 10 31 52 7 34 26 11 16 6 1 27 13 2 51 47 3 17
1339205394001102369 9216
37 40 18 51 35 27 42 21 6 33 24 13 54 28 25 58 48 55 29 36 49 44 19 5 47 50 14 38 52 59 56 41 15 0 39 4 57 46 2 31 30 10 1 16 26 34 17 53 22 12 45 8 3 7 20 32 23 11 9 43
33 44 26 24 2 49 35 54 51 37 47 48 41 58 56 32 20 21 53 30 19 18 39 40 42 5 38 50 59 55 3 15 34 36 12 45 11 25 23 4 8 52 57 1 7 14 29 0 17 27 22 28 9 46 6 10 13 43 31 16
37 40 18 51 35 27 42 21 6 33 24 13 54 28 25 58 48 55 29 36 49 44 19 5 47 50 14 38 52 59 56 41 15 0 39 4 57 46 2 31 30 10 1 16 26 34 7 53 22 12 45 8 3 17 20 32 23 11 9 43
33 44 26 24 2 49 35 54 51 37 47 48 41 58 56 32 20 21 53 30 19 18 39 40 42 5 38 50 59 55 3 15 34 36 12 45 11 25 23 4 8 52 57 1 7 14 29 0 17 27 22 28 9 46 6 10 13 43 31 16
11327100506834989819 9216
51 18 52 34 45 47 49 36 5 24 39 25 30 56 57 38 42 29 23 54 19 11 6 7 40 50 44 43 32 55 14 46 41 53 28 4 15 2 27 26 59 48 21 58 37 0 22 17 8 9 12 33 35 13 16 20 10 3 31 1
33 48 9 23 55 44 40 27 39 36 54 12 56 37 45 35 0 30 24 29 4 59 10 47 16 42 2 53 46 57 19 17 5 8 49 38 25 26 15 41 22 11 6 1 14 50 58 21 34 28 32 3 20 18 31 7 43 51 13 52
51 18 52 34 45 47 49 36 5 24 39 25 30 56 57 38 42 29 23 54 19 11 6 7 40 50 44 43 32 55 14 46 9 53 28 4 15 2 27 26 59 48 21 58 37 0 22 17 8 41 12 33 35 13 16 20 10 3 31 1
33 48 9 37 55 44 40 27 39 36 54 12 56 23 45 35 0 30 24 29 4 59 10 47 16 42 2 53 46 57 19 17 5 8 49 38 25 26 15 41 22 11 6 1 14 50 58 21 34 28 32 3 20 18 31 7 43 51 13 52
16976195314618097829 9216
56 43 36 39 32 34 51 23 20 55 40 48 59 52 46 33 21 29 28 0 13 31 49 27 3 19 44 2 8 57 25 18 14 37 47 45 35 6 53 54 22 11 9 10 26 4 58 30 1 38 15 16 41 42 7 24 12 50 5 17
21 33 26 50 8 38 11 55 57 45 44 9 31 28 20 58 18 51 53 42 59 19 16 46 54 36 4 5 49 15 41 56 47 13 6 23 48 35 27 1 2 10 25 52 7 40 14 32 43 34 39 22 0 17 29 12 30 37 24 3
56 51 48 39 33 34 43 26 38 23 40 36 59 52 46 24 21 29 30 0 13 55 49 2 37 19 44 3 8 57 7 15 18 54 42 45 27 6 53 35 22 11 9 10 31 4 25 28 1 20 12 16 41 47 17 32 14 50 5 58
21 33 26 50 8 38 30 55 52 39 48 9 37 35 20 46 34 51 53 42 59 16 19 58 43 36 4 5 49 15 41 56 54 13 44 23 6 31 27 3 2 18 25 57 7 40 14 32 47 10 28 45 0 17 29 12 22 11 24 1
4412036698395588853 9216
28 57 55 56 46 29 25 20 7 30 52 47 34 50 22 45 31 39 21 38 17 59 58 16 14 26 43 2 49 18 41 37 44 1 12 5 10 40 3 15 48 24 6 51 23 9 32 53 35 4 33 13 8 11 0 27 36 19 54 42
48 28 25 55 26 58 22 54 43 11 40 52 5 56 59 23 38 35 51 29 57 8 13 42 47 12 32 53 18 49 17 9 4 46 6 21 31 20 34 50 7 14 24 16 19 30 15 1 3 41 36 39 33 27 2 44 10 37 45 0
28 57 55 56 25 29 46 20 7 30 52 47 34 50 22 45 31 39 21 38 17 59 58 16 14 26 43 2 49 18 41 37 44 1 12 5 10 40 3 15 48 24 6 51 23 9 32 53 35 4 33 13 8 11 0 27 36 19 54 42
48 28 25 55 26 58 22 54 43 11 40 52 5 56 59 23 38 35 51 29 57 8 13 42 47 12 32 53 18 49 17 9 4 46 6 21 31 20 34 50 7 14 24 16 19 30 15 1 3 41 36 39 33 27 2 44 10 37 45 0
3925635576912429016 9216
50 16 9 29 26 33 36 37 46 43 41 49 40 53 30 21 27 32 13 23 52 59 6 47 15 17 45 56 55 54 44 2 12 8 22 28 35 58 42 4 24 25 10 38 34 0 14 7 57 20 39 3 18 19 1 48 5 11 31 51
38 53 28 48 47 46 59 54 24 30 44 36 49 27 58 40 37 19 31 6 8 14 43 7 41 21 23 12 16 33 18 57 34 4 45 20 52 35 9 26 51 15 39 0 5 50 56 55 22 11 1 25 10 32 17 29 13 42 2 3
50 16 9 29 26 33 36 37 46 43 41 49 40 53 30 21 27 32 13 23 52 59 6 47 15 17 45 56 55 54 44 2 12 8 22 28 35 58 42 4 24 25 10 38 34 0 14 7 57 20 39 3 18 19 1 48 5 11 31 51
38 53 28 48 47 46 59 54 24 30 44 36 49 27 58 40 37 19 31 6 8 14 43 7 41 21 23 12 16 33 18 57 34 4 45 20 52 35 9 26 51 15 39 0 5 50 56 55 22 11 1 25 10 32 17 29 13 42 2 3
11734767944622261324 9216
34 44 23 24 22 59 28 41 6 14 57 55 26 25 43 35 12 31 38 48 53 5 49 0 54 13 20 42 47 46 18 17 36 4 7 52 19 56 50 3 30 39 40 16 9 11 51 33 29 8 32 1 45 37 58 2 15 27 21 10
13 50 56 31 41 20 55 7 29 25 36 45 52 19 33 6 26 47 5 27 8 57 3 58 12 54 49 16 15 4 39 44 18 35 37 2 32 17 1 22 38 30 24 9 23 40 11 53 59 46 21 14 34 10 51 28 48 42 0 43
46 44 23 24 22 59 28 41 6 14 57 55 26 25 43 35 12 31 38 48 53 5 49 0 54 13 20 42 47 34 18 17 36 4 7 52 19 56 50 3 30 39 40 16 9 11 51 33 29 8 32 1 45 37 58 2 15 27 21 10
13 50 56 31 41 20 55 7 29 25 36 45 52 19 33 6 26 47 5 27 8 57 3 58 12 54 49 16 15 4 39 44 18 35 37 2 32 17 1 22 38 30 24 9 23 40 11 53 59 46 21 14 34 10 51 28 48 42 0 43
