FACTOR_PERMUTATION_V1 12 16 1024 1 0.25
10 0 1 1 1 1 1 1 1 1 1 1 0 0 2 2 2 2 2 2 2 2 2 2 0 0 2 2 2 2 2 2 2 2 2 2
0 10 1 1 1 1 1 1 1 1 1 1 0 0 2 2 2 2 2 2 2 2 2 2 0 0 2 2 2 2 2 2 2 2 2 2
1 1 10 0 1 1 1 1 1 1 1 1 2 2 0 0 2 2 2 2 2 2 2 2 2 2 0 0 2 2 2 2 2 2 2 2
1 1 0 10 1 1 1 1 1 1 1 1 2 2 0 0 2 2 2 2 2 2 2 2 2 2 0 0 2 2 2 2 2 2 2 2
1 1 1 1 10 0 1 1 1 1 1 1 2 2 2 2 0 0 2 2 2 2 2 2 2 2 2 2 0 0 2 2 2 2 2 2
1 1 1 1 0 10 1 1 1 1 1 1 2 2 2 2 0 0 2 2 2 2 2 2 2 2 2 2 0 0 2 2 2 2 2 2
1 1 1 1 1 1 10 0 1 1 1 1 2 2 2 2 2 2 0 0 2 2 2 2 2 2 2 2 2 2 0 0 2 2 2 2
1 1 1 1 1 1 0 10 1 1 1 1 2 2 2 2 2 2 0 0 2 2 2 2 2 2 2 2 2 2 0 0 2 2 2 2
1 1 1 1 1 1 1 1 10 0 1 1 2 2 2 2 2 2 2 2 0 0 2 2 2 2 2 2 2 2 2 2 0 0 2 2
1 1 1 1 1 1 1 1 0 10 1 1 2 2 2 2 2 2 2 2 0 0 2 2 2 2 2 2 2 2 2 2 0 0 2 2
1 1 1 1 1 1 1 1 1 1 10 0 2 2 2 2 2 2 2 2 2 2 0 0 2 2 2 2 2 2 2 2 2 2 0 0
1 1 1 1 1 1 1 1 1 1 0 10 2 2 2 2 2 2 2 2 2 2 0 0 2 2 2 2 2 2 2 2 2 2 0 0
0 0 2 2 2 2 2 2 2 2 2 2 10 0 1 1 1 1 1 1 1 1 1 1 0 0 2 2 2 2 2 2 2 2 2 2
0 0 2 2 2 2 2 2 2 2 2 2 0 10 1 1 1 1 1 1 1 1 1 1 0 0 2 2 2 2 2 2 2 2 2 2
2 2 0 0 2 2 2 2 2 2 2 2 1 1 10 0 1 1 1 1 1 1 1 1 2 2 0 0 2 2 2 2 2 2 2 2
2 2 0 0 2 2 2 2 2 2 2 2 1 1 0 10 1 1 1 1 1 1 1 1 2 2 0 0 2 2 2 2 2 2 2 2
2 2 2 2 0 0 2 2 2 2 2 2 1 1 1 1 10 0 1 1 1 1 1 1 2 2 2 2 0 0 2 2 2 2 2 2
2 2 2 2 0 0 2 2 2 2 2 2 1 1 1 1 0 10 1 1 1 1 1 1 2 2 2 2 0 0 2 2 2 2 2 2
2 2 2 2 2 2 0 0 2 2 2 2 1 1 1 1 1 1 10 0 1 1 1 1 2 2 2 2 2 2 0 0 2 2 2 2
2 2 2 2 2 2 0 0 2 2 2 2 1 1 1 1 1 1 0 10 1 1 1 1 2 2 2 2 2 2 0 0 2 2 2 2
2 2 2 2 2 2 2 2 0 0 2 2 1 1 1 1 1 1 1 1 10 0 1 1 2 2 2 2 2 2 2 2 0 0 2 2
2 2 2 2 2 2 2 2 0 0 2 2 1 1 1 1 1 1 1 1 0 10 1 1 2 2 2 2 2 2 2 2 0 0 2 2
2 2 2 2 2 2 2 2 2 2 0 0 1 1 1 1 1 1 1 1 1 1 10 0 2 2 2 2 2 2 2 2 2 2 0 0
2 2 2 2 2 2 2 2 2 2 0 0 1 1 1 1 1 1 1 1 1 1 0 10 2 2 2 2 2 2 2 2 2 2 0 0
0 0 2 2 2 2 2 2 2 2 2 2 0 0 2 2 2 2 2 2 2 2 2 2 10 0 1 1 1 1 1 1 1 1 1 1
0 0 2 2 2 2 2 2 2 2 2 2 0 0 2 2 2 2 2 2 2 2 2 2 0 10 1 1 1 1 1 1 1 1 1 1
2 2 0 0 2 2 2 2 2 2 2 2 2 2 0 0 2 2 2 2 2 2 2 2 1 1 10 0 1 1 1 1 1 1 1 1
2 2 0 0 2 2 2 2 2 2 2 2 2 2 0 0 2 2 2 2 2 2 2 2 1 1 0 10 1 1 1 1 1 1 1 1
2 2 2 2 0 0 2 2 2 2 2 2 2 2 2 2 0 0 2 2 2 2 2 2 1 1 1 1 10 0 1 1 1 1 1 1
2 2 2 2 0 0 2 2 2 2 2 2 2 2 2 2 0 0 2 2 2 2 2 2 1 1 1 1 0 10 1 1 1 1 1 1
2 2 2 2 2 2 0 0 2 2 2 2 2 2 2 2 2 2 0 0 2 2 2 2 1 1 1 1 1 1 10 0 1 1 1 1
2 2 2 2 2 2 0 0 2 2 2 2 2 2 2 2 2 2 0 0 2 2 2 2 1 1 1 1 1 1 0 10 1 1 1 1
2 2 2 2 2 2 2 2 0 0 2 2 2 2 2 2 2 2 2 2 0 0 2 2 1 1 1 1 1 1 1 1 10 0 1 1
2 2 2 2 2 2 2 2 0 0 2 2 2 2 2 2 2 2 2 2 0 0 2 2 1 1 1 1 1 1 1 1 0 10 1 1
2 2 2 2 2 2 2 2 2 2 0 0 2 2 2 2 2 2 2 2 2 2 0 0 1 1 1 1 1 1 1 1 1 1 10 0
2 2 2 2 2 2 2 2 2 2 0 0 2 2 2 2 2 2 2 2 2 2 0 0 1 1 1 1 1 1 1 1 1 1 0 10
0 2
0 3
0 4
0 5
0 6
0 7
0 8
0 9
0 10
0 11
1 2
1 3
1 4
1 5
1 6
1 7
1 8
1 9
1 10
1 11
2 4
2 5
2 6
2 7
2 8
2 9
2 10
2 11
3 4
3 5
3 6
3 7
3 8
3 9
3 10
3 11
4 6
4 7
4 8
4 9
4 10
4 11
5 6
5 7
5 8
5 9
5 10
5 11
6 8
6 9
6 10
6 11
7 8
7 9
7 10
7 11
8 10
8 11
9 10
9 11
0 2
0 3
0 4
0 5
0 6
0 7
0 8
0 9
0 10
0 11
1 2
1 3
1 4
1 5
1 6
1 7
1 8
1 9
1 10
1 11
2 4
2 5
2 6
2 7
2 8
2 9
2 10
2 11
3 4
3 5
3 6
3 7
3 8
3 9
3 10
3 11
4 6
4 7
4 8
4 9
4 10
4 11
5 6
5 7
5 8
5 9
5 10
5 11
6 8
6 9
6 10
6 11
7 8
7 9
7 10
7 11
8 10
8 11
9 10
9 11
0 2
0 3
0 4
0 5
0 6
0 7
0 8
0 9
0 10
0 11
1 2
1 3
1 4
1 5
1 6
1 7
1 8
1 9
1 10
1 11
2 4
2 5
2 6
2 7
2 8
2 9
2 10
2 11
3 4
3 5
3 6
3 7
3 8
3 9
3 10
3 11
4 6
4 7
4 8
4 9
4 10
4 11
5 6
5 7
5 8
5 9
5 10
5 11
6 8
6 9
6 10
6 11
7 8
7 9
7 10
7 11
8 10
8 11
9 10
9 11
16318439864313859710 11264
29 38 25 54 6 24 35 30 53 36 57 31 33 22 21 40 50 44 2 43 5 19 45 51 20 8 49 16 18 48 55 17 46 9 42 39 34 59 4 14 52 27 41 56 23 26 11 7 0 13 58 32 12 1 28 3 47 15 10 37
48 54 9 45 33 41 36 15 29 24 43 39 55 56 49 10 34 50 22 28 26 59 18 44 37 53 12 4 52 51 27 46 11 40 7 42 6 30 25 35 16 17 32 0 8 14 31 23 47 20 2 13 19 3 58 57 5 38 21 1
29 38 25 54 6 24 35 30 53 36 57 31 33 22 21 40 50 44 2 14 5 19 45 51 20 8 49 16 18 48 55 17 46 9 42 39 34 59 4 43 52 27 41 56 23 26 11 7 0 13 58 32 12 1 28 3 47 15 10 37
48 54 9 45 33 41 36 15 29 24 43 39 55 56 49 10 34 50 22 28 26 59 18 44 37 53 12 4 52 51 27 46 11 40 7 42 6 30 25 35 16 17 32 0 8 14 31 23 47 20 2 13 19 3 58 57 5 38 21 1
11996635256949098160 11264
57 25 23 38 35 14 43 46 39 30 56 42 53 52 45 41 0 1 26 28 58 15 20 2 29 36 5 17 18 27 9 3 12 40 48 54 6 24 51 55 4 32 31 59 8 22 11 49 50 10 13 7 44 34 33 21 37 19 47 16
9 40 16 31 45 32 28 25 22 47 38 58 27 10 35 46 43 36 49 6 5 18 56 39 50 19 44 53 29 48 17 57 51 23 37 2 30 7 24 54 26 14 59 4 55 3 52 33 13 41 0 21 8 34 12 15 1 20 11 42
57 25 23 38 35 14 43 46 39 30 56 42 53 52 45 41 0 1 26 28 58 15 20 9 29 36 5 17 18 27 2 3 12 40 48 54 6 24 51 55 4 32 31 59 8 22 11 49 50 10 13 7 44 34 33 21 37 19 47 16
9 40 16 31 45 32 28 25 22 47 38 58 27 10 35 46 43 36 49 6 5 18 56 39 50 19 44 53 29 48 17 57 51 23 37 2 30 7 24 54 26 14 59 4 55 3 52 33 13 41 0 21 8 34 12 15 1 20 11 42
12741187075360046663 11264
41 58 42 8 38 27 13 52 22 28 30 57 50 21 25 26 37 2 33 24 54 15 7 12 45 9 44 48 6 53 16 36 51 14 29 23 59 1 20 31 17 11 47 32 0 18 56 49 34 10 55 40 19 46 39 3 4 5 43 35
51 53 35 48 1 44 26 20 7 12 57 30 24 25 41 13 43 22 42 37 39 9 40 16 4 45 15 21 14 46 47 8 18 36 52 38 6 54 50 19 23 49 10 58 55 31 2 11 0 56 17 33 28 3 27 59 29 32 34 5
41 58 42 8 38 27 43 52 22 28 30 57 50 13 25 26 37 2 33 24 54 15 7 12 45 9 44 48 6 53 16 36 47 14 29 23 59 1 20 31 17 10 51 32 0 18 56 49 34 11 55 40 19 46 39 3 4 5 21 35
51 53 35 48 1 44 20 26 7 12 57 30 24 25 41 13 43 22 42 37 39 9 40 16 4 45 15 21 14 46 47 8 18 36 52 38 6 54 50 19 23 49 10 58 55 31 2 11 0 56 17 33 28 3 27 59 29 32 34 5
17915717559067738831 11264
51 52 7 49 29 59 16 37 26 20 53 15 35 30 25 38 41 34 44 45 18 46 56 3 14 36 55 10 32 17 47 50 40 8 4 39 57 11 54 27 2 22 58 24 9 5 12 48 0 13 28 6 21 19 23 1 42 31 33 43
44 28 53 26 56 22 43 19 4 33 47 58 48 55 46 35 0 37 23 14 24 5 18 59 40 7 38 36 51 9 39 12 42 29 57 52 1 34 25 15 54 3 16 17 31 50 30 49 41 27 45 20 8 13 21 6 11 10 2 32
51 52 7 22 29 59 16 37 26 39 53 15 48 30 25 38 41 34 44 45 18 46 56 3 14 36 55 10 35 17 47 50 40 8 4 20 57 11 54 27 2 49 58 23 9 5 12 32 0 13 28 6 21 19 24 1 42 31 33 43
44 28 53 26 56 22 43 19 4 33 47 58 48 55 46 35 0 37 23 14 24 5 18 59 40 7 38 36 51 9 39 12 42 29 13 52 1 34 25 15 54 3 16 17 31 50 30 45 41 27 49 20 8 21 57 6 11 10 2 32
6960227414588920490 11264
52 51 49 25 34 53 46 9 22 38 42 59 24 54 8 45 30 15 41 20 7 35 56 28 55 18 17 13 11 12 21 57 43 48 5 58 19 40 27 2 44 31 6 0 50 47 16 4 36 37 33 39 10 32 3 14 1 29 26 23
12 39 59 31 56 47 37 22 24 30 19 36 50 25 45 26 29 35 7 52 54 6 57 16 21 53 42 8 58 51 9 43 48 3 38 11 32 4 13 27 10 5 34 17 0 15 23 44 18 1 2 20 40 41 33 28 55 49 14 46
52 51 49 25 34 53 46 9 22 38 42 59 24 54 8 45 30 15 41 20 7 35 56 28 55 18 17 13 11 12 21 57 43 48 5 58 19 40 27 2 44 31 6 0 50 47 16 4 36 37 33 39 10 32 3 14 1 29 26 23
12 39 59 31 56 47 37 22 24 30 19 36 50 25 45 26 29 35 7 52 54 6 57 16 21 53 42 8 58 51 9 43 48 3 38 11 32 4 13 27 10 5 34 17 0 15 23 44 18 1 2 20 40 41 33 28 55 49 14 46
3706913196886312235 11264
48 29 53 25 40 27 18 24 45 5 39 4 30 35 21 59 23 46 38 57 8 14 19 2 43 58 52 41 55 56 49 44 12 9 22 54 16 13 0 51 11 33 31 6 47 37 7 10 34 3 1 20 50 28 26 17 36 32 15 42
46 51 7 55 25 45 34 36 23 32 4 59 31 49 56 28 42 53 35 20 48 58 52 47 19 12 33 37 14 15 41 8 50 43 16 44 27 24 54 0 39 18 40 38 11 26 22 9 3 1 13 17 10 57 2 29 6 5 21 30
48 29 53 25 40 27 18 24 45 5 39 4 30 34 21 59 23 46 38 57 8 14 19 2 43 58 52 41 55 56 49 44 12 9 22 54 16 13 0 51 11 33 31 6 47 37 7 10 35 3 1 20 50 28 26 17 36 32 15 42
46 51 7 55 25 45 34 36 23 32 4 59 31 49 56 28 42 53 35 20 48 58 52 47 19 12 33 37 14 15 41 8 50 43 16 44 27 24 54 0 39 18 40 38 11 26 22 9 3 1 13 17 10 57 2 29 6 5 21 30
16760584242887565021 11264
12 55 44 6 33 24 41 26 11 45 37 38 9 54 27 29 46 25 30 48 56 51 57 58 1 35 7 43 34 50 14 16 5 3 39 49 53 4 22 19 17 23 32 10 59 15 21 31 13 42 8 20 28 40 47 0 36 18 52 2
57 28 54 31 46 9 22 48 49 25 58 50 45 32 52 59 0 42 37 35 4 7 13 41 40 5 24 14 53 17 38 21 8 51 15 3 27 56 19 12 30 11 18 26 36 55 6 44 33 34 29 2 16 1 10 39 47 43 20 23
12 55 44 7 33 24 41 26 11 45 37 38 9 54 27 29 46 25 30 48 56 51 57 58 0 35 6 43 34 50 14 16 5 3 39 49 53 4 23 19 17 22 32 10 59 15 21 31 13 42 8 20 28 40 47 1 36 18 52 2
57 28 54 31 46 9 22 48 49 25 58 50 24 29 52 59 0 42 37 35 4 7 13 41 40 5 45 14 53 17 38 21 8 51 15 3 27 56 19 12 30 11 18 26 36 55 6 44 33 34 32 2 16 1 10 39 47 43 20 23
3879598494244196746 11264
53 41 21 24 59 29 56 36 15 1 3 49 52 19 30 26 28 46 38 25 51 0 58 57 12 14 43 40 54 55 18 32 4 39 44 5 6 11 17 27 33 48 8 7 42 31 50 16 23 13 20 47 37 9 22 45 35 10 2 34
47 51 56 22 54 53 40 32 20 33 48 37 58 49 26 39 19 31 29 43 45 52 13 2 23 18 35 6 5 17 44 46 59 25 14 38 27 57 30 12 4 11 28 34 8 3 24 55 1 41 7 0 16 21 9 10 15 42 50 36
53 41 21 24 59 29 56 36 15 1 3 49 52 19 30 26 28 46 38 25 51 0 58 57 12 14 43 40 54 55 18 32 4 39 44 5 6 11 17 27 33 48 8 7 42 31 50 16 23 13 20 47 37 9 22 45 35 10 2 34
47 51 56 22 54 53 40 32 20 33 48 37 58 49 26 39 19 31 29 43 45 52 13 2 23 18 35 6 5 17 44 46 59 25 14 38 27 57 30 12 4 11 28 34 8 3 24 55 1 41 7 0 16 21 9 10 15 42 50 36
7498149266096131839 11264
30 55 25 42 16 40 41 8 59 23 49 46 54 51 6 20 27 12 32 48 33 15 38 57 43 18 21 2 19 56 0 7 11 36 52 39 45 35 50 9 10 44 34 17 24 53 5 1 37 47 22 58 13 26 28 14 3 29 4 31
56 39 5 27 26 58 32 43 42 28 47 4 24 25 29 46 15 30 53 36 12 57 55 2 7 37 48 17 54 14 59 38 41 1 13 0 34 9 11 22 49 33 45 31 8 18 35 52 51 16 6 20 21 19 10 44 23 50 40 3
30 55 25 42 16 40 41 3 59 23 49 46 54 51 6 20 27 12 32 48 33 15 38 57 43 18 21 2 19 56 0 7 11 36 52 39 45 35 50 9 10 44 34 17 24 53 5 29 37 47 22 58 13 26 28 14 8 1 4 31
56 39 5 27 26 58 32 43 42 28 47 4 24 25 29 46 15 30 53 36 12 57 55 2 7 37 48 17 54 14 59 38 41 1 13 0 34 9 11 22 49 33 45 31 8 18 35 52 51 16 6 20 21 19 10 44 23 50 40 3
867704331630073201 11264
37 45 10 25 34 57 0 46 31 38 35 24 58 59 49 36 54 27 44 1 22 56 6 13 42 15 53 39 52 18 9 2 41 30 3 48 17 29 8 28 16 51 32 5 7 21 50 14 40 47 20 43 55 19 33 26 12 11 4 23
58 50 25 35 39 2 55 43 24 30 52 8 32 20 3 59 29 42 23 49 57 15 46 47 12 40 36 5 19 48 45 38 54 41 33 21 53 18 22 0 28 14 9 56 10 4 7 34 26 11 16 6 1 27 13 37 51 44 31 17
37 45 19 25 34 57 0 40 31 38 35 24 58 59 49 36 54 27 44 1 22 56 6 13 42 15 53 39 52 18 9 2 41 30 3 48 17 29 8 28 16 51 32 5 7 21 50 14 46 47 20 43 55 10 33 26 12 11 4 23
59 50 25 35 39 2 55 43 24 30 52 8 32 20 3 58 29 42 23 49 57 15 46 47 12 40 36 5 19 48 45 38 54 41 33 21 53 18 22 0 28 14 9 56 10 4 7 34 26 11 16 6 1 27 13 37 51 44 31 17
2284249192872484054 11264
37 40 46 51 31 27 42 21 6 33 24 13 23 28 25 58 48 55 29 36 49 5 19 44 47 50 14 38 53 52 56 41 15 0 39 4 57 18 2 35 30 10 1 16 26 34 17 59 22 12 45 8 3 7 20 32 54 11 9 43
33 44 26 24 2 51 35 18 49 37 47 48 41 58 54 32 20 21 53 30 19 56 39 40 43 5 38 50 59 55 3 12 34 36 15 45 11 25 23 4 8 52 57 1 7 14 29 0 17 27 22 28 9 46 6 10 13 42 31 16
37 40 46 51 31 27 42 21 6 33 24 13 23 28 25 58 48 55 29 36 49 5 19 44 47 50 14 38 53 52 56 41 15 0 39 4 57 18 2 35 30 10 1 16 26 34 17 59 22 12 45 8 3 7 20 32 54 11 9 43
33 44 26 24 2 51 35 18 49 37 47 48 41 58 54 32 20 21 53 30 19 56 39 40 43 5 38 50 59 55 3 12 34 36 15 45 11 25 23 4 8 52 57 1 7 14 29 0 17 27 22 28 9 46 6 10 13 42 31 16
3032246941619960242 11264
51 18 52 56 45 47 49 36 5 24 39 25 30 34 57 38 42 3 23 54 19 11 6 7 40 50 44 43 32 55 14 46 9 53 28 4 8 2 27 26 59 48 21 58 37 0 22 17 15 41 12 33 35 13 16 20 10 29 31 1
33 48 9 23 55 44 34 0 39 36 54 12 56 37 45 35 27 30 24 29 4 59 10 47 16 42 2 53 46 57 19 17 5 8 49 38 25 26 15 41 22 11 6 1 14 50 58 21 40 28 32 3 20 18 31 7 43 51 13 52
51 18 52 56 45 47 49 36 5 24 39 25 30 34 57 38 42 3 23 54 19 11 6 7 40 50 44 43 32 55 14 46 9 53 28 4 8 2 27 26 59 48 21 58 37 0 22 17 15 41 12 33 35 13 16 20 10 29 31 1
33 48 9 23 55 44 34 27 39 36 54 12 56 37 45 35 0 30 24 29 4 59 10 47 16 42 2 53 46 57 19 17 5 8 49 38 25 26 15 41 22 11 6 1 14 50 58 21 40 28 32 3 20 18 31 7 43 51 13 52
13120623150652521723 11264
50 43 48 39 32 34 51 27 20 23 49 36 59 52 56 33 21 29 28 0 13 31 40 55 3 19 44 2 8 57 25 18 14 37 47 16 35 6 53 54 22 11 9 10 26 4 58 30 1 12 15 45 41 42 7 24 38 46 5 17
28 33 23 50 8 38 11 55 57 45 44 9 31 20 21 58 18 51 53 42 59 19 16 46 54 36 4 5 49 15 41 22 47 13 6 56 48 35 26 1 2 10 25 52 7 40 14 32 43 34 39 27 0 17 29 12 30 37 24 3
50 43 48 39 32 34 51 27 20 23 49 36 59 52 56 33 21 29 28 0 13 31 40 55 3 19 44 2 8 57 25 18 14 37 47 16 35 6 53 54 22 11 9 10 26 4 58 30 1 12 15 45 41 42 7 24 38 46 5 17
28 33 23 50 8 38 11 55 57 45 44 9 31 20 21 58 18 51 53 42 59 19 16 46 54 36 4 5 49 15 41 22 47 13 6 56 48 35 26 1 2 10 25 52 7 40 14 32 43 34 39 27 0 17 29 12 30 37 24 3
5774994416390890195 11264
28 16 55 56 44 29 25 20 7 30 52 51 34 50 27 45 31 39 21 38 17 59 58 57 14 26 43 2 49 18 41 37 46 1 12 5 10 40 3 15 48 24 6 47 23 9 32 53 35 4 33 13 8 11 0 22 36 19 54 42
48 28 25 55 26 58 22 54 43 11 40 52 5 56 59 23 38 35 51 29 57 8 13 42 47 12 32 53 18 49 17 9 4 46 6 21 31 20 34 50 7 14 24 16 19 30 15 1 3 41 36 39 33 27 2 44 10 37 45 0
28 57 55 56 44 29 25 20 7 30 52 51 34 50 27 45 31 39 21 38 17 59 58 16 14 26 43 2 49 18 41 37 46 1 12 5 10 40 3 15 48 24 6 47 23 9 32 53 35 4 33 13 8 11 0 22 36 19 54 42
48 28 25 55 26 58 22 54 43 11 40 52 5 56 59 23 38 35 51 29 57 8 13 42 47 12 32 53 18 49 17 9 4 46 6 21 31 20 34 50 7 14 24 16 19 30 15 1 3 41 36 39 33 27 2 44 10 37 45 0
13815721452817245835 11264
50 13 9 32 26 33 36 37 46 43 41 49 40 53 30 21 27 29 44 23 52 59 6 47 15 17 12 56 55 54 16 2 45 8 22 28 35 58 42 4 24 25 10 38 34 0 14 7 57 20 39 3 18 19 1 48 5 11 31 51
38 53 28 48 47 46 59 54 24 30 44 36 49 21 58 40 37 19 31 6 8 14 43 7 41 35 23 12 16 33 18 57 34 4 3 20 52 10 9 26 51 15 39 0 5 50 56 55 22 11 1 25 29 27 17 32 13 42 2 45
50 16 9 29 26 33 36 37 46 43 41 49 40 53 30 21 27 32 44 23 52 59 6 47 15 17 12 56 55 54 13 2 45 8 22 28 35 58 42 4 24 25 10 38 34 0 14 7 57 20 39 3 18 19 1 48 5 11 31 51
38 53 28 48 47 46 59 54 24 30 44 36 49 21 58 40 37 19 31 6 8 14 43 7 41 35 23 12 16 33 18 57 34 4 45 20 52 10 9 26 51 15 39 0 5 50 56 55 22 11 1 25 29 27 17 32 13 42 2 3
18366037795167742189 11264
34 3 23 56 22 59 28 41 17 14 57 55 26 25 43 35 42 31 38 48 53 5 49 0 54 13 20 44 47 58 18 12 36 4 7 52 19 24 50 8 30 39 40 16 9 11 51 33 29 6 32 1 45 37 46 2 15 27 21 10
13 56 50 31 41 20 55 49 29 25 36 45 52 19 33 6 22 35 54 26 8 57 3 58 12 5 7 16 15 4 39 44 18 47 37 2 32 17 1 27 38 51 24 9 23 40 11 53 59 46 21 14 34 10 30 28 48 42 0 43
34 3 23 56 22 59 28 41 32 14 57 55 26 25 43 35 44 31 38 48 53 5 49 0 54 13 20 42 47 58 18 12 36 4 7 52 19 24 50 8 30 39 40 16 9 11 51 33 29 6 17 1 45 37 46 2 15 27 21 10
13 56 50 31 41 20 55 49 29 25 36 45 52 19 33 6 27 35 54 26 8 57 3 58 12 5 7 16 15 4 39 44 18 47 37 2 32 17 1 22 38 51 24 9 23 40 11 53 59 46 21 14 34 10 30 28 48 42 0 43
