FACTOR_PERMUTATION_V1 12 16 1024 1 0.25
10 0 1 1 1 1 1 1 1 1 1 1 0 0 2 2 2 2 2 2 2 2 2 2 0 0 2 2 2 2 2 2 2 2 2 2
0 10 1 1 1 1 1 1 1 1 1 1 0 0 2 2 2 2 2 2 2 2 2 2 0 0 2 2 2 2 2 2 2 2 2 2
1 1 10 0 1 1 1 1 1 1 1 1 2 2 0 0 2 2 2 2 2 2 2 2 2 2 0 0 2 2 2 2 2 2 2 2
1 1 0 10 1 1 1 1 1 1 1 1 2 2 0 0 2 2 2 2 2 2 2 2 2 2 0 0 2 2 2 2 2 2 2 2
1 1 1 1 10 0 1 1 1 1 1 1 2 2 2 2 0 0 2 2 2 2 2 2 2 2 2 2 0 0 2 2 2 2 2 2
1 1 1 1 0 10 1 1 1 1 1 1 2 2 2 2 0 0 2 2 2 2 2 2 2 2 2 2 0 0 2 2 2 2 2 2
1 1 1 1 1 1 10 0 1 1 1 1 2 2 2 2 2 2 0 0 2 2 2 2 2 2 2 2 2 2 0 0 2 2 2 2
1 1 1 1 1 1 0 10 1 1 1 1 2 2 2 2 2 2 0 0 2 2 2 2 2 2 2 2 2 2 0 0 2 2 2 2
1 1 1 1 1 1 1 1 10 0 1 1 2 2 2 2 2 2 2 2 0 0 2 2 2 2 2 2 2 2 2 2 0 0 2 2
1 1 1 1 1 1 1 1 0 10 1 1 2 2 2 2 2 2 2 2 0 0 2 2 2 2 2 2 2 2 2 2 0 0 2 2
1 1 1 1 1 1 1 1 1 1 10 0 2 2 2 2 2 2 2 2 2 2 0 0 2 2 2 2 2 2 2 2 2 2 0 0
1 1 1 1 1 1 1 1 1 1 0 10 2 2 2 2 2 2 2 2 2 2 0 0 2 2 2 2 2 2 2 2 2 2 0 0
0 0 2 2 2 2 2 2 2 2 2 2 10 0 1 1 1 1 1 1 1 1 1 1 0 0 2 2 2 2 2 2 2 2 2 2
0 0 2 2 2 2 2 2 2 2 2 2 0 10 1 1 1 1 1 1 1 1 1 1 0 0 2 2 2 2 2 2 2 2 2 2
2 2 0 0 2 2 2 2 2 2 2 2 1 1 10 0 1 1 1 1 1 1 1 1 2 2 0 0 2 2 2 2 2 2 2 2
2 2 0 0 2 2 2 2 2 2 2 2 1 1 0 10 1 1 1 1 1 1 1 1 2 2 0 0 2 2 2 2 2 2 2 2
2 2 2 2 0 0 2 2 2 2 2 2 1 1 1 1 10 0 1 1 1 1 1 1 2 2 2 2 0 0 2 2 2 2 2 2
2 2 2 2 0 0 2 2 2 2 2 2 1 1 1 1 0 10 1 1 1 1 1 1 2 2 2 2 0 0 2 2 2 2 2 2
2 2 2 2 2 2 0 0 2 2 2 2 1 1 1 1 1 1 10 0 1 1 1 1 2 2 2 2 2 2 0 0 2 2 2 2
2 2 2 2 2 2 0 0 2 2 2 2 1 1 1 1 1 1 0 10 1 1 1 1 2 2 2 2 2 2 0 0 2 2 2 2
2 2 2 2 2 2 2 2 0 0 2 2 1 1 1 1 1 1 1 1 10 0 1 1 2 2 2 2 2 2 2 2 0 0 2 2
2 2 2 2 2 2 2 2 0 0 2 2 1 1 1 1 1 1 1 1 0 10 1 1 2 2 2 2 2 2 2 2 0 0 2 2
2 2 2 2 2 2 2 2 2 2 0 0 1 1 1 1 1 1 1 1 1 1 10 0 2 2 2 2 2 2 2 2 2 2 0 0
2 2 2 2 2 2 2 2 2 2 0 0 1 1 1 1 1 1 1 1 1 1 0 10 2 2 2 2 2 2 2 2 2 2 0 0
0 0 2 2 2 2 2 2 2 2 2 2 0 0 2 2 2 2 2 2 2 2 2 2 10 0 1 1 1 1 1 1 1 1 1 1
0 0 2 2 2 2 2 2 2 2 2 2 0 0 2 2 2 2 2 2 2 2 2 2 0 10 1 1 1 1 1 1 1 1 1 1
2 2 0 0 2 2 2 2 2 2 2 2 2 2 0 0 2 2 2 2 2 2 2 2 1 1 10 0 1 1 1 1 1 1 1 1
2 2 0 0 2 2 2 2 2 2 2 2 2 2 0 0 2 2 2 2 2 2 2 2 1 1 0 10 1 1 1 1 1 1 1 1
2 2 2 2 0 0 2 2 2 2 2 2 2 2 2 2 0 0 2 2 2 2 2 2 1 1 1 1 10 0 1 1 1 1 1 1
2 2 2 2 0 0 2 2 2 2 2 2 2 2 2 2 0 0 2 2 2 2 2 2 1 1 1 1 0 10 1 1 1 1 1 1
2 2 2 2 2 2 0 0 2 2 2 2 2 2 2 2 2 2 0 0 2 2 2 2 1 1 1 1 1 1 10 0 1 1 1 1
2 2 2 2 2 2 0 0 2 2 2 2 2 2 2 2 2 2 0 0 2 2 2 2 1 1 1 1 1 1 0 10 1 1 1 1
2 2 2 2 2 2 2 2 0 0 2 2 2 2 2 2 2 2 2 2 0 0 2 2 1 1 1 1 1 1 1 1 10 0 1 1
2 2 2 2 2 2 2 2 0 0 2 2 2 2 2 2 2 2 2 2 0 0 2 2 1 1 1 1 1 1 1 1 0 10 1 1
2 2 2 2 2 2 2 2 2 2 0 0 2 2 2 2 2 2 2 2 2 2 0 0 1 1 1 1 1 1 1 1 1 1 10 0
2 2 2 2 2 2 2 2 2 2 0 0 2 2 2 2 2 2 2 2 2 2 0 0 1 1 1 1 1 1 1 1 1 1 0 10
0 2
0 3
0 4
0 5
0 6
0 7
0 8
0 9
0 10
0 11
1 2
1 3
1 4
1 5
1 6
1 7
1 8
1 9
1 10
1 11
2 4
2 5
2 6
2 7
2 8
2 9
2 10
2 11
3 4
3 5
3 6
3 7
3 8
3 9
3 10
3 11
4 6
4 7
4 8
4 9
4 10
4 11
5 6
5 7
5 8
5 9
5 10
5 11
6 8
6 9
6 10
6 11
7 8
7 9
7 10
7 11
8 10
8 11
9 10
9 11
0 2
0 3
0 4
0 5
0 6
0 7
0 8
0 9
0 10
0 11
1 2
1 3
1 4
1 5
1 6
1 7
1 8
1 9
1 10
1 11
2 4
2 5
2 6
2 7
2 8
2 9
2 10
2 11
3 4
3 5
3 6
3 7
3 8
3 9
3 10
3 11
4 6
4 7
4 8
4 9
4 10
4 11
5 6
5 7
5 8
5 9
5 10
5 11
6 8
6 9
6 10
6 11
7 8
7 9
7 10
7 11
8 10
8 11
9 10
9 11
0 2
0 3
0 4
0 5
0 6
0 7
0 8
0 9
0 10
0 11
1 2
1 3
1 4
1 5
1 6
1 7
1 8
1 9
1 10
1 11
2 4
2 5
2 6
2 7
2 8
2 9
2 10
2 11
3 4
3 5
3 6
3 7
3 8
3 9
3 10
3 11
4 6
4 7
4 8
4 9
4 10
4 11
5 6
5 7
5 8
5 9
5 10
5 11
6 8
6 9
6 10
6 11
7 8
7 9
7 10
7 11
8 10
8 11
9 10
9 11
9814883683713645117 20480
29 46 25 54 6 24 35 51 53 36 57 31 33 22 21 20 50 44 2 58 4 19 45 37 40 8 49 16 18 48 55 17 38 9 42 39 26 59 5 43 52 27 41 56 23 34 11 7 1 12 14 32 13 0 28 3 47 15 10 30
48 55 54 45 33 41 36 1 21 24 43 39 9 56 49 19 29 26 22 28 25 59 18 3 53 40 12 2 52 51 20 46 11 44 7 4 6 30 34 35 16 17 32 0 8 14 31 23 47 27 38 13 10 37 58 57 5 50 42 15
29 46 25 54 6 24 35 51 53 36 57 31 33 22 21 20 50 44 2 58 4 19 45 37 40 8 49 16 18 48 55 17 38 9 42 39 26 59 5 43 52 27 41 56 23 34 11 7 1 12 14 32 13 0 28 3 47 15 10 30
48 55 54 45 33 41 36 1 21 24 43 39 9 56 49 19 29 26 22 28 25 59 18 3 53 40 12 2 52 51 20 46 11 44 7 4 6 30 34 35 16 17 32 0 8 14 31 23 47 27 38 13 10 37 58 57 5 50 42 15
9783212019354070129 20480
57 25 23 40 35 14 43 46 39 30 56 42 53 52 45 41 0 1 26 28 58 16 20 9 29 36 5 17 18 27 2 3 12 38 48 54 6 44 51 55 4 32 31 59 8 22 11 49 50 10 13 7 24 34 33 21 37 19 47 15
47 40 16 25 45 32 28 22 42 9 38 58 27 10 35 31 43 36 49 6 5 18 56 39 50 19 44 53 29 48 17 57 51 23 37 2 30 7 24 54 26 14 59 4 55 3 52 33 13 41 0 21 8 34 12 15 1 20 11 46
57 25 23 40 35 14 43 46 39 30 56 42 53 52 45 41 0 1 26 28 58 16 20 9 29 36 5 17 18 27 2 3 12 38 48 54 6 24 51 55 4 32 31 59 8 22 11 49 50 10 13 7 44 34 33 21 37 19 47 15
47 40 54 25 45 32 28 22 42 9 38 58 27 10 35 31 43 36 49 6 5 18 56 39 50 19 44 53 29 48 17 57 51 23 37 2 30 7 24 16 26 14 59 4 55 3 52 33 13 41 0 21 8 46 12 15 1 20 11 34
6874818348886267831 20480
57 58 42 8 38 59 21 52 22 28 30 41 50 55 25 46 37 2 33 44 54 15 7 12 45 9 24 48 6 53 16 36 51 14 29 5 35 0 20 31 17 11 27 32 1 18 56 49 34 10 13 40 19 26 39 3 4 23 43 47
51 37 35 48 1 44 26 20 7 12 41 30 24 25 59 39 43 57 42 54 13 56 40 16 4 45 15 21 14 9 47 8 18 36 52 33 6 53 50 34 23 49 10 58 55 31 2 11 0 46 32 17 28 3 27 22 29 38 19 5
41 58 42 8 38 59 21 52 22 28 30 57 50 55 25 46 37 2 33 44 54 15 7 12 45 9 24 48 6 53 16 36 51 14 29 5 35 0 20 31 17 11 27 32 1 18 56 49 34 10 13 40 19 26 39 3 4 23 43 47
51 53 35 48 1 44 26 20 7 12 59 30 24 25 41 17 43 57 42 54 13 56 40 16 4 45 15 21 14 9 47 8 18 36 52 38 6 37 50 34 23 49 10 58 55 31 2 11 0 46 39 33 28 3 22 27 29 32 19 5
9038624974238288730 20480
48 52 59 49 29 39 16 37 26 40 53 15 50 30 25 38 41 34 44 45 18 46 2 3 35 36 55 14 32 17 47 58 8 4 51 20 57 11 54 27 7 23 56 24 9 5 12 10 22 13 28 6 21 19 0 1 42 31 33 43
46 28 53 26 56 22 43 19 4 33 47 58 48 55 29 35 0 37 23 14 24 5 18 59 40 6 38 36 51 9 49 12 42 7 13 52 1 34 25 15 54 3 16 17 31 50 30 39 41 27 45 20 8 21 57 44 11 10 2 32
48 52 59 49 29 39 16 37 26 40 53 15 50 30 25 38 41 34 44 45 18 46 2 3 35 36 55 14 32 17 47 58 8 4 51 20 57 11 54 27 7 23 56 24 9 5 12 10 22 13 28 6 21 19 0 1 42 31 33 43
46 28 53 26 56 22 43 19 4 33 47 58 48 55 29 35 0 37 23 14 24 5 18 59 40 7 38 36 51 9 49 12 42 6 13 52 1 34 25 15 54 3 16 17 31 50 30 39 41 27 45 20 8 21 57 44 11 10 2 32
903014301948479147 20480
23 51 49 47 34 53 18 2 22 38 42 59 24 54 8 45 30 15 37 20 7 28 56 41 55 46 17 13 11 12 21 57 43 48 5 58 19 40 27 9 44 31 6 0 50 25 16 4 36 35 33 39 10 32 3 14 1 29 26 52
46 39 59 31 48 47 37 27 56 30 57 4 36 28 45 26 29 35 7 52 54 50 9 16 12 53 42 3 58 51 19 43 24 13 38 11 32 6 1 22 10 15 34 17 0 5 23 44 18 21 2 20 40 41 33 25 55 49 14 8
52 51 49 47 34 53 18 2 22 38 42 59 24 54 8 45 30 15 37 20 7 28 56 41 55 46 17 13 11 12 21 57 43 48 5 58 19 40 27 9 44 31 6 0 50 25 16 4 36 35 33 39 10 32 3 14 1 29 26 23
46 39 59 31 48 47 37 27 56 30 57 4 36 28 45 26 29 35 7 52 54 50 9 16 12 53 42 3 58 51 19 43 24 13 38 11 32 6 1 22 10 15 34 17 0 5 23 44 18 21 2 20 40 41 33 25 55 49 14 8
10628767218271991946 20480
48 29 39 25 40 27 18 24 45 5 53 4 50 35 21 59 23 46 38 6 8 14 19 3 43 58 15 41 55 56 49 44 12 9 22 54 16 13 0 51 31 33 1 52 47 37 7 10 34 2 57 20 30 28 26 17 36 32 11 42
46 51 14 55 25 45 28 36 23 38 4 47 31 49 56 34 21 53 35 20 48 58 52 59 19 12 33 37 7 15 41 8 50 42 16 44 27 24 54 0 39 18 40 32 11 26 22 9 3 1 13 17 10 57 2 29 6 5 43 30
48 29 53 25 40 27 18 24 45 5 39 4 50 35 21 59 23 46 38 6 8 14 19 2 43 58 15 41 55 56 49 44 12 9 22 54 16 13 0 51 31 33 1 52 47 37 7 10 34 3 57 20 30 28 26 17 36 32 11 42
46 51 14 55 25 45 28 36 23 38 4 47 31 49 56 34 21 53 35 20 48 58 52 59 19 12 33 37 7 15 41 8 50 42 16 44 27 24 54 0 39 18 40 32 11 26 22 9 3 1 13 17 10 57 2 29 6 5 43 30
15064269567886134909 20480
12 55 44 7 33 23 41 26 11 45 37 38 9 54 27 29 46 25 30 48 56 51 57 58 1 35 43 21 34 50 18 16 5 3 39 49 53 4 22 19 10 32 24 17 59 14 6 31 13 42 8 20 28 40 47 0 36 15 52 2
57 28 54 31 46 59 22 44 49 25 58 50 45 29 52 19 0 42 37 35 4 7 13 40 41 5 6 14 53 17 38 21 8 51 15 3 27 24 18 12 30 32 9 55 36 26 48 16 33 34 10 2 56 11 1 39 47 43 20 23
12 55 44 7 33 23 41 26 11 45 37 38 9 54 27 29 46 25 30 48 56 51 57 58 1 35 43 21 34 50 18 16 5 3 39 49 53 4 22 19 10 32 24 17 59 14 6 31 13 42 8 20 28 40 47 0 36 15 52 2
57 28 54 31 46 59 22 44 49 25 58 50 45 29 52 19 0 42 37 35 4 7 13 40 41 5 6 14 53 17 38 21 8 51 15 3 27 24 18 12 30 11 9 55 36 26 48 56 33 34 10 2 16 1 32 39 47 43 20 23
4593236949654081758 20480
53 36 21 24 25 29 56 30 15 41 3 59 52 19 28 26 23 46 38 49 51 0 58 57 12 14 43 37 54 17 18 32 4 39 44 5 6 11 8 27 33 48 1 7 42 31 50 16 55 13 22 47 40 9 20 45 35 10 2 34
51 19 56 22 40 53 37 32 20 33 48 23 11 49 26 7 47 35 29 43 45 52 13 2 54 18 31 25 58 28 44 46 59 4 14 38 41 57 30 15 5 0 17 34 8 3 24 55 1 27 39 6 16 21 9 10 12 42 50 36
53 36 21 24 25 29 56 30 15 41 3 59 52 19 28 26 23 46 38 49 51 0 58 57 12 14 43 37 54 17 18 32 4 39 44 5 6 11 8 27 33 48 1 7 42 31 50 16 47 13 22 55 40 9 20 45 35 10 2 34
51 19 56 22 40 53 37 32 20 33 48 23 11 49 26 7 47 35 29 43 45 52 13 2 54 18 31 25 58 28 44 46 41 4 14 38 27 57 30 15 5 0 17 34 8 3 24 55 1 59 39 6 16 21 9 10 12 42 50 36
3570527305055658316 20480
29 43 4 42 16 40 41 26 59 23 49 46 54 51 9 20 25 12 32 44 27 15 38 57 55 8 14 2 19 56 0 7 11 36 52 39 45 33 50 6 10 48 34 58 24 53 5 35 37 47 22 17 18 21 28 13 3 1 30 31
48 54 58 27 26 39 32 43 42 28 47 4 24 25 29 46 15 30 53 36 12 56 55 8 7 37 44 17 5 14 59 38 41 1 13 0 34 9 11 22 49 57 45 31 2 18 35 52 51 16 6 20 21 19 10 33 23 50 40 3
29 43 4 42 16 40 41 26 59 23 49 46 54 51 9 20 25 12 32 44 27 15 38 57 55 8 14 2 19 56 0 7 11 36 52 39 45 33 50 6 10 48 34 58 24 53 5 35 37 47 22 17 18 21 28 13 3 1 30 31
48 54 58 27 26 39 32 43 42 28 47 4 24 25 29 46 15 30 53 36 12 56 55 8 7 37 44 17 5 14 59 38 41 1 13 0 34 9 11 22 49 57 45 31 2 18 35 52 51 16 6 20 21 19 10 33 23 50 40 3
18288159030457271427 20480
37 45 51 25 34 57 23 46 50 38 35 24 31 54 49 36 58 27 44 1 22 56 6 13 42 15 59 39 52 18 19 2 47 40 5 48 17 7 8 9 16 53 32 3 30 28 10 14 0 41 20 43 55 33 29 26 12 11 4 21
58 50 25 35 39 38 37 43 6 30 52 40 32 20 3 59 29 42 31 49 57 15 46 33 19 47 36 5 14 48 41 55 7 8 45 21 54 10 51 23 0 12 9 56 18 4 53 34 26 11 16 24 1 27 13 17 22 44 28 2
37 45 51 25 34 57 23 46 50 38 35 24 31 54 49 36 58 27 44 1 22 56 6 13 42 15 59 39 52 18 19 2 47 40 5 48 17 7 8 9 16 53 32 3 30 28 10 14 0 41 20 43 55 33 29 26 12 11 4 21
58 50 25 35 39 38 37 43 6 30 52 40 32 20 3 59 29 42 31 49 57 15 46 33 19 47 36 5 14 48 41 55 7 8 45 21 54 10 51 23 0 12 9 56 18 4 53 34 26 11 16 24 1 27 13 17 22 44 28 2
15969178394889560605 20480
37 40 46 51 31 27 42 22 6 33 24 13 23 28 25 58 48 55 29 36 49 5 19 44 41 50 14 38 53 16 56 47 15 9 39 4 57 18 2 35 30 10 1 52 26 34 17 59 21 12 45 8 3 7 20 32 54 11 0 43
33 6 26 24 41 59 35 18 49 37 47 48 2 58 54 32 20 21 53 30 19 56 17 40 43 5 38 50 51 55 3 15 34 36 12 45 11 25 23 4 8 52 57 1 14 39 29 0 7 27 22 28 9 46 44 10 13 42 31 16
37 40 44 51 31 27 42 22 6 33 24 13 23 28 25 58 48 55 29 36 49 5 19 46 47 50 14 38 53 16 56 41 15 9 39 4 57 18 2 35 30 10 1 52 26 34 17 59 21 12 45 8 3 7 20 32 54 11 0 43
33 6 26 24 41 51 35 18 49 37 47 48 2 58 54 32 20 21 53 30 19 56 39 40 43 5 38 50 59 55 3 15 34 36 12 45 11 25 23 4 8 52 57 1 14 17 29 0 7 27 22 28 9 46 44 10 13 42 31 16
685099003209526966 20480
51 18 52 56 45 47 22 36 5 32 39 25 30 34 57 38 42 3 23 54 19 11 33 7 40 50 44 43 16 55 48 46 9 53 28 4 8 2 27 26 59 49 21 58 37 0 14 17 15 41 12 24 35 13 6 20 10 29 31 1
33 48 35 23 55 44 46 0 39 12 54 36 6 37 45 57 27 30 24 29 4 59 18 47 16 42 2 53 43 9 19 17 5 8 49 38 25 26 15 41 22 11 56 1 14 51 58 21 40 28 32 3 20 10 34 7 31 50 13 52
51 18 52 56 45 47 22 36 5 24 39 25 30 34 57 38 42 3 23 54 19 11 33 7 40 50 44 43 16 55 48 46 9 53 28 4 8 2 27 26 59 49 21 58 37 0 14 17 15 41 12 32 35 13 6 20 10 29 31 1
33 48 35 23 55 44 46 0 39 12 54 36 6 37 45 57 27 30 24 29 4 59 18 47 16 42 2 53 43 9 19 17 5 8 49 38 25 26 15 41 22 11 56 1 14 51 58 21 40 28 32 3 20 10 34 7 31 50 13 52
3427583118700124287 20480
58 47 48 39 32 34 51 29 20 23 49 36 59 52 56 33 21 19 28 0 14 31 38 55 3 27 44 2 8 57 25 16 1 40 13 43 35 6 53 54 22 17 9 10 26 4 46 50 18 12 15 45 41 42 7 24 37 11 5 30
28 17 23 22 8 38 11 55 57 45 44 20 31 35 13 58 26 51 53 42 59 19 16 46 54 36 4 5 49 43 9 50 47 15 6 56 48 41 2 1 18 10 25 52 7 40 14 32 21 34 39 27 0 33 29 12 30 37 24 3
46 47 48 39 32 34 51 27 20 23 49 36 59 52 56 33 21 29 28 0 14 31 40 55 3 19 44 2 8 57 25 16 1 37 13 43 35 6 53 54 22 17 9 10 26 4 58 50 18 12 15 45 41 42 7 24 38 11 5 30
28 33 23 50 8 38 11 55 57 45 44 20 31 35 43 58 26 51 53 42 59 19 16 46 54 36 4 5 49 13 9 22 47 15 6 56 48 41 2 1 18 10 25 52 7 40 14 32 21 34 39 27 0 17 29 12 30 37 24 3
7940855796797187279 20480
28 16 55 56 41 29 46 20 25 30 52 51 34 50 10 59 31 39 21 38 17 42 58 57 14 26 43 2 49 18 45 37 7 54 12 5 27 8 3 15 48 24 6 47 23 9 32 53 35 4 33 13 40 11 0 22 36 19 1 44
48 28 25 55 56 59 22 54 43 11 40 45 5 24 58 23 38 35 51 29 57 8 4 13 47 12 31 53 18 49 17 9 50 46 6 52 32 20 34 42 7 14 27 16 19 30 15 1 3 41 36 21 33 26 44 2 10 37 39 0
28 16 55 56 41 29 45 20 25 30 52 51 34 50 10 59 31 39 21 38 17 42 58 57 14 26 43 2 49 18 46 37 7 54 12 5 27 8 3 15 48 24 6 47 23 9 33 53 35 4 32 13 40 11 0 22 36 19 1 44
48 28 25 55 56 59 22 54 43 11 40 39 5 24 58 23 38 35 51 29 57 8 4 13 47 12 31 53 18 49 17 9 50 46 6 52 32 20 34 42 7 14 27 16 19 30 15 1 3 41 36 21 33 26 44 2 10 37 45 0
15323774108057288743 20480
50 46 9 48 26 33 20 37 43 32 41 49 40 53 1 21 27 29 44 23 52 47 6 39 15 17 12 56 55 54 16 2 45 8 22 28 35 58 42 4 24 25 10 57 34 0 14 7 38 36 59 3 18 19 30 13 5 11 31 51
38 53 28 41 47 46 22 54 24 30 44 21 49 35 58 40 37 19 31 6 8 14 43 7 59 36 23 12 16 33 18 57 50 4 3 2 52 10 9 34 51 15 39 0 5 48 56 55 26 11 1 25 29 27 17 32 13 42 20 45
50 46 9 48 26 33 20 37 43 32 41 49 40 53 1 21 27 29 44 23 52 47 6 39 15 17 12 56 55 54 16 2 45 8 22 28 35 58 42 4 24 25 10 57 34 0 14 7 38 36 59 3 18 19 30 13 5 11 31 51
38 53 28 41 47 46 26 54 24 30 44 21 49 35 58 40 37 19 31 6 8 14 43 7 59 36 23 12 16 33 18 57 50 4 3 2 52 10 9 34 51 15 39 0 5 48 56 55 22 11 1 25 29 27 17 32 13 42 20 45
15404708850102753554 20480
34 3 23 56 22 59 28 41 45 14 57 55 26 25 43 35 46 37 38 49 53 5 58 0 54 42 12 44 47 50 18 39 36 4 7 52 19 24 48 8 30 17 20 16 9 11 51 33 29 32 6 1 13 40 31 2 15 27 21 10
13 56 50 31 41 20 5 49 29 25 36 45 52 19 33 6 22 35 54 26 8 57 3 58 12 55 7 16 15 4 39 48 18 47 37 0 32 17 1 30 38 51 24 9 23 40 11 53 59 46 21 14 34 10 27 28 44 42 2 43
34 3 23 56 22 59 28 41 45 14 57 55 26 25 43 35 46 37 38 49 53 5 58 0 54 42 12 44 47 50 18 39 36 4 7 52 19 24 48 8 30 17 20 16 9 11 51 33 1 32 6 29 13 40 31 2 15 27 21 10
13 56 50 31 41 20 5 49 29 25 36 45 52 19 33 6 22 35 54 26 8 57 3 58 12 55 7 16 15 4 39 48 18 47 37 2 32 17 1 30 38 51 24 9 23 40 11 53 59 46 21 14 34 10 27 28 44 42 0 43
