FACTOR_PERMUTATION_V1 12 16 1024 1 0.25
10 0 1 1 1 1 1 1 1 1 1 1 0 0 2 2 2 2 2 2 2 2 2 2 0 0 2 2 2 2 2 2 2 2 2 2
0 10 1 1 1 1 1 1 1 1 1 1 0 0 2 2 2 2 2 2 2 2 2 2 0 0 2 2 2 2 2 2 2 2 2 2
1 1 10 0 1 1 1 1 1 1 1 1 2 2 0 0 2 2 2 2 2 2 2 2 2 2 0 0 2 2 2 2 2 2 2 2
1 1 0 10 1 1 1 1 1 1 1 1 2 2 0 0 2 2 2 2 2 2 2 2 2 2 0 0 2 2 2 2 2 2 2 2
1 1 1 1 10 0 1 1 1 1 1 1 2 2 2 2 0 0 2 2 2 2 2 2 2 2 2 2 0 0 2 2 2 2 2 2
1 1 1 1 0 10 1 1 1 1 1 1 2 2 2 2 0 0 2 2 2 2 2 2 2 2 2 2 0 0 2 2 2 2 2 2
1 1 1 1 1 1 10 0 1 1 1 1 2 2 2 2 2 2 0 0 2 2 2 2 2 2 2 2 2 2 0 0 2 2 2 2
1 1 1 1 1 1 0 10 1 1 1 1 2 2 2 2 2 2 0 0 2 2 2 2 2 2 2 2 2 2 0 0 2 2 2 2
1 1 1 1 1 1 1 1 10 0 1 1 2 2 2 2 2 2 2 2 0 0 2 2 2 2 2 2 2 2 2 2 0 0 2 2
1 1 1 1 1 1 1 1 0 10 1 1 2 2 2 2 2 2 2 2 0 0 2 2 2 2 2 2 2 2 2 2 0 0 2 2
1 1 1 1 1 1 1 1 1 1 10 0 2 2 2 2 2 2 2 2 2 2 0 0 2 2 2 2 2 2 2 2 2 2 0 0
1 1 1 1 1 1 1 1 1 1 0 10 2 2 2 2 2 2 2 2 2 2 0 0 2 2 2 2 2 2 2 2 2 2 0 0
0 0 2 2 2 2 2 2 2 2 2 2 10 0 1 1 1 1 1 1 1 1 1 1 0 0 2 2 2 2 2 2 2 2 2 2
0 0 2 2 2 2 2 2 2 2 2 2 0 10 1 1 1 1 1 1 1 1 1 1 0 0 2 2 2 2 2 2 2 2 2 2
2 2 0 0 2 2 2 2 2 2 2 2 1 1 10 0 1 1 1 1 1 1 1 1 2 2 0 0 2 2 2 2 2 2 2 2
2 2 0 0 2 2 2 2 2 2 2 2 1 1 0 10 1 1 1 1 1 1 1 1 2 2 0 0 2 2 2 2 2 2 2 2
2 2 2 2 0 0 2 2 2 2 2 2 1 1 1 1 10 0 1 1 1 1 1 1 2 2 2 2 0 0 2 2 2 2 2 2
2 2 2 2 0 0 2 2 2 2 2 2 1 1 1 1 0 10 1 1 1 1 1 1 2 2 2 2 0 0 2 2 2 2 2 2
2 2 2 2 2 2 0 0 2 2 2 2 1 1 1 1 1 1 10 0 1 1 1 1 2 2 2 2 2 2 0 0 2 2 2 2
2 2 2 2 2 2 0 0 2 2 2 2 1 1 1 1 1 1 0 10 1 1 1 1 2 2 2 2 2 2 0 0 2 2 2 2
2 2 2 2 2 2 2 2 0 0 2 2 1 1 1 1 1 1 1 1 10 0 1 1 2 2 2 2 2 2 2 2 0 0 2 2
2 2 2 2 2 2 2 2 0 0 2 2 1 1 1 1 1 1 1 1 0 10 1 1 2 2 2 2 2 2 2 2 0 0 2 2
2 2 2 2 2 2 2 2 2 2 0 0 1 1 1 1 1 1 1 1 1 1 10 0 2 2 2 2 2 2 2 2 2 2 0 0
2 2 2 2 2 2 2 2 2 2 0 0 1 1 1 1 1 1 1 1 1 1 0 10 2 2 2 2 2 2 2 2 2 2 0 0
0 0 2 2 2 2 2 2 2 2 2 2 0 0 2 2 2 2 2 2 2 2 2 2 10 0 1 1 1 1 1 1 1 1 1 1
0 0 2 2 2 2 2 2 2 2 2 2 0 0 2 2 2 2 2 2 2 2 2 2 0 10 1 1 1 1 1 1 1 1 1 1
2 2 0 0 2 2 2 2 2 2 2 2 2 2 0 0 2 2 2 2 2 2 2 2 1 1 10 0 1 1 1 1 1 1 1 1
2 2 0 0 2 2 2 2 2 2 2 2 2 2 0 0 2 2 2 2 2 2 2 2 1 1 0 10 1 1 1 1 1 1 1 1
2 2 2 2 0 0 2 2 2 2 2 2 2 2 2 2 0 0 2 2 2 2 2 2 1 1 1 1 10 0 1 1 1 1 1 1
2 2 2 2 0 0 2 2 2 2 2 2 2 2 2 2 0 0 2 2 2 2 2 2 1 1 1 1 0 10 1 1 1 1 1 1
2 2 2 2 2 2 0 0 2 2 2 2 2 2 2 2 2 2 0 0 2 2 2 2 1 1 1 1 1 1 10 0 1 1 1 1
2 2 2 2 2 2 0 0 2 2 2 2 2 2 2 2 2 2 0 0 2 2 2 2 1 1 1 1 1 1 0 10 1 1 1 1
2 2 2 2 2 2 2 2 0 0 2 2 2 2 2 2 2 2 2 2 0 0 2 2 1 1 1 1 1 1 1 1 10 0 1 1
2 2 2 2 2 2 2 2 0 0 2 2 2 2 2 2 2 2 2 2 0 0 2 2 1 1 1 1 1 1 1 1 0 10 1 1
2 2 2 2 2 2 2 2 2 2 0 0 2 2 2 2 2 2 2 2 2 2 0 0 1 1 1 1 1 1 1 1 1 1 10 0
2 2 2 2 2 2 2 2 2 2 0 0 2 2 2 2 2 2 2 2 2 2 0 0 1 1 1 1 1 1 1 1 1 1 0 10
0 2
0 3
0 4
0 5
0 6
0 7
0 8
0 9
0 10
0 11
1 2
1 3
1 4
1 5
1 6
1 7
1 8
1 9
1 10
1 11
2 4
2 5
2 6
2 7
2 8
2 9
2 10
2 11
3 4
3 5
3 6
3 7
3 8
3 9
3 10
3 11
4 6
4 7
4 8
4 9
4 10
4 11
5 6
5 7
5 8
5 9
5 10
5 11
6 8
6 9
6 10
6 11
7 8
7 9
7 10
7 11
8 10
8 11
9 10
9 11
0 2
0 3
0 4
0 5
0 6
0 7
0 8
0 9
0 10
0 11
1 2
1 3
1 4
1 5
1 6
1 7
1 8
1 9
1 10
1 11
2 4
2 5
2 6
2 7
2 8
2 9
2 10
2 11
3 4
3 5
3 6
3 7
3 8
3 9
3 10
3 11
4 6
4 7
4 8
4 9
4 10
4 11
5 6
5 7
5 8
5 9
5 10
5 11
6 8
6 9
6 10
6 11
7 8
7 9
7 10
7 11
8 10
8 11
9 10
9 11
0 2
0 3
0 4
0 5
0 6
0 7
0 8
0 9
0 10
0 11
1 2
1 3
1 4
1 5
1 6
1 7
1 8
1 9
1 10
1 11
2 4
2 5
2 6
2 7
2 8
2 9
2 10
2 11
3 4
3 5
3 6
3 7
3 8
3 9
3 10
3 11
4 6
4 7
4 8
4 9
4 10
4 11
5 6
5 7
5 8
5 9
5 10
5 11
6 8
6 9
6 10
6 11
7 8
7 9
7 10
7 11
8 10
8 11
9 10
9 11
5197132592109521391 8192
29 38 25 54 41 24 35 30 53 36 56 31 33 22 21 40 14 44 2 50 5 19 45 51 20 8 49 16 18 48 55 17 46 9 42 39 34 59 4 12 52 27 6 57 23 26 11 7 0 13 58 32 43 1 28 3 47 15 10 37
48 54 9 45 29 41 36 15 33 24 43 39 55 56 53 10 34 20 22 28 26 59 18 44 37 49 12 4 52 51 27 46 11 40 7 42 6 30 25 35 16 17 32 0 8 14 31 23 47 50 2 13 19 3 58 57 5 38 21 1
29 38 25 54 41 24 35 30 53 36 56 31 33 22 21 40 14 44 2 50 5 19 45 51 20 8 49 16 18 48 55 17 46 9 42 39 34 59 4 12 52 27 6 57 23 26 11 7 0 13 58 32 43 1 28 3 47 15 10 37
48 54 9 45 29 41 36 15 33 24 43 39 55 56 53 10 34 20 22 28 26 59 18 44 37 49 12 4 52 51 27 46 11 40 7 42 6 30 25 35 16 17 32 0 8 14 31 23 47 50 2 13 19 3 58 57 5 38 21 1
18184698059497390452 8192
57 25 23 38 35 14 49 46 44 30 50 42 53 52 45 41 0 1 26 28 33 15 20 2 13 36 5 17 18 27 9 3 12 40 48 43 6 24 51 55 4 32 31 59 8 22 11 54 56 10 39 16 29 34 58 21 37 19 47 7
47 50 16 54 45 32 28 22 25 9 38 58 27 24 35 31 43 36 49 44 5 18 40 39 42 19 29 53 6 48 17 57 51 23 37 2 30 7 10 46 26 14 59 0 55 3 52 33 12 41 4 21 8 34 13 15 1 20 11 56
57 53 25 38 35 14 50 46 3 32 56 42 23 52 45 41 0 1 26 28 33 15 20 2 13 36 5 19 18 27 9 47 12 40 48 43 6 24 51 55 4 30 34 59 8 22 11 49 54 10 39 16 29 31 58 21 37 17 44 7
50 47 40 54 45 32 28 22 25 19 38 58 27 24 35 31 43 36 49 46 5 18 16 39 42 9 44 53 6 48 12 57 51 23 37 2 30 7 10 29 26 14 59 0 55 3 52 33 17 41 4 21 8 56 13 15 1 20 11 34
578881362795344025 8192
41 58 42 18 38 27 52 43 22 28 30 57 50 13 25 26 37 2 33 24 8 15 7 12 45 9 44 48 6 53 16 36 47 14 29 23 59 1 20 31 17 10 51 32 0 54 56 49 34 11 55 40 19 46 39 3 4 5 21 35
51 53 35 48 1 44 20 26 7 37 56 31 24 25 41 13 43 22 42 5 54 9 40 16 4 45 15 21 14 46 47 8 18 36 52 38 6 39 50 19 23 49 10 58 55 30 2 11 0 57 17 33 28 3 27 59 29 32 34 12
41 58 42 18 38 21 52 44 23 35 30 57 50 13 25 26 37 2 33 24 8 22 7 12 45 51 54 48 6 53 16 36 47 14 29 15 59 1 20 31 17 10 9 32 0 55 56 49 34 11 43 40 19 46 39 3 4 5 27 28
51 53 35 48 1 44 20 26 7 43 56 30 24 25 41 13 5 59 42 37 54 9 40 16 4 45 14 21 15 46 47 8 18 36 52 57 6 39 50 19 23 49 10 58 55 31 2 11 0 34 17 33 28 3 27 22 29 32 38 12
4087997527864126785 8192
51 52 59 22 29 39 16 37 26 7 53 15 43 30 25 38 41 34 44 45 58 46 56 8 14 36 55 10 1 17 47 49 40 3 4 20 57 11 54 27 2 48 18 23 9 5 12 32 0 13 28 6 21 19 24 35 42 31 33 50
44 28 14 26 56 22 43 19 2 33 47 58 48 55 29 35 25 37 23 10 24 5 18 59 53 7 38 36 51 9 39 40 42 46 13 52 1 34 0 15 54 3 16 17 50 31 32 49 41 27 45 20 8 21 57 6 11 12 4 30
51 52 59 22 29 39 16 37 26 7 53 15 43 30 25 38 41 34 44 45 58 46 56 8 14 36 55 10 1 17 47 49 40 3 4 20 57 11 54 27 2 48 18 23 9 5 12 32 0 13 28 6 21 19 24 35 42 31 33 50
44 28 14 26 56 22 43 19 2 33 47 58 48 55 29 35 25 37 23 12 24 5 18 59 53 7 38 36 51 9 39 40 42 46 13 52 1 34 0 15 54 3 16 17 50 31 32 49 41 27 45 20 8 21 57 6 11 10 4 30
16584542503708482801 8192
52 51 49 53 34 25 46 9 22 38 42 59 24 54 8 45 30 2 41 20 7 35 56 28 55 18 17 15 11 12 21 57 43 48 5 58 19 40 0 37 44 31 6 27 50 47 16 4 36 13 33 39 10 32 3 14 1 29 26 23
12 56 59 31 45 47 37 22 24 1 54 36 50 44 25 26 29 35 7 52 6 4 48 16 21 53 42 19 58 51 9 43 57 3 38 11 28 30 14 27 10 5 34 17 0 15 23 39 18 8 13 20 40 41 33 32 55 49 2 46
52 51 49 53 34 25 40 9 22 38 42 59 24 54 8 45 30 2 41 20 7 35 56 28 55 18 17 15 11 12 21 57 43 48 5 58 19 46 0 37 44 31 6 27 50 47 16 4 36 13 33 39 10 32 3 14 1 29 26 23
12 56 59 31 45 47 37 22 24 1 54 36 50 48 25 26 35 29 7 52 6 4 57 16 21 53 42 19 58 51 9 43 44 3 38 11 28 30 14 27 10 5 34 17 0 15 23 39 18 8 13 20 40 41 33 32 55 49 2 46
3574248271694731761 8192
48 29 53 25 40 27 18 24 45 5 39 14 30 34 21 59 23 46 38 6 8 4 19 3 43 58 52 41 57 56 49 44 12 9 22 54 16 13 0 51 31 33 11 55 47 37 7 10 35 2 1 20 50 28 26 17 36 32 15 42
46 51 7 54 25 45 1 36 23 32 5 58 31 49 56 28 42 53 27 20 48 47 52 59 19 12 40 4 14 15 41 8 50 37 6 44 35 24 55 0 39 18 38 33 16 26 22 9 3 34 13 17 10 57 2 29 11 43 21 30
48 29 53 25 40 27 46 24 45 5 39 14 30 34 21 59 23 18 38 6 8 4 19 3 43 58 52 41 57 56 49 44 12 9 22 54 16 13 0 51 31 33 11 55 47 37 7 10 35 2 1 20 50 28 26 17 36 32 15 42
46 51 19 54 25 45 1 36 23 32 5 58 31 49 56 28 42 53 27 20 48 47 52 59 7 12 40 4 14 15 41 8 50 37 6 44 35 24 55 3 39 18 38 33 16 26 22 9 0 34 13 17 10 57 2 29 11 43 21 30
11869800416065313217 8192
12 55 44 7 33 24 41 26 11 45 37 38 9 54 27 29 46 25 30 48 34 51 59 58 0 35 6 43 56 50 16 19 5 3 39 49 53 4 23 15 17 22 32 10 57 14 21 31 13 42 8 20 28 40 47 1 36 18 52 2
57 28 5 31 46 9 22 12 49 25 58 50 35 29 52 55 0 42 37 24 48 7 13 41 40 4 45 14 53 17 38 21 3 51 15 8 19 56 59 54 30 11 18 26 36 27 6 44 33 34 32 2 16 1 10 39 47 43 20 23
12 55 44 7 33 24 41 26 11 45 37 38 9 54 27 29 46 25 30 48 34 51 59 58 0 57 6 43 56 50 20 19 5 3 39 49 53 4 23 15 17 22 32 10 35 14 21 31 13 42 8 16 40 28 47 1 36 18 52 2
57 28 24 31 46 9 22 12 49 25 58 50 35 32 52 55 0 42 37 48 4 7 5 41 40 13 45 14 53 17 38 21 3 51 15 8 19 56 59 54 30 11 18 26 36 27 6 44 33 34 29 2 16 1 10 39 47 43 20 23
2083741042487839407 8192
53 41 21 24 59 29 56 36 15 1 3 49 52 19 30 26 28 46 38 25 51 0 32 57 14 12 43 40 54 55 18 58 4 39 44 5 6 11 7 27 17 48 8 33 42 31 50 16 23 13 20 47 37 9 22 45 35 10 2 34
47 51 50 22 56 53 23 32 20 33 48 37 58 49 26 39 19 35 29 43 45 52 40 2 42 18 31 6 5 17 44 46 59 25 14 38 27 57 4 12 30 16 11 1 8 3 24 55 13 41 7 0 28 21 9 10 15 34 54 36
53 41 21 24 59 29 56 36 15 4 3 49 52 19 30 26 28 46 38 25 14 0 32 57 51 12 43 39 54 55 18 58 2 13 44 5 6 11 7 27 17 48 8 33 42 31 50 16 23 40 20 47 37 9 22 45 35 10 1 34
47 22 50 51 32 53 23 28 20 33 48 37 58 49 26 39 19 31 29 43 45 52 40 2 42 18 25 0 5 17 44 46 59 35 14 38 27 57 41 12 30 16 11 1 8 3 24 55 13 4 7 6 56 21 9 10 15 34 54 36
9345853635660525717 8192
4 43 25 42 44 40 41 8 59 23 49 46 54 51 16 37 27 20 1 48 33 15 38 57 55 18 21 2 19 56 0 7 12 36 52 39 45 32 50 9 10 6 34 17 24 53 5 31 35 47 14 58 13 26 28 22 3 11 30 29
46 39 5 27 26 58 32 43 42 28 47 4 24 25 29 56 15 51 53 36 12 30 55 2 7 37 48 17 54 14 19 38 21 1 13 0 34 9 11 22 49 33 45 31 8 18 35 52 41 16 6 20 59 57 10 44 23 50 40 3
4 43 25 42 44 40 41 8 59 23 49 46 54 51 16 37 27 20 1 48 33 15 38 57 55 18 21 2 19 56 0 7 12 36 52 39 45 32 50 9 10 6 34 17 24 53 5 35 31 47 14 58 13 26 28 22 3 11 30 29
46 39 5 27 26 35 32 43 42 28 47 4 24 25 29 56 15 51 33 36 12 30 55 2 7 37 48 17 54 14 19 38 21 1 13 0 34 9 11 22 49 53 45 31 8 18 57 52 41 16 6 20 59 58 10 44 23 50 40 3
5237877881408181818 8192
37 45 10 25 34 57 0 40 51 38 35 24 58 53 49 36 54 27 44 1 22 56 6 13 42 15 59 39 52 18 9 2 41 7 3 48 17 29 8 28 16 31 32 5 30 21 50 14 46 47 20 43 55 19 33 26 12 11 4 23
59 50 25 10 39 2 55 43 24 30 52 8 32 20 41 58 29 42 23 49 57 14 46 47 12 40 36 5 19 15 45 38 54 35 33 21 53 18 22 0 31 48 9 56 28 4 7 34 26 11 16 6 1 27 13 37 51 44 3 17
37 45 11 53 34 57 29 40 51 38 35 26 55 59 49 28 54 4 44 43 22 56 6 13 42 15 25 39 52 18 9 2 41 7 3 48 17 30 8 36 16 21 32 5 0 1 50 14 10 47 20 46 58 19 33 24 12 31 23 27
59 8 49 56 39 37 55 29 24 30 4 41 32 20 35 58 43 42 23 25 57 14 46 44 12 40 36 5 19 48 45 38 15 54 33 21 53 18 22 0 28 50 9 10 31 52 7 34 26 11 16 6 1 27 13 2 51 47 3 17
173270335757655799 8192
37 40 18 51 35 27 42 21 6 33 24 13 54 28 25 58 48 55 29 36 49 44 19 5 47 50 14 38 52 17 56 41 15 22 39 4 57 46 2 31 30 0 1 16 9 34 59 53 26 12 45 8 20 7 3 32 23 11 10 43
33 44 26 24 2 49 35 54 51 37 47 48 32 58 56 41 20 21 53 30 19 18 39 40 42 5 38 6 59 55 3 15 34 36 12 45 11 25 23 4 8 52 57 29 50 14 1 0 17 27 22 28 9 46 7 10 13 43 31 16
37 40 18 51 35 27 42 21 6 33 54 13 58 28 25 24 48 55 29 36 49 44 19 5 47 50 14 38 52 17 56 41 15 22 39 4 57 46 2 31 30 10 1 16 0 34 59 53 26 12 45 8 20 7 3 32 23 11 9 43
33 44 26 24 2 25 35 54 51 37 47 48 49 58 56 41 20 21 53 30 19 18 39 40 43 5 38 6 4 55 3 15 34 36 12 45 11 32 23 59 8 52 57 29 50 14 1 0 17 27 22 28 9 46 7 10 13 42 31 16
17645835595462128627 8192
51 18 52 34 45 47 49 36 5 24 39 25 30 56 57 38 42 29 23 54 19 11 6 7 40 50 44 43 32 55 14 46 9 53 28 4 15 2 27 26 59 48 21 58 37 0 22 17 8 41 12 33 35 13 16 20 10 3 31 1
33 48 9 37 55 44 40 27 26 36 54 12 56 23 45 57 0 30 24 29 4 59 10 47 16 43 2 53 46 35 19 17 5 8 49 38 39 25 15 41 22 11 6 1 14 50 7 21 34 28 32 3 20 18 31 58 42 51 13 52
51 18 52 34 45 47 49 36 5 24 39 25 30 56 57 38 42 29 23 54 19 11 6 7 40 50 44 43 32 53 14 46 9 55 28 4 15 2 27 26 59 48 21 58 37 0 22 17 8 41 12 33 35 13 16 20 10 3 31 1
33 48 9 37 55 44 40 27 26 36 54 12 56 23 45 57 0 30 24 29 4 59 10 47 16 43 2 53 46 35 19 17 5 8 49 38 39 25 15 41 22 11 6 1 14 50 7 21 34 28 32 3 20 18 31 58 42 51 13 52
7317317779356316907 8192
56 43 48 39 32 34 51 26 38 55 40 36 59 52 46 33 21 29 28 0 13 31 49 27 3 19 44 2 8 57 25 18 14 37 47 45 35 6 53 54 22 11 9 10 23 4 58 30 1 20 15 16 41 42 7 24 12 50 5 17
21 33 26 50 8 38 11 55 57 39 48 9 31 28 20 58 18 51 53 42 59 19 16 46 54 36 4 5 49 15 41 56 47 13 6 23 44 35 27 3 2 10 25 52 7 40 14 32 43 34 37 22 0 17 29 12 30 45 24 1
56 51 48 39 33 34 43 26 38 23 40 36 59 52 46 24 21 29 30 0 13 55 49 2 37 19 44 3 8 57 7 15 18 54 42 45 27 6 53 35 22 11 9 10 31 4 25 28 1 20 12 16 41 47 17 32 14 50 5 58
21 33 26 50 8 38 30 55 52 39 48 9 37 35 20 46 34 51 53 42 59 16 19 58 43 36 4 5 49 15 41 56 54 13 44 23 6 31 27 3 2 18 25 57 7 40 14 32 47 10 28 45 0 17 29 12 22 11 24 1
3862860371776977226 8192
28 57 55 44 25 29 46 20 7 30 52 47 34 50 22 45 31 39 21 38 17 59 58 16 14 54 43 2 49 18 41 37 56 1 12 5 10 40 3 15 48 24 6 51 23 9 11 53 35 4 33 13 8 32 0 27 36 19 26 42
48 28 25 55 26 58 22 54 43 11 40 52 4 56 59 15 38 35 51 29 57 8 13 42 47 5 32 53 50 49 17 9 12 46 6 21 31 20 34 18 7 14 24 16 19 30 23 1 3 41 36 39 33 27 2 44 10 37 45 0
28 57 55 44 25 29 46 20 7 30 52 47 34 50 22 45 31 39 21 38 17 59 56 16 14 54 43 2 49 18 41 37 58 1 12 5 10 40 3 15 48 24 6 51 23 9 11 53 35 4 33 13 8 32 0 27 36 19 26 42
48 28 25 55 26 58 22 54 43 11 40 52 5 56 59 15 38 35 51 29 57 8 13 42 47 4 32 53 50 49 17 9 12 46 6 21 31 20 34 18 7 14 24 16 19 30 23 1 3 41 36 39 33 27 2 44 10 37 45 0
4725197601160318456 8192
50 16 9 29 46 33 36 20 26 43 41 49 18 30 53 21 57 13 32 23 52 59 6 47 15 17 45 56 55 54 44 2 12 8 22 28 35 58 42 4 24 25 10 38 34 0 14 7 27 40 39 3 37 19 1 48 5 11 31 51
38 20 28 48 24 46 59 54 43 30 44 36 49 27 58 40 37 19 32 6 8 14 47 7 41 21 23 12 16 33 18 57 34 4 45 53 56 35 9 26 51 15 39 0 5 50 52 55 22 11 1 25 10 31 17 29 13 42 2 3
46 17 9 29 56 33 36 20 26 43 41 49 18 35 53 21 57 13 32 23 16 59 7 47 15 52 45 50 55 54 44 2 12 8 22 28 30 58 42 4 24 25 10 38 34 0 14 6 27 40 39 3 37 19 1 48 5 11 31 51
52 20 28 48 24 46 59 54 45 30 44 36 49 27 58 40 37 19 32 6 8 14 47 7 41 21 23 12 16 33 18 57 34 4 13 53 56 29 9 26 51 15 55 0 5 39 38 50 22 11 1 25 10 31 17 35 43 42 2 3
13923668050518014490 8192
46 44 23 24 22 59 28 41 6 14 57 55 26 25 43 35 17 31 38 48 53 3 49 0 54 47 20 42 13 34 18 12 36 4 7 52 19 56 50 9 30 39 40 16 5 11 51 33 29 8 32 1 45 37 58 2 15 27 21 10
42 50 56 54 41 20 55 7 29 25 36 45 52 19 33 6 34 47 5 27 8 57 3 58 12 31 49 16 15 4 39 44 18 46 37 2 35 17 1 22 38 30 24 9 23 40 11 53 59 32 21 14 26 10 51 28 48 13 0 43
46 44 23 24 22 59 28 41 6 14 57 55 26 25 43 35 17 31 38 48 53 3 49 0 54 47 20 42 13 34 18 12 36 4 7 52 19 56 50 9 30 39 40 16 5 11 51 33 29 8 32 1 45 37 58 2 15 27 21 10
42 50 56 54 41 20 55 7 29 25 36 45 52 19 33 6 34 47 5 27 8 57 3 58 12 31 49 16 15 4 39 44 18 46 37 2 35 17 1 22 38 30 24 9 23 40 11 53 59 32 21 14 26 10 51 28 48 13 0 43
