TERNARY_LINEAR_GRAPH_INPUT_V1
n 99
degree 7
source_graph_sha256 630221544568c9c7fe4dd1fe127ac775a0dc95c2241e630ab383d0a701f6ffa8
triples 231
17 58 92
48 4 67
9 31 88
25 8 27
74 7 9
13 46 91
14 96 86
18 41 90
97 17 68
57 49 75
41 6 86
90 80 26
82 1 62
66 73 18
42 29 73
59 3 11
12 73 36
55 45 7
78 11 62
81 95 23
39 94 47
84 70 94
37 18 11
28 69 85
62 60 72
89 12 94
10 46 21
50 65 98
38 51 18
71 50 68
34 83 55
82 88 40
70 29 33
5 14 9
53 60 8
53 54 91
96 87 67
92 85 45
3 36 20
19 62 26
24 69 36
15 49 30
84 79 54
44 90 40
37 40 24
89 41 30
47 59 29
68 22 62
19 35 42
35 56 38
15 84 5
52 19 34
60 33 34
87 75 91
10 30 38
65 29 17
98 9 41
11 77 15
64 27 72
26 88 92
91 72 51
88 11 12
69 19 7
31 24 17
47 85 31
80 37 71
95 86 91
65 37 25
48 26 98
80 66 81
63 88 8
3 49 65
14 38 26
50 77 45
8 68 7
90 46 74
10 22 87
53 76 40
78 94 63
61 84 18
96 92 30
85 53 12
11 23 96
14 40 75
42 57 83
69 33 63
52 93 25
44 5 20
28 98 72
73 45 6
97 33 77
37 57 64
2 32 90
42 50 96
72 17 55
61 89 64
81 10 50
16 6 28
35 31 23
67 58 94
2 72 63
21 98 66
91 94 65
74 79 56
42 79 63
67 97 54
76 32 61
71 69 46
38 65 60
5 48 46
50 51 44
23 33 20
55 79 12
22 3 86
57 41 97
98 33 56
83 87 9
71 73 95
58 18 34
13 14 29
56 6 59
93 1 86
41 4 63
29 16 54
20 25 79
81 57 60
75 80 63
1 75 96
55 35 44
13 68 18
57 82 28
89 5 34
22 40 33
30 7 40
67 64 52
36 13 2
43 70 2
21 54 37
66 52 17
80 85 3
86 47 34
90 0 31
87 19 59
59 57 51
58 10 28
4 81 76
20 64 26
81 54 36
22 84 35
75 45 27
0 8 15
56 89 71
28 77 25
26 95 70
11 93 46
1 89 17
39 80 13
67 3 8
21 23 83
1 53 59
9 32 25
83 43 3
44 21 1
58 32 23
49 79 62
0 92 4
51 70 25
43 66 69
43 48 75
66 59 32
0 71 87
76 15 72
92 44 78
21 45 94
7 51 39
34 54 88
42 32 48
56 84 82
22 16 48
16 61 24
73 67 44
53 58 74
36 1 0
78 36 9
30 91 20
78 76 52
81 93 7
50 31 64
86 27 24
97 95 78
64 74 22
30 2 16
85 38 93
2 87 93
12 10 27
77 4 24
0 39 42
39 61 49
14 79 66
82 4 47
6 70 76
84 69 96
52 23 16
83 24 38
16 55 80
77 89 43
60 6 46
35 53 41
70 31 49
45 62 32
15 74 73
56 27 78
52 82 13
5 85 97
29 27 90
39 10 97
20 47 68
61 8 95
77 35 13
15 21 19
71 58 49
47 43 74
19 4 65
5 37 2
48 12 51
43 92 60
14 0 28
82 95 55
76 68 83
88 39 6
93 61 98
END
