FACTOR_PERMUTATION_V1 12 16 1024 1 8
10 0 1 1 1 1 1 1 1 1 1 1 1 0 2 2 2 2 1 2 2 2 2 2 1 0 2 2 2 2 1 2 2 2 2 2
0 10 1 1 1 1 1 1 1 1 1 1 0 1 2 2 2 2 2 1 2 2 2 2 0 1 2 2 2 2 2 1 2 2 2 2
1 1 10 0 1 1 1 1 1 1 1 1 2 2 1 0 2 2 2 2 1 2 2 2 2 2 1 0 2 2 2 2 1 2 2 2
1 1 0 10 1 1 1 1 1 1 1 1 2 2 0 1 2 2 2 2 2 1 2 2 2 2 0 1 2 2 2 2 2 1 2 2
1 1 1 1 10 0 1 1 1 1 1 1 2 2 2 2 1 0 2 2 2 2 1 2 2 2 2 2 1 0 2 2 2 2 1 2
1 1 1 1 0 10 1 1 1 1 1 1 2 2 2 2 0 1 2 2 2 2 2 1 2 2 2 2 0 1 2 2 2 2 2 1
1 1 1 1 1 1 10 0 1 1 1 1 1 2 2 2 2 2 1 0 2 2 2 2 1 2 2 2 2 2 1 0 2 2 2 2
1 1 1 1 1 1 0 10 1 1 1 1 2 1 2 2 2 2 0 1 2 2 2 2 2 1 2 2 2 2 0 1 2 2 2 2
1 1 1 1 1 1 1 1 10 0 1 1 2 2 1 2 2 2 2 2 1 0 2 2 2 2 1 2 2 2 2 2 1 0 2 2
1 1 1 1 1 1 1 1 0 10 1 1 2 2 2 1 2 2 2 2 0 1 2 2 2 2 2 1 2 2 2 2 0 1 2 2
1 1 1 1 1 1 1 1 1 1 10 0 2 2 2 2 1 2 2 2 2 2 1 0 2 2 2 2 1 2 2 2 2 2 1 0
1 1 1 1 1 1 1 1 1 1 0 10 2 2 2 2 2 1 2 2 2 2 0 1 2 2 2 2 2 1 2 2 2 2 0 1
1 0 2 2 2 2 1 2 2 2 2 2 10 0 1 1 1 1 1 1 1 1 1 1 1 2 2 2 2 2 1 0 2 2 2 2
0 1 2 2 2 2 2 1 2 2 2 2 0 10 1 1 1 1 1 1 1 1 1 1 2 1 2 2 2 2 0 1 2 2 2 2
2 2 1 0 2 2 2 2 1 2 2 2 1 1 10 0 1 1 1 1 1 1 1 1 2 2 1 2 2 2 2 2 1 0 2 2
2 2 0 1 2 2 2 2 2 1 2 2 1 1 0 10 1 1 1 1 1 1 1 1 2 2 2 1 2 2 2 2 0 1 2 2
2 2 2 2 1 0 2 2 2 2 1 2 1 1 1 1 10 0 1 1 1 1 1 1 2 2 2 2 1 2 2 2 2 2 1 0
2 2 2 2 0 1 2 2 2 2 2 1 1 1 1 1 0 10 1 1 1 1 1 1 2 2 2 2 2 1 2 2 2 2 0 1
1 2 2 2 2 2 1 0 2 2 2 2 1 1 1 1 1 1 10 0 1 1 1 1 1 0 2 2 2 2 1 2 2 2 2 2
2 1 2 2 2 2 0 1 2 2 2 2 1 1 1 1 1 1 0 10 1 1 1 1 0 1 2 2 2 2 2 1 2 2 2 2
2 2 1 2 2 2 2 2 1 0 2 2 1 1 1 1 1 1 1 1 10 0 1 1 2 2 1 0 2 2 2 2 1 2 2 2
2 2 2 1 2 2 2 2 0 1 2 2 1 1 1 1 1 1 1 1 0 10 1 1 2 2 0 1 2 2 2 2 2 1 2 2
2 2 2 2 1 2 2 2 2 2 1 0 1 1 1 1 1 1 1 1 1 1 10 0 2 2 2 2 1 0 2 2 2 2 1 2
2 2 2 2 2 1 2 2 2 2 0 1 1 1 1 1 1 1 1 1 1 1 0 10 2 2 2 2 0 1 2 2 2 2 2 1
1 0 2 2 2 2 1 2 2 2 2 2 1 2 2 2 2 2 1 0 2 2 2 2 10 0 1 1 1 1 1 1 1 1 1 1
0 1 2 2 2 2 2 1 2 2 2 2 2 1 2 2 2 2 0 1 2 2 2 2 0 10 1 1 1 1 1 1 1 1 1 1
2 2 1 0 2 2 2 2 1 2 2 2 2 2 1 2 2 2 2 2 1 0 2 2 1 1 10 0 1 1 1 1 1 1 1 1
2 2 0 1 2 2 2 2 2 1 2 2 2 2 2 1 2 2 2 2 0 1 2 2 1 1 0 10 1 1 1 1 1 1 1 1
2 2 2 2 1 0 2 2 2 2 1 2 2 2 2 2 1 2 2 2 2 2 1 0 1 1 1 1 10 0 1 1 1 1 1 1
2 2 2 2 0 1 2 2 2 2 2 1 2 2 2 2 2 1 2 2 2 2 0 1 1 1 1 1 0 10 1 1 1 1 1 1
1 2 2 2 2 2 1 0 2 2 2 2 1 0 2 2 2 2 1 2 2 2 2 2 1 1 1 1 1 1 10 0 1 1 1 1
2 1 2 2 2 2 0 1 2 2 2 2 0 1 2 2 2 2 2 1 2 2 2 2 1 1 1 1 1 1 0 10 1 1 1 1
2 2 1 2 2 2 2 2 1 0 2 2 2 2 1 0 2 2 2 2 1 2 2 2 1 1 1 1 1 1 1 1 10 0 1 1
2 2 2 1 2 2 2 2 0 1 2 2 2 2 0 1 2 2 2 2 2 1 2 2 1 1 1 1 1 1 1 1 0 10 1 1
2 2 2 2 1 2 2 2 2 2 1 0 2 2 2 2 1 0 2 2 2 2 1 2 1 1 1 1 1 1 1 1 1 1 10 0
2 2 2 2 2 1 2 2 2 2 0 1 2 2 2 2 0 1 2 2 2 2 2 1 1 1 1 1 1 1 1 1 1 1 0 10
0 2
0 3
0 4
0 5
0 6
0 7
0 8
0 9
0 10
0 11
1 2
1 3
1 4
1 5
1 6
1 7
1 8
1 9
1 10
1 11
2 4
2 5
2 6
2 7
2 8
2 9
2 10
2 11
3 4
3 5
3 6
3 7
3 8
3 9
3 10
3 11
4 6
4 7
4 8
4 9
4 10
4 11
5 6
5 7
5 8
5 9
5 10
5 11
6 8
6 9
6 10
6 11
7 8
7 9
7 10
7 11
8 10
8 11
9 10
9 11
0 2
0 3
0 4
0 5
0 6
0 7
0 8
0 9
0 10
0 11
1 2
1 3
1 4
1 5
1 6
1 7
1 8
1 9
1 10
1 11
2 4
2 5
2 6
2 7
2 8
2 9
2 10
2 11
3 4
3 5
3 6
3 7
3 8
3 9
3 10
3 11
4 6
4 7
4 8
4 9
4 10
4 11
5 6
5 7
5 8
5 9
5 10
5 11
6 8
6 9
6 10
6 11
7 8
7 9
7 10
7 11
8 10
8 11
9 10
9 11
0 2
0 3
0 4
0 5
0 6
0 7
0 8
0 9
0 10
0 11
1 2
1 3
1 4
1 5
1 6
1 7
1 8
1 9
1 10
1 11
2 4
2 5
2 6
2 7
2 8
2 9
2 10
2 11
3 4
3 5
3 6
3 7
3 8
3 9
3 10
3 11
4 6
4 7
4 8
4 9
4 10
4 11
5 6
5 7
5 8
5 9
5 10
5 11
6 8
6 9
6 10
6 11
7 8
7 9
7 10
7 11
8 10
8 11
9 10
9 11
10358708411853495209 6144
16 55 1 44 34 18 20 41 14 22 53 50 45 57 51 59 26 49 9 13 2 46 56 23 4 8 15 29 19 30 39 40 43 0 36 31 42 24 52 21 17 12 48 58 11 10 6 35 3 37 33 25 47 28 38 32 54 27 5 7
0 30 17 25 24 40 13 11 3 39 48 38 7 55 18 56 26 19 51 23 41 6 14 47 54 59 10 36 8 49 2 32 21 12 46 58 29 31 22 35 57 53 28 20 34 37 4 1 5 50 27 15 16 43 45 9 33 44 52 42
17 27 50 34 35 20 4 7 11 37 21 13 45 40 57 1 30 39 52 36 0 14 53 18 46 41 51 58 12 5 26 47 31 2 8 44 49 55 22 24 28 48 19 56 15 32 43 25 10 3 42 29 6 59 33 38 54 9 23 16
46 41 23 5 59 29 38 56 43 51 48 28 39 26 47 10 4 35 45 6 19 18 2 17 9 52 12 15 30 53 58 1 8 14 50 20 3 44 31 0 22 55 34 16 27 36 49 42 57 11 24 13 40 54 25 33 32 7 37 21
15741287146775084815 6144
9 36 55 30 10 35 0 17 21 34 31 6 37 8 32 18 19 23 44 22 29 25 50 57 46 39 16 38 59 42 28 56 24 7 53 45 11 3 58 43 49 41 47 48 40 14 15 33 27 12 2 52 4 26 13 20 5 54 1 51
40 33 25 43 26 36 42 41 49 6 20 38 58 7 27 13 45 44 51 32 4 24 9 5 57 14 17 46 28 22 12 54 37 30 56 15 59 55 18 11 53 52 29 21 19 48 50 2 8 23 10 35 34 1 16 31 3 39 0 47
45 8 7 23 24 32 47 41 52 43 38 12 1 18 28 21 17 37 42 35 14 51 2 53 29 4 27 0 59 11 58 34 55 9 3 22 31 54 36 44 19 56 50 25 26 46 33 48 30 39 57 15 40 16 5 13 6 20 49 10
7 16 56 45 18 59 30 20 38 31 9 39 14 46 21 42 12 51 43 8 2 17 13 6 37 23 54 28 3 5 53 29 22 19 50 47 41 0 34 35 25 55 36 40 4 24 11 48 27 58 1 32 57 26 33 10 44 15 52 49
7750444325271457809 6144
19 40 54 28 41 7 57 51 0 29 31 48 37 49 27 36 2 15 32 53 42 52 35 20 12 38 30 3 9 23 45 44 11 55 6 39 17 56 25 21 1 34 26 59 24 5 43 14 13 46 58 16 18 50 8 33 4 22 47 10
4 45 57 33 27 15 1 11 40 48 39 58 25 35 43 34 19 52 18 36 55 3 59 2 37 56 31 17 24 22 32 53 10 8 42 46 12 23 14 47 29 49 50 51 20 54 26 9 13 44 5 41 38 28 30 16 6 21 7 0
23 7 2 29 51 54 31 40 45 37 41 6 32 36 20 11 10 25 39 21 5 12 18 3 58 9 57 35 34 46 28 13 30 42 17 52 24 38 16 19 53 22 1 26 33 49 44 14 47 43 50 48 4 27 0 59 15 8 56 55
46 34 22 53 44 27 40 17 30 7 38 19 55 29 20 45 59 36 54 50 12 56 4 32 37 52 6 33 5 24 13 28 42 15 10 39 1 14 58 26 57 16 49 11 9 2 3 25 18 0 48 35 41 23 8 43 31 21 47 51
15761348876166825780 6144
28 8 30 40 26 33 38 49 52 36 2 17 23 57 59 32 15 19 58 13 56 18 29 53 25 37 27 14 48 50 31 41 5 6 21 55 0 10 9 39 34 45 16 46 35 3 42 4 47 22 12 1 11 43 7 20 54 24 44 51
26 57 33 10 53 45 36 20 6 11 21 42 54 49 41 27 47 30 16 58 15 38 55 2 59 50 1 22 39 40 5 43 37 17 48 14 19 7 25 56 51 9 34 8 4 28 23 46 32 29 18 0 35 24 44 31 13 12 3 52
42 41 1 17 29 58 8 23 24 25 56 4 38 49 59 33 39 37 32 21 27 9 12 5 11 7 54 50 31 36 52 6 40 30 48 19 34 13 16 55 45 15 20 46 3 57 53 18 22 0 26 44 35 14 10 43 47 51 28 2
43 3 39 57 27 42 7 8 40 41 6 47 13 5 56 58 29 21 22 15 26 45 11 18 20 51 1 34 30 24 49 54 10 12 59 52 31 2 53 36 38 46 33 0 50 23 17 14 4 19 16 25 9 28 44 32 35 37 55 48
17390369113944358177 6144
58 18 57 55 44 3 21 52 1 10 53 12 35 56 11 26 4 39 48 59 43 37 30 6 23 50 41 13 15 17 25 20 14 32 42 29 9 40 27 7 22 31 36 5 49 24 34 38 16 46 2 47 0 19 45 8 54 28 33 51
17 43 25 16 45 59 15 56 26 22 18 14 52 0 2 21 30 44 36 46 29 50 6 5 38 35 1 41 27 34 40 28 19 48 10 4 47 12 51 20 3 33 24 8 53 13 57 49 55 7 58 11 31 54 37 32 39 9 42 23
39 52 17 46 59 13 28 5 10 24 37 18 6 16 25 30 48 47 11 55 27 58 15 3 34 53 57 49 23 8 54 40 42 41 33 44 14 51 38 50 31 7 36 19 26 12 4 43 56 0 21 2 9 29 20 32 1 35 45 22
37 54 35 59 32 38 36 0 46 3 21 57 47 8 9 56 49 58 39 30 4 1 24 13 55 11 15 51 33 48 14 12 6 2 42 52 31 23 16 43 10 17 18 25 22 45 44 28 40 20 41 29 27 26 50 7 34 5 53 19
16073141514121976056 6144
51 6 29 43 12 9 0 16 49 48 42 55 56 32 4 30 46 45 57 5 10 53 26 7 13 1 20 40 28 52 33 21 50 14 8 39 23 31 54 36 38 58 27 41 15 18 24 19 17 37 3 11 22 59 25 47 44 2 35 34
39 46 35 55 41 59 51 43 15 31 54 29 38 5 44 20 14 28 7 50 8 49 1 57 30 37 18 48 0 36 58 45 12 42 33 52 17 56 27 19 4 2 22 10 32 16 11 26 3 25 24 47 9 13 6 23 21 34 40 53
20 35 55 53 17 26 47 14 38 28 33 22 45 13 51 12 37 40 24 9 54 59 43 29 4 10 56 39 57 42 6 44 58 25 3 15 36 31 21 7 52 16 19 1 8 50 23 48 32 46 34 49 2 41 0 5 18 11 30 27
3 54 48 23 32 47 26 27 12 20 44 35 55 8 41 33 15 2 21 28 25 34 40 59 36 43 18 10 9 14 17 37 5 49 6 52 1 13 38 22 51 46 16 29 19 7 39 56 42 24 50 45 57 58 30 0 31 53 11 4
16312737334630238376 6144
10 31 43 7 18 6 45 0 42 21 22 20 34 49 41 1 56 17 25 26 35 46 53 16 15 12 36 19 11 52 40 47 3 32 58 2 9 29 5 39 55 48 33 54 38 51 27 24 30 8 50 44 59 23 57 14 13 37 28 4
47 3 28 10 52 27 5 53 26 24 18 45 39 31 48 20 46 54 42 30 23 2 50 0 1 21 33 17 44 41 55 29 19 49 11 8 36 35 13 16 9 58 59 6 40 32 7 14 12 51 57 56 38 34 43 4 25 37 22 15
43 8 27 31 29 26 41 21 15 7 38 28 23 49 25 22 9 32 50 47 55 57 6 17 10 46 18 36 42 13 20 59 53 11 44 48 35 58 54 2 16 1 14 37 56 52 51 4 34 45 40 12 5 19 3 33 30 39 24 0
24 57 44 22 34 28 4 55 11 15 36 13 1 38 40 59 20 9 23 12 33 19 16 56 37 53 47 0 5 39 8 51 46 2 48 21 27 26 30 41 58 17 35 52 7 42 43 45 10 3 31 49 54 18 29 6 14 32 50 25
4051013011560588151 6144
41 31 48 44 42 21 18 2 10 6 56 16 7 34 23 46 33 27 36 37 13 15 39 25 22 8 12 35 3 1 24 32 59 49 40 54 51 26 38 47 53 20 17 4 14 57 29 11 50 45 30 52 28 19 9 58 0 43 55 5
20 50 52 23 33 54 42 2 49 59 12 47 30 24 34 3 16 31 21 37 1 45 51 29 56 9 4 55 36 13 8 39 6 46 53 41 22 18 14 32 43 0 19 27 57 17 58 44 11 48 26 38 28 15 35 7 5 25 40 10
56 23 20 1 47 57 34 11 33 37 45 35 27 10 16 31 42 54 48 39 49 46 18 40 5 0 15 51 6 36 12 43 59 14 50 7 32 26 52 2 19 41 9 22 28 8 38 24 13 17 30 53 21 29 25 44 55 4 3 58
0 11 26 36 58 39 32 55 47 4 14 53 5 34 45 41 28 51 56 48 7 8 15 33 38 17 43 35 19 16 46 2 3 29 50 9 30 42 52 21 57 31 25 27 12 18 49 40 59 20 44 24 6 54 37 13 22 23 1 10
3493208148202254993 6144
51 58 2 48 28 45 25 50 21 59 53 57 22 18 24 0 31 44 7 36 4 52 13 54 3 42 1 10 55 49 15 16 41 6 38 35 46 17 37 14 32 8 30 20 43 34 40 5 26 47 12 39 29 33 9 23 19 56 27 11
34 41 21 8 11 4 37 32 53 14 58 47 46 56 22 29 27 15 43 30 16 35 20 39 26 36 13 55 31 10 6 38 18 45 59 24 19 17 9 51 54 40 33 44 42 5 23 48 12 57 28 3 52 50 2 25 1 49 0 7
15 27 45 23 38 8 33 49 43 57 16 24 11 25 28 31 50 21 55 30 26 59 12 3 2 47 34 14 35 18 7 40 37 5 48 46 22 36 53 39 41 4 42 19 6 54 1 52 44 51 32 17 20 56 13 58 9 29 10 0
36 54 57 8 11 24 21 12 33 38 2 35 27 4 40 45 58 15 32 22 13 19 7 1 48 5 23 47 18 49 30 14 43 56 52 39 59 31 9 20 0 26 25 34 29 53 41 10 37 42 3 50 46 51 16 55 28 6 44 17
2051225771896625883 6144
34 22 38 7 18 30 6 41 55 47 49 28 3 4 24 32 39 35 43 59 58 5 19 48 54 12 2 21 45 44 25 9 8 14 53 37 27 17 31 23 11 56 50 16 13 26 15 0 36 57 42 29 46 40 20 52 10 51 1 33
26 38 50 46 35 21 59 13 32 31 27 15 4 22 47 1 44 42 36 33 16 52 24 39 6 5 29 0 48 49 58 7 54 41 28 45 14 2 11 34 25 43 17 8 18 30 10 55 9 57 56 12 23 37 20 51 53 3 19 40
36 32 51 11 44 21 37 26 56 17 38 55 54 52 49 15 1 29 13 27 4 3 16 50 53 19 9 0 8 58 2 25 40 48 6 42 59 45 22 12 14 57 20 41 35 43 30 33 5 46 10 34 24 18 31 28 7 47 39 23
54 37 16 44 39 20 29 15 6 7 47 33 23 59 10 2 11 52 43 21 38 48 13 58 49 8 25 41 22 19 4 46 12 0 51 57 27 31 53 35 1 14 32 5 34 45 42 55 56 9 18 17 28 26 36 24 3 50 40 30
11794151124290886908 6144
44 37 8 15 26 31 33 12 30 22 55 39 46 28 58 56 47 17 4 19 14 54 13 3 6 35 23 9 57 18 41 53 10 49 32 52 24 36 34 7 59 50 11 16 42 21 5 45 43 48 40 29 1 20 51 2 0 38 27 25
45 12 59 46 51 40 53 3 48 56 42 38 15 17 41 1 28 50 18 23 55 52 21 37 27 47 2 7 13 57 4 33 43 29 0 49 34 44 30 20 32 36 58 39 24 31 5 8 9 54 11 10 26 19 25 35 6 22 14 16
6 47 39 43 28 5 8 53 26 48 44 18 12 30 33 59 3 16 29 36 14 4 15 54 49 41 25 27 37 52 50 46 2 42 56 23 24 9 31 57 45 7 13 20 19 58 35 40 51 21 55 0 11 34 10 32 38 17 1 22
34 1 40 25 44 29 59 9 20 5 18 51 27 10 43 46 35 24 6 17 7 23 39 26 2 12 55 54 38 15 57 45 4 36 49 28 30 47 41 53 52 14 56 31 50 11 22 48 32 19 13 0 21 8 33 37 3 16 58 42
2963781750116126784 6144
1 4 38 54 7 23 16 18 35 26 51 33 21 37 39 57 15 56 22 9 11 58 44 6 19 45 0 20 10 42 29 50 12 47 25 48 49 30 28 59 17 36 13 41 31 14 52 46 8 2 55 24 27 53 34 3 32 43 40 5
47 38 41 49 0 34 43 2 54 20 53 14 28 24 46 45 40 42 39 7 26 57 33 37 21 3 6 48 9 18 16 51 35 8 31 56 27 1 30 10 17 15 32 4 23 52 5 22 12 11 55 19 29 36 25 58 50 44 59 13
13 40 50 30 7 38 55 34 57 4 43 42 41 24 15 49 28 25 8 33 52 39 45 29 10 36 18 20 6 9 16 53 27 5 35 17 51 59 14 54 11 2 1 12 58 47 26 23 48 21 37 32 0 44 56 19 22 46 31 3
54 21 19 23 45 3 58 50 4 42 41 48 34 43 7 56 49 2 39 38 30 18 25 5 51 53 59 26 12 57 46 20 15 9 0 1 16 22 47 24 33 55 10 32 8 52 31 17 40 36 44 35 11 27 6 37 29 14 13 28
12048712829362805471 6144
48 11 46 3 27 20 53 5 43 51 47 16 42 21 58 6 33 56 22 36 14 52 29 2 35 41 24 39 7 38 13 26 28 17 44 25 12 54 18 37 0 1 31 32 23 15 59 50 49 9 40 45 34 4 57 10 55 19 30 8
51 26 43 53 1 38 41 24 54 33 49 12 52 34 55 8 45 57 28 20 56 30 27 37 2 4 6 23 50 13 9 48 46 16 25 42 36 0 11 10 47 35 14 40 22 21 31 7 15 29 44 17 32 59 18 5 39 19 3 58
49 46 48 6 23 59 2 53 1 38 9 44 24 21 30 10 18 58 36 37 19 47 41 5 4 29 25 13 15 17 56 40 55 42 14 50 0 28 31 51 52 3 26 35 11 22 7 32 34 33 12 57 54 27 16 43 45 39 8 20
13 35 41 53 58 52 44 42 5 56 50 48 23 32 27 47 20 45 43 34 7 59 11 36 37 55 2 21 57 28 9 25 18 8 46 38 12 30 1 39 0 17 54 3 22 16 51 14 49 10 40 29 33 24 19 15 31 6 26 4
6206765626851700115 6144
6 53 4 41 28 55 3 59 12 44 23 40 52 7 21 38 54 1 49 31 25 36 13 51 37 14 47 42 48 45 50 29 35 18 5 39 20 24 58 15 11 34 19 43 30 0 46 17 10 57 33 56 26 32 9 2 16 8 22 27
17 11 24 16 46 3 49 2 31 57 20 42 48 27 29 40 51 43 56 55 15 19 47 34 6 5 54 22 35 37 14 9 4 32 38 13 1 50 41 18 0 10 58 45 36 30 23 26 53 33 28 8 44 52 25 7 12 39 59 21
49 42 26 12 35 41 34 29 52 5 45 36 7 11 39 50 46 57 2 23 31 6 27 20 14 4 40 13 44 47 18 17 48 1 55 59 54 33 56 8 19 38 58 21 9 53 24 22 37 10 25 51 3 43 16 32 15 0 30 28
41 51 31 34 17 0 1 40 39 30 29 52 56 24 42 21 9 33 28 16 25 12 5 57 58 48 22 13 4 38 26 3 47 19 54 18 27 36 14 8 32 43 53 10 11 55 46 2 50 15 7 49 45 20 59 35 6 23 44 37
17757751610886091908 6144
45 53 14 47 2 26 35 28 0 52 37 27 33 38 29 39 56 7 19 48 43 18 9 58 11 17 16 22 10 40 54 30 41 46 32 15 24 44 55 12 5 59 34 4 20 51 31 13 21 50 42 36 3 23 57 1 49 8 6 25
20 36 19 40 28 15 1 23 45 22 41 14 26 42 39 58 0 55 32 59 11 9 51 33 12 46 53 24 3 17 5 47 49 57 34 25 43 6 44 54 16 2 48 27 50 31 21 52 35 56 7 29 10 30 18 4 13 37 38 8
54 49 6 19 28 51 46 34 47 53 40 5 22 58 16 41 59 15 20 30 32 4 14 13 52 45 2 56 17 43 57 1 48 8 44 12 29 33 11 55 26 7 24 25 37 42 35 36 39 0 3 10 50 21 18 23 31 9 38 27
48 55 58 23 45 43 21 24 1 47 28 42 41 6 33 22 0 20 52 57 26 40 3 38 59 15 10 5 35 56 18 2 37 51 17 49 4 19 54 32 50 30 14 39 13 11 29 25 34 7 31 44 16 46 8 9 36 27 53 12
10930895090164567922 6144
37 43 32 52 24 45 46 12 47 34 28 36 29 10 35 44 4 3 23 15 30 57 55 42 54 0 7 22 27 16 11 50 53 9 48 1 40 31 18 49 56 25 17 6 8 5 20 59 21 41 14 51 58 13 33 39 38 2 26 19
35 36 31 46 43 1 41 42 4 10 45 14 50 17 24 7 47 56 59 5 23 15 54 32 48 40 53 0 49 55 12 8 18 33 37 13 25 3 27 51 16 9 26 19 52 22 6 30 11 58 38 28 39 21 57 20 34 2 29 44
3 13 35 7 40 23 57 29 30 51 9 41 50 52 42 28 11 19 59 44 15 56 58 43 2 14 49 27 22 31 36 5 34 46 6 32 25 38 4 45 37 10 18 0 47 55 1 16 24 20 17 39 48 33 21 12 53 54 26 8
27 53 4 0 16 34 18 3 22 59 58 20 51 31 56 25 41 24 2 49 50 40 57 38 11 5 29 43 19 47 39 45 8 17 48 36 14 6 44 37 46 28 1 26 42 52 12 10 13 55 54 15 9 21 35 30 33 23 7 32
