FACTOR_PERMUTATION_V1 12 16 1024 1 8
10 0 1 1 1 1 1 1 1 1 1 1 1 0 2 2 2 2 1 2 2 2 2 2 1 0 2 2 2 2 1 2 2 2 2 2
0 10 1 1 1 1 1 1 1 1 1 1 0 1 2 2 2 2 2 1 2 2 2 2 0 1 2 2 2 2 2 1 2 2 2 2
1 1 10 0 1 1 1 1 1 1 1 1 2 2 1 0 2 2 2 2 1 2 2 2 2 2 1 0 2 2 2 2 1 2 2 2
1 1 0 10 1 1 1 1 1 1 1 1 2 2 0 1 2 2 2 2 2 1 2 2 2 2 0 1 2 2 2 2 2 1 2 2
1 1 1 1 10 0 1 1 1 1 1 1 2 2 2 2 1 0 2 2 2 2 1 2 2 2 2 2 1 0 2 2 2 2 1 2
1 1 1 1 0 10 1 1 1 1 1 1 2 2 2 2 0 1 2 2 2 2 2 1 2 2 2 2 0 1 2 2 2 2 2 1
1 1 1 1 1 1 10 0 1 1 1 1 1 2 2 2 2 2 1 0 2 2 2 2 1 2 2 2 2 2 1 0 2 2 2 2
1 1 1 1 1 1 0 10 1 1 1 1 2 1 2 2 2 2 0 1 2 2 2 2 2 1 2 2 2 2 0 1 2 2 2 2
1 1 1 1 1 1 1 1 10 0 1 1 2 2 1 2 2 2 2 2 1 0 2 2 2 2 1 2 2 2 2 2 1 0 2 2
1 1 1 1 1 1 1 1 0 10 1 1 2 2 2 1 2 2 2 2 0 1 2 2 2 2 2 1 2 2 2 2 0 1 2 2
1 1 1 1 1 1 1 1 1 1 10 0 2 2 2 2 1 2 2 2 2 2 1 0 2 2 2 2 1 2 2 2 2 2 1 0
1 1 1 1 1 1 1 1 1 1 0 10 2 2 2 2 2 1 2 2 2 2 0 1 2 2 2 2 2 1 2 2 2 2 0 1
1 0 2 2 2 2 1 2 2 2 2 2 10 0 1 1 1 1 1 1 1 1 1 1 1 2 2 2 2 2 1 0 2 2 2 2
0 1 2 2 2 2 2 1 2 2 2 2 0 10 1 1 1 1 1 1 1 1 1 1 2 1 2 2 2 2 0 1 2 2 2 2
2 2 1 0 2 2 2 2 1 2 2 2 1 1 10 0 1 1 1 1 1 1 1 1 2 2 1 2 2 2 2 2 1 0 2 2
2 2 0 1 2 2 2 2 2 1 2 2 1 1 0 10 1 1 1 1 1 1 1 1 2 2 2 1 2 2 2 2 0 1 2 2
2 2 2 2 1 0 2 2 2 2 1 2 1 1 1 1 10 0 1 1 1 1 1 1 2 2 2 2 1 2 2 2 2 2 1 0
2 2 2 2 0 1 2 2 2 2 2 1 1 1 1 1 0 10 1 1 1 1 1 1 2 2 2 2 2 1 2 2 2 2 0 1
1 2 2 2 2 2 1 0 2 2 2 2 1 1 1 1 1 1 10 0 1 1 1 1 1 0 2 2 2 2 1 2 2 2 2 2
2 1 2 2 2 2 0 1 2 2 2 2 1 1 1 1 1 1 0 10 1 1 1 1 0 1 2 2 2 2 2 1 2 2 2 2
2 2 1 2 2 2 2 2 1 0 2 2 1 1 1 1 1 1 1 1 10 0 1 1 2 2 1 0 2 2 2 2 1 2 2 2
2 2 2 1 2 2 2 2 0 1 2 2 1 1 1 1 1 1 1 1 0 10 1 1 2 2 0 1 2 2 2 2 2 1 2 2
2 2 2 2 1 2 2 2 2 2 1 0 1 1 1 1 1 1 1 1 1 1 10 0 2 2 2 2 1 0 2 2 2 2 1 2
2 2 2 2 2 1 2 2 2 2 0 1 1 1 1 1 1 1 1 1 1 1 0 10 2 2 2 2 0 1 2 2 2 2 2 1
1 0 2 2 2 2 1 2 2 2 2 2 1 2 2 2 2 2 1 0 2 2 2 2 10 0 1 1 1 1 1 1 1 1 1 1
0 1 2 2 2 2 2 1 2 2 2 2 2 1 2 2 2 2 0 1 2 2 2 2 0 10 1 1 1 1 1 1 1 1 1 1
2 2 1 0 2 2 2 2 1 2 2 2 2 2 1 2 2 2 2 2 1 0 2 2 1 1 10 0 1 1 1 1 1 1 1 1
2 2 0 1 2 2 2 2 2 1 2 2 2 2 2 1 2 2 2 2 0 1 2 2 1 1 0 10 1 1 1 1 1 1 1 1
2 2 2 2 1 0 2 2 2 2 1 2 2 2 2 2 1 2 2 2 2 2 1 0 1 1 1 1 10 0 1 1 1 1 1 1
2 2 2 2 0 1 2 2 2 2 2 1 2 2 2 2 2 1 2 2 2 2 0 1 1 1 1 1 0 10 1 1 1 1 1 1
1 2 2 2 2 2 1 0 2 2 2 2 1 0 2 2 2 2 1 2 2 2 2 2 1 1 1 1 1 1 10 0 1 1 1 1
2 1 2 2 2 2 0 1 2 2 2 2 0 1 2 2 2 2 2 1 2 2 2 2 1 1 1 1 1 1 0 10 1 1 1 1
2 2 1 2 2 2 2 2 1 0 2 2 2 2 1 0 2 2 2 2 1 2 2 2 1 1 1 1 1 1 1 1 10 0 1 1
2 2 2 1 2 2 2 2 0 1 2 2 2 2 0 1 2 2 2 2 2 1 2 2 1 1 1 1 1 1 1 1 0 10 1 1
2 2 2 2 1 2 2 2 2 2 1 0 2 2 2 2 1 0 2 2 2 2 1 2 1 1 1 1 1 1 1 1 1 1 10 0
2 2 2 2 2 1 2 2 2 2 0 1 2 2 2 2 0 1 2 2 2 2 2 1 1 1 1 1 1 1 1 1 1 1 0 10
0 2
0 3
0 4
0 5
0 6
0 7
0 8
0 9
0 10
0 11
1 2
1 3
1 4
1 5
1 6
1 7
1 8
1 9
1 10
1 11
2 4
2 5
2 6
2 7
2 8
2 9
2 10
2 11
3 4
3 5
3 6
3 7
3 8
3 9
3 10
3 11
4 6
4 7
4 8
4 9
4 10
4 11
5 6
5 7
5 8
5 9
5 10
5 11
6 8
6 9
6 10
6 11
7 8
7 9
7 10
7 11
8 10
8 11
9 10
9 11
0 2
0 3
0 4
0 5
0 6
0 7
0 8
0 9
0 10
0 11
1 2
1 3
1 4
1 5
1 6
1 7
1 8
1 9
1 10
1 11
2 4
2 5
2 6
2 7
2 8
2 9
2 10
2 11
3 4
3 5
3 6
3 7
3 8
3 9
3 10
3 11
4 6
4 7
4 8
4 9
4 10
4 11
5 6
5 7
5 8
5 9
5 10
5 11
6 8
6 9
6 10
6 11
7 8
7 9
7 10
7 11
8 10
8 11
9 10
9 11
0 2
0 3
0 4
0 5
0 6
0 7
0 8
0 9
0 10
0 11
1 2
1 3
1 4
1 5
1 6
1 7
1 8
1 9
1 10
1 11
2 4
2 5
2 6
2 7
2 8
2 9
2 10
2 11
3 4
3 5
3 6
3 7
3 8
3 9
3 10
3 11
4 6
4 7
4 8
4 9
4 10
4 11
5 6
5 7
5 8
5 9
5 10
5 11
6 8
6 9
6 10
6 11
7 8
7 9
7 10
7 11
8 10
8 11
9 10
9 11
14875271919187675384 2048
17 27 50 48 2 20 42 18 52 43 54 13 19 29 57 1 30 39 11 51 32 14 53 3 46 41 36 0 12 5 38 4 6 15 58 28 49 55 22 24 59 7 47 56 25 8 37 35 10 34 44 40 31 45 33 26 21 9 23 16
46 50 23 39 59 44 38 47 43 55 18 15 5 26 4 54 51 21 33 49 19 9 2 17 16 52 25 0 30 35 58 3 56 13 41 20 32 12 42 10 7 48 14 8 45 36 6 31 57 11 24 1 53 28 22 27 37 34 29 40
15 42 35 54 38 40 41 53 6 46 13 32 26 50 36 7 47 55 22 49 37 39 45 44 11 28 52 8 3 16 56 12 4 43 29 51 27 30 10 5 17 33 0 23 34 25 48 2 14 18 58 31 9 21 1 59 20 57 19 24
12 37 55 57 13 46 26 29 11 23 21 40 59 2 50 41 32 51 43 17 14 49 24 4 15 38 53 36 16 44 1 3 47 5 19 0 6 31 7 58 22 8 34 20 56 18 25 9 35 10 33 27 39 28 42 52 30 54 45 48
12164227652107239575 2048
58 10 33 9 39 21 11 50 4 37 27 38 36 15 19 22 54 32 44 17 26 56 20 2 3 5 53 14 31 24 47 28 43 8 46 48 16 34 40 49 13 6 52 29 59 41 1 18 0 23 55 12 25 7 42 57 51 35 45 30
56 5 35 20 37 13 41 29 44 8 45 19 25 28 26 32 17 18 34 55 2 15 52 42 40 36 59 9 38 51 6 21 43 46 49 33 58 54 24 16 50 0 27 3 30 4 7 47 14 10 48 22 12 1 23 57 31 11 39 53
45 8 7 23 24 32 47 41 52 43 38 12 1 18 28 21 17 37 42 35 14 51 2 53 29 4 27 0 59 11 58 34 55 9 3 22 31 54 36 44 19 56 50 25 26 46 33 48 30 39 57 15 40 16 5 13 6 20 49 10
7 16 56 45 18 59 30 20 38 31 9 39 14 46 21 42 12 51 43 8 2 17 13 6 37 23 54 28 3 5 53 29 22 19 50 47 41 0 34 35 25 55 36 40 4 24 11 48 27 58 1 32 57 26 33 10 44 15 52 49
2827434984757998010 2048
53 28 30 7 5 56 15 55 13 21 11 27 20 36 43 35 29 12 16 52 23 49 24 37 48 57 40 42 47 54 38 46 4 25 41 0 17 44 50 51 45 14 34 19 32 8 1 9 39 26 6 18 59 2 22 3 10 31 58 33
34 40 53 20 2 47 25 1 44 51 41 37 29 5 24 16 31 43 56 21 50 45 36 11 54 55 42 22 6 15 8 17 19 46 48 57 27 7 38 13 28 33 32 18 49 58 10 59 14 23 3 4 26 39 0 30 35 9 12 52
53 14 27 26 55 39 29 50 7 42 17 52 23 30 36 38 47 18 54 37 49 58 35 20 46 15 1 16 59 48 5 34 51 28 13 41 40 8 12 32 19 56 6 22 45 43 24 10 57 21 44 11 31 9 25 33 2 4 3 0
58 42 35 8 44 39 10 20 54 24 56 41 34 46 59 21 32 28 14 22 55 51 49 15 43 33 6 0 18 19 12 52 3 9 7 40 1 47 23 17 45 53 38 26 11 5 4 36 31 48 27 13 30 25 2 37 50 57 16 29
4443312762573142182 2048
52 43 32 51 24 8 59 55 28 16 38 17 49 23 9 13 5 6 58 12 1 14 46 7 18 37 42 44 57 35 31 41 4 25 26 50 15 27 48 53 3 10 30 20 54 2 56 45 39 36 34 29 22 0 11 47 21 40 19 33
53 57 13 25 19 36 30 37 58 23 33 38 54 18 26 9 27 45 48 47 51 50 3 16 7 29 5 21 8 43 10 42 14 4 35 49 40 32 39 22 44 52 6 17 2 56 11 0 31 55 12 41 46 34 20 59 28 24 15 1
42 41 1 17 29 58 8 23 24 25 56 4 38 49 59 33 39 37 32 21 27 9 12 5 11 7 54 50 31 36 52 6 40 30 48 19 34 13 16 55 45 15 20 46 3 57 53 18 22 0 26 44 35 14 10 43 47 51 28 2
43 3 39 57 27 42 7 8 40 41 6 47 13 5 56 58 29 21 22 15 26 45 11 18 20 51 1 34 30 24 49 54 10 12 59 52 31 2 53 36 38 46 33 0 50 23 17 14 4 19 16 25 9 28 44 32 35 37 55 48
10362773241480214651 2048
42 19 35 1 55 56 48 37 34 40 14 50 21 54 52 18 41 33 32 43 47 23 25 27 10 3 15 51 31 57 12 36 30 11 4 39 16 53 6 9 59 0 13 7 5 8 20 49 28 26 44 58 46 45 22 38 17 24 2 29
44 17 22 25 56 35 42 33 8 4 32 36 3 57 40 24 55 50 13 20 45 43 28 37 51 48 11 54 47 1 31 38 18 21 7 34 39 49 0 15 46 29 19 14 58 23 53 6 30 26 10 52 2 5 27 16 59 41 9 12
42 16 34 7 41 50 55 33 1 39 48 57 43 20 26 32 22 46 23 8 9 5 12 54 47 58 4 19 52 31 24 38 35 18 11 2 27 53 14 0 6 51 25 21 49 3 37 10 13 45 59 15 29 36 56 17 44 40 28 30
22 19 57 28 33 44 4 8 10 53 27 48 37 50 41 43 45 0 40 34 17 9 56 25 12 2 32 29 6 39 35 26 3 31 58 36 15 30 20 51 47 52 42 23 46 13 5 1 7 16 54 24 55 59 18 38 49 11 21 14
231780421986300367 2048
6 58 41 32 54 53 44 26 4 52 35 39 50 28 18 3 14 8 23 2 59 7 42 46 13 19 22 12 36 49 57 24 37 31 38 43 48 9 47 15 56 45 16 34 27 33 5 0 1 10 21 17 20 40 29 11 55 25 51 30
26 2 24 4 31 21 11 0 6 34 49 43 23 44 16 45 50 36 29 28 32 3 37 52 57 54 5 10 47 51 46 59 48 8 53 20 19 35 7 41 14 13 33 58 22 55 25 18 27 42 9 38 1 17 40 30 12 15 56 39
17 51 24 32 55 31 58 22 5 52 41 49 57 23 46 9 37 15 48 44 34 19 21 42 59 54 1 47 20 16 33 2 8 3 38 43 35 53 4 40 18 30 7 13 11 56 28 45 10 14 50 39 6 12 25 26 29 36 0 27
58 34 43 8 18 26 31 37 29 32 19 40 52 47 15 51 20 21 59 36 41 53 57 1 3 30 49 39 45 14 33 56 27 12 22 55 13 2 10 4 24 42 35 16 54 50 44 23 9 25 46 48 38 5 7 11 6 17 28 0
7913080408997620211 2048
45 39 24 50 12 21 47 15 6 16 35 40 57 3 25 55 46 56 48 30 5 13 29 18 41 26 44 23 54 0 4 36 43 9 11 58 42 2 17 34 27 7 59 14 32 1 51 52 38 10 8 53 19 37 22 20 33 31 49 28
34 36 16 20 8 44 21 29 59 50 41 10 27 30 39 48 49 47 40 58 12 15 13 53 28 51 6 55 56 25 26 5 9 11 38 46 24 4 45 54 18 3 57 1 19 0 31 22 52 14 32 33 43 2 42 23 7 17 37 35
49 53 43 39 47 34 51 7 44 14 35 24 42 18 48 37 0 16 58 12 2 50 57 41 54 21 22 13 1 52 20 59 28 46 11 38 10 17 9 6 33 55 45 3 5 19 4 31 23 30 40 8 29 26 32 25 15 56 27 36
57 44 19 24 21 48 8 11 54 0 14 42 52 17 49 30 38 45 55 31 58 23 18 47 51 20 29 4 41 40 34 50 5 27 46 53 28 39 37 15 2 22 1 35 43 16 7 10 33 26 13 6 12 9 25 3 32 56 59 36
7855573605880388810 2048
3 36 44 24 39 50 59 30 21 42 27 14 47 26 57 45 40 56 33 41 38 5 4 46 1 48 13 35 58 34 51 12 37 10 23 15 18 28 43 55 0 22 54 6 9 7 49 52 25 2 11 53 16 17 31 20 8 19 29 32
31 16 3 14 55 18 47 43 21 24 22 35 38 9 42 17 48 2 4 25 0 26 27 33 12 39 44 49 41 52 32 8 46 54 59 36 7 30 23 1 28 50 58 57 51 20 53 13 56 45 10 34 6 29 40 11 5 37 19 15
56 23 20 1 47 57 34 11 33 37 45 35 27 10 16 31 42 54 48 39 49 46 18 40 5 0 15 51 6 36 12 43 59 14 50 7 32 26 52 2 19 41 9 22 28 8 38 24 13 17 30 53 21 29 25 44 55 4 3 58
0 11 26 36 58 39 32 55 47 4 14 53 5 34 45 41 28 51 56 48 7 8 15 33 38 17 43 35 19 16 46 2 3 29 50 9 30 42 52 21 57 31 25 27 12 18 49 40 59 20 44 24 6 54 37 13 22 23 1 10
10730531434671637318 2048
15 45 17 1 38 8 12 5 43 25 20 24 44 57 28 31 50 13 39 46 14 7 59 3 2 47 34 27 35 18 30 55 37 49 48 40 22 36 53 33 41 4 42 19 26 56 10 52 11 51 54 6 16 32 21 58 9 29 23 0
36 54 57 8 50 24 7 16 22 15 2 26 0 30 17 42 12 52 38 14 37 19 32 59 48 46 23 25 18 49 27 9 43 56 44 6 33 31 47 20 13 35 4 34 29 53 41 10 5 40 21 58 1 3 11 55 28 39 51 45
15 27 45 23 38 8 33 49 43 57 16 24 11 25 28 31 50 21 55 30 26 59 12 3 2 47 34 14 35 18 7 40 37 5 48 46 22 36 53 39 41 4 42 19 6 54 1 52 44 51 32 17 20 56 13 58 9 29 10 0
36 54 57 8 11 24 21 12 33 38 2 35 27 4 40 45 58 15 32 22 13 19 7 1 48 5 23 47 18 49 30 14 43 56 52 39 59 31 9 20 0 26 25 34 29 53 41 10 37 42 3 50 46 51 16 55 28 6 44 17
13495484443638922658 2048
20 4 8 58 44 45 41 39 33 24 32 10 22 59 7 36 26 16 43 50 49 29 27 56 14 5 2 57 40 37 35 52 53 51 12 48 28 55 21 31 46 19 11 30 34 1 6 17 23 0 47 38 3 42 25 9 18 15 54 13
30 56 14 3 5 40 8 55 2 13 58 20 16 43 46 9 27 36 31 37 57 12 24 53 50 18 10 4 39 22 35 6 11 33 51 17 21 26 1 47 34 32 15 59 52 7 0 48 38 54 49 29 28 23 45 41 19 25 44 42
36 32 51 11 44 21 37 26 56 17 38 55 54 52 49 15 1 29 13 27 4 3 16 50 53 19 9 0 8 58 2 25 40 48 6 42 59 45 22 12 14 57 20 41 35 43 30 33 5 46 10 34 24 18 31 28 7 47 39 23
54 37 16 44 39 20 29 15 6 7 47 33 23 59 10 2 11 52 43 21 38 48 13 58 49 8 25 41 22 19 4 46 12 0 51 57 27 31 53 35 1 14 32 5 34 45 42 55 56 9 18 17 28 26 36 24 3 50 40 30
9287430769496351972 2048
22 42 50 30 15 9 35 12 0 58 40 4 25 51 56 57 28 44 10 31 53 49 11 34 13 38 16 5 7 18 33 39 46 52 59 37 24 8 27 29 1 6 45 32 47 43 36 17 41 19 2 20 14 26 23 21 54 48 3 55
28 17 56 21 39 41 23 0 49 48 22 44 59 50 57 29 12 25 54 32 5 35 18 47 30 53 4 20 38 11 36 40 6 42 1 31 34 3 8 51 24 7 37 58 43 55 45 10 14 27 46 16 52 33 2 15 19 9 26 13
52 42 28 3 30 9 58 35 23 46 50 4 37 22 12 57 33 44 10 2 49 47 54 39 13 8 16 51 40 1 53 31 43 59 11 15 55 24 56 29 7 19 48 32 14 25 26 20 41 0 45 17 18 36 34 21 5 27 6 38
19 17 56 21 20 37 2 8 44 59 49 35 9 50 45 47 41 25 38 32 5 55 18 29 39 12 4 24 52 11 36 23 6 42 43 31 34 3 0 51 57 7 48 58 1 53 30 10 14 27 46 16 54 28 33 15 22 40 26 13
989872071884862727 2048
22 46 56 26 52 11 33 41 14 9 34 53 30 4 15 19 27 43 29 58 51 1 45 40 50 7 55 44 38 23 57 48 42 17 21 5 36 0 47 18 31 32 10 16 12 54 8 25 24 20 3 59 2 35 28 49 39 37 13 6
40 1 34 10 44 14 58 37 52 29 9 28 7 31 47 13 5 21 36 33 22 17 54 6 43 50 41 49 48 30 38 42 57 8 19 32 45 56 24 39 18 55 59 26 46 51 25 3 0 15 2 20 35 4 23 16 53 12 11 27
34 46 23 13 44 22 40 41 17 11 24 53 12 4 18 42 35 43 29 58 25 1 45 21 50 7 55 52 38 56 16 48 30 14 57 5 51 0 47 6 36 32 9 33 54 31 28 49 10 20 3 59 2 8 19 27 39 37 26 15
27 6 34 25 37 59 15 3 28 29 43 5 7 31 47 16 2 11 36 33 50 17 14 1 55 40 46 49 48 30 38 20 54 8 19 44 18 24 0 39 21 9 22 26 23 57 58 42 13 41 45 32 35 4 51 56 53 12 10 52
7627219690642467968 2048
21 7 15 38 24 59 23 34 26 32 17 25 40 50 37 36 10 6 29 18 52 22 54 43 46 48 56 42 31 33 2 44 0 13 16 4 41 9 58 12 27 3 51 5 8 20 28 39 47 1 14 45 35 57 11 53 49 30 55 19
54 37 17 13 57 1 51 0 4 21 44 40 27 6 41 46 47 39 43 24 42 30 38 26 33 12 50 52 9 35 28 14 16 18 5 45 56 32 59 2 15 7 25 22 34 49 31 10 3 19 20 48 53 8 58 55 11 36 23 29
59 48 6 50 39 31 42 34 20 37 0 56 52 45 3 12 43 25 32 38 46 54 44 1 15 41 58 29 30 18 40 2 55 23 35 36 17 53 51 49 57 4 5 26 33 47 14 27 24 9 21 13 28 22 7 11 16 8 10 19
2 45 22 24 16 44 50 8 34 15 20 9 35 7 10 11 36 47 49 29 17 33 55 0 26 53 43 38 23 40 32 58 13 14 4 51 3 30 31 57 25 12 59 54 18 27 21 19 5 46 48 28 42 1 52 39 56 41 37 6
7582362867259818415 2048
36 22 55 11 39 7 58 28 32 23 12 29 18 42 40 19 20 13 0 59 1 9 35 56 14 37 49 3 47 43 2 44 41 24 52 54 16 33 4 15 45 48 26 21 6 30 8 25 5 46 57 50 27 10 38 17 53 51 31 34
49 48 29 11 47 37 4 0 39 12 42 25 52 2 13 10 18 58 51 19 9 36 26 23 56 5 33 15 7 59 6 3 40 14 30 1 38 53 28 27 24 32 17 20 46 54 50 34 41 31 16 55 45 8 44 35 21 22 43 57
49 42 26 12 35 41 34 29 52 5 45 36 7 11 39 50 46 57 2 23 31 6 27 20 14 4 40 13 44 47 18 17 48 1 55 59 54 33 56 8 19 38 58 21 9 53 24 22 37 10 25 51 3 43 16 32 15 0 30 28
41 51 31 34 17 0 1 40 39 30 29 52 56 24 42 21 9 33 28 16 25 12 5 57 58 48 22 13 4 38 26 3 47 19 54 18 27 36 14 8 32 43 53 10 11 55 46 2 50 15 7 49 45 20 59 35 6 23 44 37
6723005860117397087 2048
9 11 24 54 53 0 56 51 25 37 46 31 30 41 26 36 16 8 58 4 59 47 13 33 55 14 52 2 40 45 44 5 29 38 6 39 48 32 43 22 57 15 17 34 49 27 18 20 35 10 1 50 3 21 7 23 12 19 28 42
47 42 44 54 28 26 5 24 36 11 32 20 35 57 39 45 17 14 50 12 55 49 37 23 19 9 18 8 10 0 59 31 34 41 15 48 58 56 3 51 53 52 46 43 2 1 6 40 16 13 25 7 4 33 38 27 21 22 30 29
54 49 6 19 28 51 46 34 47 53 40 5 22 58 16 41 59 15 20 30 32 4 14 13 52 45 2 56 17 43 57 1 48 8 44 12 29 33 11 55 26 7 24 25 37 42 35 36 39 0 3 10 50 21 18 23 31 9 38 27
48 55 58 23 45 43 21 24 1 47 28 42 41 6 33 22 0 20 52 57 26 40 3 38 59 15 10 5 35 56 18 2 37 51 17 49 4 19 54 32 50 30 14 39 13 11 29 25 34 7 31 44 16 46 8 9 36 27 53 12
1357988620497280026 2048
32 54 48 30 58 57 5 4 1 26 2 34 35 15 17 11 50 59 39 40 52 45 56 14 7 46 21 37 8 19 55 9 38 16 53 47 28 10 36 42 51 13 12 33 27 25 29 6 41 22 0 24 43 18 44 49 23 20 3 31
53 44 55 54 50 30 52 17 11 33 25 32 26 43 8 42 22 40 19 21 29 10 4 57 36 14 5 24 12 39 51 58 45 56 2 23 15 35 46 49 48 6 13 3 16 27 38 9 37 34 47 28 20 41 18 0 7 1 31 59
56 29 59 5 41 26 48 25 23 9 49 12 35 43 11 6 50 51 39 40 57 16 47 8 14 55 36 37 18 19 38 52 17 31 58 32 42 10 33 53 15 20 34 45 27 2 22 3 7 54 0 24 28 30 44 4 1 46 21 13
10 44 55 54 50 35 32 38 21 33 12 6 15 24 39 8 22 40 51 53 59 4 19 57 23 14 5 45 2 46 29 26 11 17 37 36 7 13 34 52 30 48 25 43 16 28 56 1 42 27 47 41 58 3 18 20 0 49 31 9
