FACTOR_PERMUTATION_V1 12 16 1024 1 8
10 0 1 1 1 1 1 1 1 1 1 1 1 0 2 2 2 2 1 2 2 2 2 2 1 0 2 2 2 2 1 2 2 2 2 2
0 10 1 1 1 1 1 1 1 1 1 1 0 1 2 2 2 2 2 1 2 2 2 2 0 1 2 2 2 2 2 1 2 2 2 2
1 1 10 0 1 1 1 1 1 1 1 1 2 2 1 0 2 2 2 2 1 2 2 2 2 2 1 0 2 2 2 2 1 2 2 2
1 1 0 10 1 1 1 1 1 1 1 1 2 2 0 1 2 2 2 2 2 1 2 2 2 2 0 1 2 2 2 2 2 1 2 2
1 1 1 1 10 0 1 1 1 1 1 1 2 2 2 2 1 0 2 2 2 2 1 2 2 2 2 2 1 0 2 2 2 2 1 2
1 1 1 1 0 10 1 1 1 1 1 1 2 2 2 2 0 1 2 2 2 2 2 1 2 2 2 2 0 1 2 2 2 2 2 1
1 1 1 1 1 1 10 0 1 1 1 1 1 2 2 2 2 2 1 0 2 2 2 2 1 2 2 2 2 2 1 0 2 2 2 2
1 1 1 1 1 1 0 10 1 1 1 1 2 1 2 2 2 2 0 1 2 2 2 2 2 1 2 2 2 2 0 1 2 2 2 2
1 1 1 1 1 1 1 1 10 0 1 1 2 2 1 2 2 2 2 2 1 0 2 2 2 2 1 2 2 2 2 2 1 0 2 2
1 1 1 1 1 1 1 1 0 10 1 1 2 2 2 1 2 2 2 2 0 1 2 2 2 2 2 1 2 2 2 2 0 1 2 2
1 1 1 1 1 1 1 1 1 1 10 0 2 2 2 2 1 2 2 2 2 2 1 0 2 2 2 2 1 2 2 2 2 2 1 0
1 1 1 1 1 1 1 1 1 1 0 10 2 2 2 2 2 1 2 2 2 2 0 1 2 2 2 2 2 1 2 2 2 2 0 1
1 0 2 2 2 2 1 2 2 2 2 2 10 0 1 1 1 1 1 1 1 1 1 1 1 2 2 2 2 2 1 0 2 2 2 2
0 1 2 2 2 2 2 1 2 2 2 2 0 10 1 1 1 1 1 1 1 1 1 1 2 1 2 2 2 2 0 1 2 2 2 2
2 2 1 0 2 2 2 2 1 2 2 2 1 1 10 0 1 1 1 1 1 1 1 1 2 2 1 2 2 2 2 2 1 0 2 2
2 2 0 1 2 2 2 2 2 1 2 2 1 1 0 10 1 1 1 1 1 1 1 1 2 2 2 1 2 2 2 2 0 1 2 2
2 2 2 2 1 0 2 2 2 2 1 2 1 1 1 1 10 0 1 1 1 1 1 1 2 2 2 2 1 2 2 2 2 2 1 0
2 2 2 2 0 1 2 2 2 2 2 1 1 1 1 1 0 10 1 1 1 1 1 1 2 2 2 2 2 1 2 2 2 2 0 1
1 2 2 2 2 2 1 0 2 2 2 2 1 1 1 1 1 1 10 0 1 1 1 1 1 0 2 2 2 2 1 2 2 2 2 2
2 1 2 2 2 2 0 1 2 2 2 2 1 1 1 1 1 1 0 10 1 1 1 1 0 1 2 2 2 2 2 1 2 2 2 2
2 2 1 2 2 2 2 2 1 0 2 2 1 1 1 1 1 1 1 1 10 0 1 1 2 2 1 0 2 2 2 2 1 2 2 2
2 2 2 1 2 2 2 2 0 1 2 2 1 1 1 1 1 1 1 1 0 10 1 1 2 2 0 1 2 2 2 2 2 1 2 2
2 2 2 2 1 2 2 2 2 2 1 0 1 1 1 1 1 1 1 1 1 1 10 0 2 2 2 2 1 0 2 2 2 2 1 2
2 2 2 2 2 1 2 2 2 2 0 1 1 1 1 1 1 1 1 1 1 1 0 10 2 2 2 2 0 1 2 2 2 2 2 1
1 0 2 2 2 2 1 2 2 2 2 2 1 2 2 2 2 2 1 0 2 2 2 2 10 0 1 1 1 1 1 1 1 1 1 1
0 1 2 2 2 2 2 1 2 2 2 2 2 1 2 2 2 2 0 1 2 2 2 2 0 10 1 1 1 1 1 1 1 1 1 1
2 2 1 0 2 2 2 2 1 2 2 2 2 2 1 2 2 2 2 2 1 0 2 2 1 1 10 0 1 1 1 1 1 1 1 1
2 2 0 1 2 2 2 2 2 1 2 2 2 2 2 1 2 2 2 2 0 1 2 2 1 1 0 10 1 1 1 1 1 1 1 1
2 2 2 2 1 0 2 2 2 2 1 2 2 2 2 2 1 2 2 2 2 2 1 0 1 1 1 1 10 0 1 1 1 1 1 1
2 2 2 2 0 1 2 2 2 2 2 1 2 2 2 2 2 1 2 2 2 2 0 1 1 1 1 1 0 10 1 1 1 1 1 1
1 2 2 2 2 2 1 0 2 2 2 2 1 0 2 2 2 2 1 2 2 2 2 2 1 1 1 1 1 1 10 0 1 1 1 1
2 1 2 2 2 2 0 1 2 2 2 2 0 1 2 2 2 2 2 1 2 2 2 2 1 1 1 1 1 1 0 10 1 1 1 1
2 2 1 2 2 2 2 2 1 0 2 2 2 2 1 0 2 2 2 2 1 2 2 2 1 1 1 1 1 1 1 1 10 0 1 1
2 2 2 1 2 2 2 2 0 1 2 2 2 2 0 1 2 2 2 2 2 1 2 2 1 1 1 1 1 1 1 1 0 10 1 1
2 2 2 2 1 2 2 2 2 2 1 0 2 2 2 2 1 0 2 2 2 2 1 2 1 1 1 1 1 1 1 1 1 1 10 0
2 2 2 2 2 1 2 2 2 2 0 1 2 2 2 2 0 1 2 2 2 2 2 1 1 1 1 1 1 1 1 1 1 1 0 10
0 2
0 3
0 4
0 5
0 6
0 7
0 8
0 9
0 10
0 11
1 2
1 3
1 4
1 5
1 6
1 7
1 8
1 9
1 10
1 11
2 4
2 5
2 6
2 7
2 8
2 9
2 10
2 11
3 4
3 5
3 6
3 7
3 8
3 9
3 10
3 11
4 6
4 7
4 8
4 9
4 10
4 11
5 6
5 7
5 8
5 9
5 10
5 11
6 8
6 9
6 10
6 11
7 8
7 9
7 10
7 11
8 10
8 11
9 10
9 11
0 2
0 3
0 4
0 5
0 6
0 7
0 8
0 9
0 10
0 11
1 2
1 3
1 4
1 5
1 6
1 7
1 8
1 9
1 10
1 11
2 4
2 5
2 6
2 7
2 8
2 9
2 10
2 11
3 4
3 5
3 6
3 7
3 8
3 9
3 10
3 11
4 6
4 7
4 8
4 9
4 10
4 11
5 6
5 7
5 8
5 9
5 10
5 11
6 8
6 9
6 10
6 11
7 8
7 9
7 10
7 11
8 10
8 11
9 10
9 11
0 2
0 3
0 4
0 5
0 6
0 7
0 8
0 9
0 10
0 11
1 2
1 3
1 4
1 5
1 6
1 7
1 8
1 9
1 10
1 11
2 4
2 5
2 6
2 7
2 8
2 9
2 10
2 11
3 4
3 5
3 6
3 7
3 8
3 9
3 10
3 11
4 6
4 7
4 8
4 9
4 10
4 11
5 6
5 7
5 8
5 9
5 10
5 11
6 8
6 9
6 10
6 11
7 8
7 9
7 10
7 11
8 10
8 11
9 10
9 11
5278721887923743136 1024
36 55 56 16 33 29 47 4 54 26 23 31 38 3 9 41 15 46 45 20 24 52 8 6 43 37 17 1 32 18 50 39 58 42 7 51 13 5 2 19 22 10 59 44 25 11 0 27 12 40 57 28 14 34 21 49 35 48 53 30
40 46 2 5 13 43 49 45 30 0 50 41 17 51 32 25 38 21 48 23 20 36 28 24 55 18 3 44 9 57 59 1 58 29 6 11 19 27 37 14 15 8 10 33 31 35 12 53 42 26 39 16 56 34 47 52 4 7 54 22
22 40 16 39 19 56 21 50 35 20 25 3 53 11 47 59 15 9 2 32 54 34 51 42 58 33 23 48 6 18 28 31 8 46 0 13 1 14 57 27 30 49 26 7 29 43 45 36 12 24 17 55 41 37 4 10 44 5 38 52
20 8 17 38 35 28 29 43 49 53 34 44 50 42 40 55 27 5 19 46 31 18 13 39 14 41 11 59 12 45 32 47 58 23 36 22 9 6 52 4 10 56 57 30 37 25 15 33 24 26 7 16 21 54 48 1 0 3 51 2
10321815038447319736 1024
53 8 7 15 24 21 1 41 52 31 14 13 33 57 28 37 4 54 42 30 51 38 2 39 43 17 23 0 47 11 58 18 35 3 12 56 29 32 36 10 40 22 16 25 26 46 34 59 55 45 9 44 19 49 5 48 6 20 50 27
42 16 5 45 30 59 18 1 41 37 51 48 14 46 21 7 56 4 43 49 36 50 13 6 12 24 54 28 3 31 58 29 22 19 17 47 53 0 20 52 25 57 40 2 9 23 11 39 27 34 38 32 55 26 33 10 44 15 35 8
53 8 11 50 29 30 43 41 52 31 14 48 33 57 28 2 15 46 26 45 51 38 22 39 4 10 6 0 47 21 58 18 35 13 19 55 24 32 23 36 12 1 7 25 42 56 9 44 3 40 17 16 37 27 5 59 34 20 54 49
42 51 57 50 21 59 18 1 39 15 35 24 11 56 31 7 26 4 43 49 6 45 12 46 17 22 54 28 33 53 55 40 58 19 13 47 44 0 5 52 25 37 36 2 29 23 14 30 10 34 38 9 41 16 32 27 3 48 20 8
18187964092286060548 1024
53 34 27 28 55 59 0 42 14 50 2 52 23 30 19 38 57 39 54 37 49 58 35 20 46 25 1 16 44 48 29 7 51 10 13 41 40 8 12 32 36 56 6 22 45 15 24 17 47 21 26 11 31 9 43 33 18 4 3 5
58 46 32 40 44 33 10 20 54 24 56 41 34 42 55 2 35 28 8 22 0 51 49 15 39 43 47 59 18 11 12 52 3 9 7 14 38 6 23 17 45 53 1 26 30 5 4 13 31 48 27 36 19 25 21 37 50 57 16 29
53 14 27 26 55 39 29 50 7 42 17 52 23 30 36 38 47 18 54 37 49 58 35 20 46 15 1 16 59 48 5 34 51 28 13 41 40 8 12 32 19 56 6 22 45 43 24 10 57 21 44 11 31 9 25 33 2 4 3 0
58 42 35 8 44 39 10 20 54 24 56 41 34 46 59 21 32 28 14 22 55 51 49 15 43 33 6 0 18 19 12 52 3 9 7 40 1 47 23 17 45 53 38 26 11 5 4 36 31 48 27 13 30 25 2 37 50 57 16 29
15556945475676157430 1024
47 7 41 17 9 58 54 43 30 24 56 44 38 39 59 12 18 50 42 21 27 11 15 37 4 20 8 2 25 36 14 35 31 28 48 19 26 22 16 49 5 45 6 13 3 57 34 29 55 0 52 32 23 51 46 53 10 40 33 1
17 57 19 28 27 42 54 29 2 41 6 49 59 53 52 33 46 10 23 15 26 45 47 38 43 4 7 37 30 14 9 36 55 12 25 50 31 24 21 44 18 20 58 0 34 22 13 1 3 39 56 16 35 8 48 5 11 51 40 32
42 41 1 17 29 58 8 23 24 25 56 4 38 49 59 33 39 37 32 21 27 9 12 5 11 7 54 50 31 36 52 6 40 30 48 19 34 13 16 55 45 15 20 46 3 57 53 18 22 0 26 44 35 14 10 43 47 51 28 2
43 3 39 57 27 42 7 8 40 41 6 47 13 5 56 58 29 21 22 15 26 45 11 18 20 51 1 34 30 24 49 54 10 12 59 52 31 2 53 36 38 46 33 0 50 23 17 14 4 19 16 25 9 28 44 32 35 37 55 48
17054490195769944459 1024
53 57 23 20 41 10 58 33 13 21 11 19 29 49 26 37 12 42 15 8 9 22 34 40 46 24 4 44 6 59 25 56 35 36 32 39 30 38 48 43 28 51 55 31 47 3 1 16 2 45 5 17 7 27 50 14 0 18 52 54
22 19 12 23 33 44 4 46 13 35 38 29 18 55 27 39 43 0 52 32 17 34 25 7 26 2 24 58 37 3 28 54 16 40 36 6 15 56 59 31 1 53 42 51 30 45 8 5 50 20 41 10 9 49 21 47 48 11 57 14
42 16 34 7 41 50 55 33 1 39 48 57 43 20 26 32 22 46 23 8 9 5 12 54 47 58 4 19 52 31 24 38 35 18 11 2 27 53 14 0 6 51 25 21 49 3 37 10 13 45 59 15 29 36 56 17 44 40 28 30
22 19 57 28 33 44 4 8 10 53 27 48 37 50 41 43 45 0 40 34 17 9 56 25 12 2 32 29 6 39 35 26 3 31 58 36 15 30 20 51 47 52 42 23 46 13 5 1 7 16 54 24 55 59 18 38 49 11 21 14
17852777216548106750 1024
14 29 28 0 52 53 56 47 55 42 51 3 19 32 25 2 6 50 45 27 33 48 59 21 4 15 39 24 18 16 35 8 7 20 38 10 30 22 54 1 49 9 43 5 41 17 37 58 57 23 40 34 44 12 46 31 11 36 26 13
34 24 10 8 44 20 49 37 16 39 17 13 50 58 12 32 35 41 59 22 2 43 6 51 48 47 14 15 52 3 7 26 40 56 4 55 19 29 57 42 1 30 33 11 54 38 46 23 27 5 18 36 28 53 9 31 21 45 25 0
17 51 24 32 55 31 58 22 5 52 41 49 57 23 46 9 37 15 48 44 34 19 21 42 59 54 1 47 20 16 33 2 8 3 38 43 35 53 4 40 18 30 7 13 11 56 28 45 10 14 50 39 6 12 25 26 29 36 0 27
58 34 43 8 18 26 31 37 29 32 19 40 52 47 15 51 20 21 59 36 41 53 57 1 3 30 49 39 45 14 33 56 27 12 22 55 13 2 10 4 24 42 35 16 54 50 44 23 9 25 46 48 38 5 7 11 6 17 28 0
2328848608103425786 1024
3 1 18 57 26 51 38 29 28 59 40 30 2 10 42 15 53 21 24 22 52 9 25 49 54 46 6 20 5 35 36 56 48 41 34 19 47 13 33 27 32 50 16 45 58 14 17 4 55 7 43 11 44 0 39 31 8 23 12 37
57 41 31 45 12 5 28 42 49 34 6 14 39 25 38 48 26 47 15 32 35 54 52 21 51 10 29 4 53 55 46 20 44 11 8 3 58 33 9 0 16 27 43 1 18 40 17 19 13 7 23 36 24 56 50 2 22 59 37 30
51 59 37 5 40 11 18 29 30 26 3 46 27 34 35 48 39 38 7 50 52 1 54 28 8 55 23 14 32 56 17 15 20 25 49 41 16 12 9 22 13 33 4 58 2 21 19 42 57 36 44 6 43 0 24 31 45 10 53 47
26 17 36 1 38 57 55 25 37 0 23 12 51 22 33 28 29 47 11 49 4 10 58 39 18 32 31 19 56 52 3 20 34 44 6 48 54 7 24 15 16 43 46 27 14 8 45 59 53 41 21 50 35 40 42 13 30 2 9 5
14711889104593768773 1024
47 59 29 1 53 57 58 18 2 40 22 12 51 43 46 7 42 24 4 26 14 5 33 15 55 48 44 8 56 21 28 10 13 36 50 19 0 20 9 32 39 52 41 45 35 49 38 17 30 27 6 23 16 31 25 11 34 37 54 3
19 31 52 10 22 9 15 2 35 34 27 56 33 57 49 41 28 37 45 55 21 8 46 16 40 47 43 39 51 58 59 6 36 18 48 17 12 38 0 3 32 50 5 42 1 30 14 11 54 4 24 20 7 23 44 53 25 29 13 26
37 54 30 46 59 3 9 25 31 14 35 26 51 13 36 34 40 20 23 39 0 57 42 7 18 22 12 32 45 53 47 8 4 56 41 15 52 10 48 17 33 21 58 28 5 29 16 19 49 2 38 27 55 50 6 24 43 1 11 44
29 0 31 30 22 44 18 5 26 39 52 11 27 45 34 50 48 9 36 46 10 28 3 4 55 56 7 21 2 17 6 33 15 43 49 57 59 32 58 53 25 12 41 37 8 19 24 40 16 51 1 54 42 20 13 47 23 35 38 14
17249870490058247319 1024
50 57 38 39 2 56 51 59 14 11 28 55 49 5 27 33 8 16 44 35 17 45 24 36 15 3 41 26 4 19 48 31 10 22 43 42 13 29 34 37 0 7 47 23 12 18 6 25 54 53 30 32 46 9 21 1 52 20 58 40
34 15 57 10 39 8 31 27 25 36 20 48 18 29 26 0 11 51 47 3 28 33 7 54 12 40 49 44 35 53 9 42 4 13 23 2 17 22 43 58 5 56 6 59 50 52 21 1 24 55 45 46 37 38 19 14 32 41 16 30
19 44 58 32 27 9 13 38 2 42 51 23 33 12 29 16 24 0 3 40 6 46 14 20 17 8 37 30 11 4 49 22 1 36 54 52 57 26 48 47 7 31 56 39 50 21 10 53 15 18 34 41 43 35 45 25 55 28 5 59
51 27 10 31 45 22 2 40 29 43 25 14 48 53 5 21 50 47 26 30 18 16 56 6 46 55 23 39 52 24 37 34 8 42 49 0 59 28 4 32 41 20 7 12 54 57 17 36 38 11 35 1 33 3 44 19 15 13 9 58
6747200409005909446 1024
51 7 2 47 28 5 48 26 56 50 37 36 58 43 49 6 27 39 3 41 4 57 12 25 32 18 9 21 19 45 30 38 22 11 15 13 35 40 1 20 23 52 34 33 59 0 14 31 44 55 29 10 24 46 17 8 16 54 53 42
31 52 54 28 11 39 38 3 48 34 21 56 53 44 7 50 30 36 20 6 41 17 27 2 16 8 45 37 18 49 0 4 55 58 1 51 46 19 35 33 15 59 25 23 22 57 42 12 26 9 5 13 40 29 32 43 47 24 10 14
36 32 51 11 44 21 37 26 56 17 38 55 54 52 49 15 1 29 13 27 4 3 16 50 53 19 9 0 8 58 2 25 40 48 6 42 59 45 22 12 14 57 20 41 35 43 30 33 5 46 10 34 24 18 31 28 7 47 39 23
54 37 16 44 39 20 29 15 6 7 47 33 23 59 10 2 11 52 43 21 38 48 13 58 49 8 25 41 22 19 4 46 12 0 51 57 27 31 53 35 1 14 32 5 34 45 42 55 56 9 18 17 28 26 36 24 3 50 40 30
15982571535069720296 1024
42 51 52 17 54 34 9 25 7 37 0 2 16 49 43 56 30 19 10 59 4 47 13 18 11 3 38 15 12 46 53 1 33 20 21 24 41 58 23 36 28 48 35 27 5 8 22 14 26 40 32 57 29 55 39 6 44 45 50 31
22 15 51 27 58 28 2 36 32 55 14 20 11 34 56 4 43 50 48 5 37 33 41 1 0 53 42 38 30 13 3 44 49 25 54 57 23 18 8 29 17 47 52 16 59 9 26 39 19 35 10 7 31 21 40 46 6 24 45 12
15 53 57 27 9 13 14 34 54 30 16 58 41 52 17 33 3 37 29 8 59 35 28 20 22 42 44 39 43 18 48 4 40 47 25 5 19 7 23 36 31 6 46 21 2 10 32 11 26 1 45 24 49 38 12 56 0 51 50 55
57 4 35 59 58 29 28 27 20 12 56 36 50 34 31 6 52 39 19 25 40 42 13 1 33 54 55 53 38 18 48 21 9 16 43 11 0 47 17 24 23 7 32 2 49 5 22 44 15 51 10 41 46 14 26 37 8 30 3 45
17558774581372858034 1024
57 52 25 31 34 20 27 21 38 3 23 40 45 51 49 6 48 2 11 42 35 9 18 58 39 41 36 12 19 55 44 47 46 0 32 53 37 33 50 7 22 24 16 54 1 26 17 29 13 8 15 28 56 10 4 5 14 59 43 30
18 46 23 24 19 26 57 14 2 41 38 17 43 52 39 48 56 1 34 0 50 7 25 36 35 29 42 53 37 47 15 20 30 49 12 32 4 33 58 51 31 16 9 59 13 6 28 40 3 44 54 21 5 8 11 45 27 22 10 55
57 52 25 31 34 20 15 21 38 3 23 40 45 51 49 6 48 2 11 42 35 9 18 58 39 41 36 12 19 55 44 47 46 0 32 53 37 33 50 7 22 24 16 54 1 26 17 29 13 8 27 59 56 10 4 5 14 28 43 30
18 46 23 24 19 26 57 14 2 41 38 17 43 52 39 48 56 1 34 0 50 7 25 36 35 29 42 53 37 47 15 20 30 49 12 32 4 33 58 51 11 16 9 59 13 6 28 40 3 44 54 21 5 8 31 45 27 22 10 55
7642046845051360594 1024
46 19 7 26 38 44 36 54 53 18 59 43 2 33 22 55 25 35 15 39 41 14 6 8 40 45 48 24 30 5 31 27 16 50 47 3 10 58 21 13 49 4 57 12 28 51 52 42 9 29 1 17 20 0 56 32 11 37 34 23
40 34 57 38 58 39 43 42 41 54 23 31 10 8 24 26 2 11 29 56 17 33 47 1 15 9 18 46 51 25 16 32 13 35 45 30 3 7 14 27 52 37 49 48 44 4 21 22 55 19 36 5 59 12 0 20 6 28 50 53
28 11 52 53 0 25 36 6 29 13 51 43 24 33 50 55 44 58 16 31 41 14 54 8 3 49 23 37 30 5 46 27 35 48 47 20 10 15 39 18 9 38 57 1 21 59 7 42 45 26 12 17 40 4 56 32 19 2 34 22
40 53 57 38 22 39 54 45 51 11 55 31 26 34 6 42 18 8 58 20 17 44 25 23 56 19 2 46 41 49 50 32 3 5 48 15 47 30 14 27 29 0 10 1 7 4 21 33 43 35 36 59 9 12 37 13 24 28 16 52
16648265970952515788 1024
56 34 52 11 21 45 53 26 5 0 13 22 50 46 17 35 37 44 54 36 6 25 1 10 59 55 4 49 14 15 31 18 2 7 48 39 16 40 27 47 58 30 43 33 23 12 9 28 51 24 38 3 29 41 32 42 57 19 20 8
55 4 48 6 53 29 27 50 34 45 32 26 59 23 47 33 42 2 36 28 18 19 52 13 37 46 1 49 11 54 7 24 40 21 0 14 9 10 30 57 8 15 17 41 56 58 12 31 35 20 38 22 16 25 43 39 51 44 5 3
45 42 20 48 59 31 44 54 29 13 43 24 22 56 0 39 33 1 2 52 53 50 51 12 4 16 35 26 23 36 15 9 34 8 32 41 28 57 19 49 7 47 46 10 5 55 17 6 38 14 21 11 40 27 3 37 18 30 25 58
55 36 14 59 26 21 49 34 56 38 9 18 27 1 47 25 2 12 53 45 37 48 23 42 46 54 7 4 28 6 17 50 43 51 22 15 30 19 39 3 33 0 11 35 29 8 40 20 44 10 32 16 24 57 5 41 31 58 52 13
4133296203462709460 1024
4 46 6 34 27 52 17 49 41 58 53 7 42 16 19 36 59 24 32 0 55 21 15 13 30 40 56 38 20 43 57 14 47 2 10 11 1 33 22 50 12 35 26 51 39 48 37 23 3 9 54 44 8 28 5 29 25 31 18 45
7 26 33 56 29 9 42 43 41 37 28 35 46 11 52 6 18 27 1 0 14 12 8 25 19 50 45 23 10 55 13 2 30 15 54 4 20 51 40 59 32 44 31 57 58 3 21 49 47 22 5 48 17 34 24 39 36 16 38 53
54 49 6 19 28 51 46 34 47 53 40 5 22 58 16 41 59 15 20 30 32 4 14 13 52 45 2 56 17 43 57 1 48 8 44 12 29 33 11 55 26 7 24 25 37 42 35 36 39 0 3 10 50 21 18 23 31 9 38 27
48 55 58 23 45 43 21 24 1 47 28 42 41 6 33 22 0 20 52 57 26 40 3 38 59 15 10 5 35 56 18 2 37 51 17 49 4 19 54 32 50 30 14 39 13 11 29 25 34 7 31 44 16 46 8 9 36 27 53 12
752127717163298316 1024
8 46 41 22 23 10 43 7 32 16 40 19 25 37 33 14 30 47 50 35 24 54 9 3 56 12 29 15 34 5 39 28 0 48 13 4 53 38 36 18 57 55 27 49 11 59 26 2 42 6 44 20 21 58 1 45 17 51 31 52
59 4 58 44 27 36 17 32 38 26 55 43 51 50 8 52 48 11 30 7 5 25 6 23 54 21 2 14 28 1 56 42 9 53 19 12 31 46 22 3 10 24 49 16 34 15 13 20 29 18 45 33 41 0 35 57 37 40 47 39
10 59 53 43 52 1 12 51 8 34 46 57 5 36 33 28 35 27 50 7 15 18 39 3 11 55 14 9 58 4 16 56 48 54 29 40 42 19 38 17 41 22 21 44 13 26 31 32 37 24 25 47 23 49 45 20 0 6 2 30
54 6 43 24 35 11 8 40 0 2 17 26 59 36 46 27 50 47 57 16 34 25 45 48 55 41 49 23 53 29 1 42 4 13 28 52 31 38 37 21 10 9 20 5 12 56 15 51 22 18 19 44 33 30 3 7 32 58 14 39
