FACTOR_PERMUTATION_V1 12 16 1024 1 8
10 0 1 1 1 1 1 1 1 1 1 1 1 0 2 2 2 2 1 2 2 2 2 2 1 0 2 2 2 2 1 2 2 2 2 2
0 10 1 1 1 1 1 1 1 1 1 1 0 1 2 2 2 2 2 1 2 2 2 2 0 1 2 2 2 2 2 1 2 2 2 2
1 1 10 0 1 1 1 1 1 1 1 1 2 2 1 0 2 2 2 2 1 2 2 2 2 2 1 0 2 2 2 2 1 2 2 2
1 1 0 10 1 1 1 1 1 1 1 1 2 2 0 1 2 2 2 2 2 1 2 2 2 2 0 1 2 2 2 2 2 1 2 2
1 1 1 1 10 0 1 1 1 1 1 1 2 2 2 2 1 0 2 2 2 2 1 2 2 2 2 2 1 0 2 2 2 2 1 2
1 1 1 1 0 10 1 1 1 1 1 1 2 2 2 2 0 1 2 2 2 2 2 1 2 2 2 2 0 1 2 2 2 2 2 1
1 1 1 1 1 1 10 0 1 1 1 1 1 2 2 2 2 2 1 0 2 2 2 2 1 2 2 2 2 2 1 0 2 2 2 2
1 1 1 1 1 1 0 10 1 1 1 1 2 1 2 2 2 2 0 1 2 2 2 2 2 1 2 2 2 2 0 1 2 2 2 2
1 1 1 1 1 1 1 1 10 0 1 1 2 2 1 2 2 2 2 2 1 0 2 2 2 2 1 2 2 2 2 2 1 0 2 2
1 1 1 1 1 1 1 1 0 10 1 1 2 2 2 1 2 2 2 2 0 1 2 2 2 2 2 1 2 2 2 2 0 1 2 2
1 1 1 1 1 1 1 1 1 1 10 0 2 2 2 2 1 2 2 2 2 2 1 0 2 2 2 2 1 2 2 2 2 2 1 0
1 1 1 1 1 1 1 1 1 1 0 10 2 2 2 2 2 1 2 2 2 2 0 1 2 2 2 2 2 1 2 2 2 2 0 1
1 0 2 2 2 2 1 2 2 2 2 2 10 0 1 1 1 1 1 1 1 1 1 1 1 2 2 2 2 2 1 0 2 2 2 2
0 1 2 2 2 2 2 1 2 2 2 2 0 10 1 1 1 1 1 1 1 1 1 1 2 1 2 2 2 2 0 1 2 2 2 2
2 2 1 0 2 2 2 2 1 2 2 2 1 1 10 0 1 1 1 1 1 1 1 1 2 2 1 2 2 2 2 2 1 0 2 2
2 2 0 1 2 2 2 2 2 1 2 2 1 1 0 10 1 1 1 1 1 1 1 1 2 2 2 1 2 2 2 2 0 1 2 2
2 2 2 2 1 0 2 2 2 2 1 2 1 1 1 1 10 0 1 1 1 1 1 1 2 2 2 2 1 2 2 2 2 2 1 0
2 2 2 2 0 1 2 2 2 2 2 1 1 1 1 1 0 10 1 1 1 1 1 1 2 2 2 2 2 1 2 2 2 2 0 1
1 2 2 2 2 2 1 0 2 2 2 2 1 1 1 1 1 1 10 0 1 1 1 1 1 0 2 2 2 2 1 2 2 2 2 2
2 1 2 2 2 2 0 1 2 2 2 2 1 1 1 1 1 1 0 10 1 1 1 1 0 1 2 2 2 2 2 1 2 2 2 2
2 2 1 2 2 2 2 2 1 0 2 2 1 1 1 1 1 1 1 1 10 0 1 1 2 2 1 0 2 2 2 2 1 2 2 2
2 2 2 1 2 2 2 2 0 1 2 2 1 1 1 1 1 1 1 1 0 10 1 1 2 2 0 1 2 2 2 2 2 1 2 2
2 2 2 2 1 2 2 2 2 2 1 0 1 1 1 1 1 1 1 1 1 1 10 0 2 2 2 2 1 0 2 2 2 2 1 2
2 2 2 2 2 1 2 2 2 2 0 1 1 1 1 1 1 1 1 1 1 1 0 10 2 2 2 2 0 1 2 2 2 2 2 1
1 0 2 2 2 2 1 2 2 2 2 2 1 2 2 2 2 2 1 0 2 2 2 2 10 0 1 1 1 1 1 1 1 1 1 1
0 1 2 2 2 2 2 1 2 2 2 2 2 1 2 2 2 2 0 1 2 2 2 2 0 10 1 1 1 1 1 1 1 1 1 1
2 2 1 0 2 2 2 2 1 2 2 2 2 2 1 2 2 2 2 2 1 0 2 2 1 1 10 0 1 1 1 1 1 1 1 1
2 2 0 1 2 2 2 2 2 1 2 2 2 2 2 1 2 2 2 2 0 1 2 2 1 1 0 10 1 1 1 1 1 1 1 1
2 2 2 2 1 0 2 2 2 2 1 2 2 2 2 2 1 2 2 2 2 2 1 0 1 1 1 1 10 0 1 1 1 1 1 1
2 2 2 2 0 1 2 2 2 2 2 1 2 2 2 2 2 1 2 2 2 2 0 1 1 1 1 1 0 10 1 1 1 1 1 1
1 2 2 2 2 2 1 0 2 2 2 2 1 0 2 2 2 2 1 2 2 2 2 2 1 1 1 1 1 1 10 0 1 1 1 1
2 1 2 2 2 2 0 1 2 2 2 2 0 1 2 2 2 2 2 1 2 2 2 2 1 1 1 1 1 1 0 10 1 1 1 1
2 2 1 2 2 2 2 2 1 0 2 2 2 2 1 0 2 2 2 2 1 2 2 2 1 1 1 1 1 1 1 1 10 0 1 1
2 2 2 1 2 2 2 2 0 1 2 2 2 2 0 1 2 2 2 2 2 1 2 2 1 1 1 1 1 1 1 1 0 10 1 1
2 2 2 2 1 2 2 2 2 2 1 0 2 2 2 2 1 0 2 2 2 2 1 2 1 1 1 1 1 1 1 1 1 1 10 0
2 2 2 2 2 1 2 2 2 2 0 1 2 2 2 2 0 1 2 2 2 2 2 1 1 1 1 1 1 1 1 1 1 1 0 10
0 2
0 3
0 4
0 5
0 6
0 7
0 8
0 9
0 10
0 11
1 2
1 3
1 4
1 5
1 6
1 7
1 8
1 9
1 10
1 11
2 4
2 5
2 6
2 7
2 8
2 9
2 10
2 11
3 4
3 5
3 6
3 7
3 8
3 9
3 10
3 11
4 6
4 7
4 8
4 9
4 10
4 11
5 6
5 7
5 8
5 9
5 10
5 11
6 8
6 9
6 10
6 11
7 8
7 9
7 10
7 11
8 10
8 11
9 10
9 11
0 2
0 3
0 4
0 5
0 6
0 7
0 8
0 9
0 10
0 11
1 2
1 3
1 4
1 5
1 6
1 7
1 8
1 9
1 10
1 11
2 4
2 5
2 6
2 7
2 8
2 9
2 10
2 11
3 4
3 5
3 6
3 7
3 8
3 9
3 10
3 11
4 6
4 7
4 8
4 9
4 10
4 11
5 6
5 7
5 8
5 9
5 10
5 11
6 8
6 9
6 10
6 11
7 8
7 9
7 10
7 11
8 10
8 11
9 10
9 11
0 2
0 3
0 4
0 5
0 6
0 7
0 8
0 9
0 10
0 11
1 2
1 3
1 4
1 5
1 6
1 7
1 8
1 9
1 10
1 11
2 4
2 5
2 6
2 7
2 8
2 9
2 10
2 11
3 4
3 5
3 6
3 7
3 8
3 9
3 10
3 11
4 6
4 7
4 8
4 9
4 10
4 11
5 6
5 7
5 8
5 9
5 10
5 11
6 8
6 9
6 10
6 11
7 8
7 9
7 10
7 11
8 10
8 11
9 10
9 11
13920159899931376014 3072
57 38 35 27 49 37 25 28 22 15 17 4 24 1 50 20 29 23 30 6 39 10 53 9 13 44 8 42 16 5 18 47 26 45 59 31 52 34 46 36 51 7 0 58 48 12 54 56 11 3 2 14 21 55 43 33 32 19 40 41
54 56 8 34 3 7 46 12 28 24 2 36 10 51 44 47 50 27 33 31 16 41 52 6 25 42 58 49 20 14 9 13 38 11 23 55 40 59 1 5 45 48 0 22 53 19 29 39 57 32 18 35 15 30 26 37 21 17 4 43
17 27 50 34 35 20 4 7 11 37 21 13 45 40 57 1 30 39 52 36 0 14 53 18 46 41 51 58 12 5 26 47 31 2 8 44 49 55 22 24 28 48 19 56 15 32 43 25 10 3 42 29 6 59 33 38 54 9 23 16
46 41 23 5 59 29 38 56 43 51 48 28 39 26 47 10 4 35 45 6 19 18 2 17 9 52 12 15 30 53 58 1 8 14 50 20 3 44 31 0 22 55 34 16 27 36 49 42 57 11 24 13 40 54 25 33 32 7 37 21
15494519106042493633 3072
53 16 11 17 59 38 5 9 20 40 26 28 54 22 32 3 24 4 44 19 55 29 48 49 35 39 33 8 41 45 27 1 15 10 42 13 30 25 57 23 6 21 0 31 50 58 56 52 18 37 43 51 46 47 12 36 2 14 34 7
29 26 39 32 17 55 46 11 48 58 53 41 54 31 44 22 33 36 38 35 59 15 42 47 21 52 3 34 16 50 0 10 12 45 7 9 2 18 14 28 56 4 27 8 6 23 20 5 57 25 51 37 30 43 13 49 1 40 24 19
45 8 7 23 24 32 47 41 52 43 38 12 1 18 28 21 17 37 42 35 14 51 2 53 29 4 27 0 59 11 58 34 55 9 3 22 31 54 36 44 19 56 50 25 26 46 33 48 30 39 57 15 40 16 5 13 6 20 49 10
7 16 56 45 18 59 30 20 38 31 9 39 14 46 21 42 12 51 43 8 2 17 13 6 37 23 54 28 3 5 53 29 22 19 50 47 41 0 34 35 25 55 36 40 4 24 11 48 27 58 1 32 57 26 33 10 44 15 52 49
7468169088472417331 3072
19 41 46 1 32 54 36 25 51 43 20 27 10 14 52 59 22 6 16 35 33 7 57 58 21 18 56 3 50 11 13 4 38 0 53 49 2 15 48 34 9 12 23 8 42 28 17 24 44 45 31 55 47 37 29 40 39 30 26 5
1 28 19 25 5 24 21 8 38 30 15 37 12 35 20 34 26 27 42 58 47 56 46 59 31 23 50 2 41 54 10 22 32 36 3 49 43 7 52 55 53 18 29 13 16 51 48 4 9 17 40 45 14 0 6 33 57 39 11 44
53 14 27 26 55 39 29 50 7 42 17 52 23 30 36 38 47 18 54 37 49 58 35 20 46 15 1 16 59 48 5 34 51 28 13 41 40 8 12 32 19 56 6 22 45 43 24 10 57 21 44 11 31 9 25 33 2 4 3 0
58 42 35 8 44 39 10 20 54 24 56 41 34 46 59 21 32 28 14 22 55 51 49 15 43 33 6 0 18 19 12 52 3 9 7 40 1 47 23 17 45 53 38 26 11 5 4 36 31 48 27 13 30 25 2 37 50 57 16 29
5737022957829503404 3072
47 21 13 36 52 57 5 31 37 25 39 15 3 32 12 33 22 46 53 17 27 34 51 30 11 8 14 6 35 19 23 9 49 56 48 29 18 20 28 54 59 42 38 50 45 43 26 4 7 41 44 0 1 2 40 55 58 16 24 10
21 29 32 27 59 31 18 25 38 49 14 51 2 9 50 37 56 22 33 6 55 53 17 30 23 13 16 5 52 45 35 40 47 15 39 36 4 19 11 28 44 57 58 54 43 48 8 10 41 12 26 0 3 7 1 24 42 34 46 20
42 41 1 17 29 58 8 23 24 25 56 4 38 49 59 33 39 37 32 21 27 9 12 5 11 7 54 50 31 36 52 6 40 30 48 19 34 13 16 55 45 15 20 46 3 57 53 18 22 0 26 44 35 14 10 43 47 51 28 2
43 3 39 57 27 42 7 8 40 41 6 47 13 5 56 58 29 21 22 15 26 45 11 18 20 51 1 34 30 24 49 54 10 12 59 52 31 2 53 36 38 46 33 0 50 23 17 14 4 19 16 25 9 28 44 32 35 37 55 48
3132081289410413887 3072
27 55 58 30 47 31 11 0 39 44 4 45 49 18 29 33 37 20 23 56 13 9 28 59 38 54 2 50 32 7 24 40 42 51 14 41 17 34 16 19 35 5 43 25 48 15 3 10 26 1 21 36 52 53 46 6 22 8 12 57
49 34 41 27 22 52 35 43 12 40 2 59 30 56 11 53 20 29 57 47 44 39 51 46 55 8 6 31 54 33 18 4 13 7 58 32 48 17 38 9 0 42 3 16 37 21 25 15 50 10 24 1 19 36 28 23 5 45 26 14
42 16 34 7 41 50 55 33 1 39 48 57 43 20 26 32 22 46 23 8 9 5 12 54 47 58 4 19 52 31 24 38 35 18 11 2 27 53 14 0 6 51 25 21 49 3 37 10 13 45 59 15 29 36 56 17 44 40 28 30
22 19 57 28 33 44 4 8 10 53 27 48 37 50 41 43 45 0 40 34 17 9 56 25 12 2 32 29 6 39 35 26 3 31 58 36 15 30 20 51 47 52 42 23 46 13 5 1 7 16 54 24 55 59 18 38 49 11 21 14
8351502530714881916 3072
6 46 12 58 40 28 27 0 17 30 24 34 20 2 57 50 15 33 4 32 49 59 42 37 8 10 39 54 48 47 7 18 21 31 16 41 44 22 35 11 5 23 53 45 52 36 19 3 9 13 14 25 38 51 29 55 26 43 56 1
17 32 39 6 34 44 40 55 49 31 37 30 59 13 33 24 2 51 36 21 9 35 7 48 42 11 12 27 58 5 45 53 4 47 15 26 20 46 57 8 22 3 18 54 25 0 29 28 38 56 19 16 14 43 1 52 10 50 41 23
35 58 20 11 54 53 44 18 13 28 22 39 21 45 48 3 14 33 6 2 59 8 42 46 4 27 29 12 36 49 57 24 37 56 38 43 7 9 47 15 31 52 16 34 19 23 5 50 1 10 51 17 41 40 25 32 55 26 0 30
26 49 24 54 31 21 11 0 6 34 51 43 23 44 16 30 50 36 29 28 32 13 58 12 37 46 9 22 18 2 4 59 48 8 53 20 19 35 7 41 14 52 27 57 1 42 25 47 45 55 10 38 5 33 40 17 39 15 56 3
15233921159889470286 3072
8 42 47 19 33 20 59 54 4 15 25 53 38 49 23 31 40 27 16 21 14 55 18 34 50 37 9 28 52 32 13 58 12 56 46 41 51 10 0 24 11 3 2 44 29 30 48 35 1 45 22 26 36 57 5 7 43 6 39 17
58 8 30 59 44 1 27 47 26 18 42 31 55 57 53 29 14 54 17 20 35 36 37 15 34 0 6 45 50 28 49 7 23 19 22 48 12 25 51 24 46 40 16 43 10 4 56 5 3 9 33 41 11 21 38 32 2 13 39 52
49 53 43 39 47 34 51 7 44 14 35 24 42 18 48 37 0 16 58 12 2 50 57 41 54 21 22 13 1 52 20 59 28 46 11 38 10 17 9 6 33 55 45 3 5 19 4 31 23 30 40 8 29 26 32 25 15 56 27 36
57 44 19 24 21 48 8 11 54 0 14 42 52 17 49 30 38 45 55 31 58 23 18 47 51 20 29 4 41 40 34 50 5 27 46 53 28 39 37 15 2 22 1 35 43 16 7 10 33 26 13 6 12 9 25 3 32 56 59 36
13248119838657357871 3072
28 15 9 6 34 3 54 29 20 22 35 46 23 30 16 25 42 45 57 36 10 43 13 44 12 14 26 0 31 8 19 39 24 40 37 48 1 7 21 55 58 41 53 17 27 56 33 52 47 32 2 50 5 59 38 11 18 49 4 51
25 33 2 56 50 46 9 58 29 23 0 28 36 16 7 53 31 44 57 42 51 38 59 1 6 17 13 8 3 34 40 15 5 41 14 24 55 10 27 35 11 43 48 21 19 52 54 30 22 45 39 47 32 18 26 20 12 49 37 4
56 23 20 1 47 57 34 11 33 37 45 35 27 10 16 31 42 54 48 39 49 46 18 40 5 0 15 51 6 36 12 43 59 14 50 7 32 26 52 2 19 41 9 22 28 8 38 24 13 17 30 53 21 29 25 44 55 4 3 58
0 11 26 36 58 39 32 55 47 4 14 53 5 34 45 41 28 51 56 48 7 8 15 33 38 17 43 35 19 16 46 2 3 29 50 9 30 42 52 21 57 31 25 27 12 18 49 40 59 20 44 24 6 54 37 13 22 23 1 10
12045531783117628988 3072
8 22 37 38 25 51 12 54 28 27 34 49 42 23 3 6 11 16 57 9 59 48 24 10 39 43 45 20 7 18 21 19 58 35 46 2 1 4 14 53 13 50 15 29 55 0 41 33 47 40 30 44 26 52 31 17 56 32 5 36
15 28 6 19 39 25 0 58 31 1 47 34 41 11 17 50 24 59 46 44 16 23 12 56 36 33 14 45 7 3 55 54 51 9 52 38 26 20 35 43 4 37 32 42 18 30 10 27 49 48 5 29 57 13 40 2 8 53 21 22
15 27 45 23 38 8 33 49 43 57 16 24 11 25 28 31 50 21 55 30 26 59 12 3 2 47 34 14 35 18 7 40 37 5 48 46 22 36 53 39 41 4 42 19 6 54 1 52 44 51 32 17 20 56 13 58 9 29 10 0
36 54 57 8 11 24 21 12 33 38 2 35 27 4 40 45 58 15 32 22 13 19 7 1 48 5 23 47 18 49 30 14 43 56 52 39 59 31 9 20 0 26 25 34 29 53 41 10 37 42 3 50 46 51 16 55 28 6 44 17
12444922697652639724 3072
55 36 34 10 51 27 45 1 17 50 47 15 52 30 11 39 32 5 37 49 22 38 2 25 14 56 6 46 7 41 58 42 18 28 48 23 35 12 4 44 16 40 26 21 59 3 31 29 43 20 13 53 9 54 0 8 24 57 33 19
25 16 6 18 47 30 3 46 15 2 51 10 8 31 33 38 35 32 28 36 23 49 53 13 41 12 7 50 34 42 19 58 52 27 55 37 17 56 24 5 44 26 29 0 54 39 59 4 20 1 21 45 43 40 57 9 14 48 22 11
36 32 51 11 44 21 37 26 56 17 38 55 54 52 49 15 1 29 13 27 4 3 16 50 53 19 9 0 8 58 2 25 40 48 6 42 59 45 22 12 14 57 20 41 35 43 30 33 5 46 10 34 24 18 31 28 7 47 39 23
54 37 16 44 39 20 29 15 6 7 47 33 23 59 10 2 11 52 43 21 38 48 13 58 49 8 25 41 22 19 4 46 12 0 51 57 27 31 53 35 1 14 32 5 34 45 42 55 56 9 18 17 28 26 36 24 3 50 40 30
7505572945824382462 3072
48 44 46 53 58 11 39 23 9 1 51 3 10 33 20 35 29 54 52 40 6 50 30 19 37 59 24 12 41 8 27 21 28 57 36 55 43 45 42 26 18 7 13 0 56 49 22 17 4 14 31 25 47 34 5 32 15 2 16 38
44 5 56 31 2 57 18 59 49 43 45 6 53 19 14 58 22 33 40 24 3 17 8 55 52 25 47 11 10 51 38 21 48 15 30 26 13 35 41 23 7 36 16 29 20 4 28 34 32 54 46 50 39 37 27 1 12 9 0 42
6 47 39 43 28 5 8 53 26 48 44 18 12 30 33 59 3 16 29 36 14 4 15 54 49 41 25 27 37 52 50 46 2 42 56 23 24 9 31 57 45 7 13 20 19 58 35 40 51 21 55 0 11 34 10 32 38 17 1 22
34 1 40 25 44 29 59 9 20 5 18 51 27 10 43 46 35 24 6 17 7 23 39 26 2 12 55 54 38 15 57 45 4 36 49 28 30 47 41 53 52 14 56 31 50 11 22 48 32 19 13 0 21 8 33 37 3 16 58 42
17407918196113264670 3072
56 47 16 54 41 27 28 1 31 44 22 14 53 58 24 12 20 13 2 51 8 4 35 33 55 59 17 49 23 11 10 25 0 48 38 7 36 34 18 43 39 32 40 3 21 50 42 52 6 46 29 19 45 9 57 37 30 5 26 15
52 7 58 27 32 40 24 56 44 20 48 4 6 46 9 21 23 37 45 31 55 39 41 22 54 36 12 11 59 51 18 43 8 13 26 38 2 25 28 10 34 15 30 3 16 35 1 49 47 17 29 33 19 57 5 53 50 42 14 0
34 46 23 13 44 22 40 41 17 11 24 53 12 4 18 42 35 43 29 58 25 1 45 21 50 7 55 52 38 56 16 48 30 14 57 5 51 0 47 6 36 32 9 33 54 31 28 49 10 20 3 59 2 8 19 27 39 37 26 15
27 6 34 25 37 59 15 3 28 29 43 5 7 31 47 16 2 11 36 33 50 17 14 1 55 40 46 49 48 30 38 20 54 8 19 44 18 24 0 39 21 9 22 26 23 57 58 42 13 41 45 32 35 4 51 56 53 12 10 52
3666925130053853356 3072
49 2 25 6 55 59 32 39 1 38 9 21 24 41 28 37 4 50 20 10 12 31 26 5 8 34 48 13 52 17 19 58 45 46 42 40 0 54 22 51 11 3 35 18 15 14 7 57 29 36 43 44 56 27 16 30 47 53 33 23
2 1 41 5 32 52 47 49 26 24 50 6 23 4 46 33 16 37 43 15 7 8 34 14 0 59 29 18 57 22 20 13 56 55 53 19 11 3 35 45 42 17 54 10 28 40 44 51 12 21 25 48 58 31 9 39 38 30 36 27
49 46 48 6 23 59 2 53 1 38 9 44 24 21 30 10 18 58 36 37 19 47 41 5 4 29 25 13 15 17 56 40 55 42 14 50 0 28 31 51 52 3 26 35 11 22 7 32 34 33 12 57 54 27 16 43 45 39 8 20
13 35 41 53 58 52 44 42 5 56 50 48 23 32 27 47 20 45 43 34 7 59 11 36 37 55 2 21 57 28 9 25 18 8 46 38 12 30 1 39 0 17 54 3 22 16 51 14 49 10 40 29 33 24 19 15 31 6 26 4
1532845475089481612 3072
31 56 47 23 17 52 26 14 20 28 54 42 24 49 35 40 29 7 59 27 9 45 1 39 2 50 43 13 4 8 30 0 51 15 11 53 38 10 34 6 37 58 41 44 33 21 18 36 3 55 22 25 12 46 5 32 19 48 16 57
21 29 22 53 14 19 31 20 24 7 18 54 34 33 28 0 44 39 3 30 6 15 55 48 51 59 25 42 32 50 43 13 56 16 2 35 1 47 49 17 36 57 52 58 8 41 11 45 27 9 26 12 37 5 40 38 10 4 23 46
49 42 26 12 35 41 34 29 52 5 45 36 7 11 39 50 46 57 2 23 31 6 27 20 14 4 40 13 44 47 18 17 48 1 55 59 54 33 56 8 19 38 58 21 9 53 24 22 37 10 25 51 3 43 16 32 15 0 30 28
41 51 31 34 17 0 1 40 39 30 29 52 56 24 42 21 9 33 28 16 25 12 5 57 58 48 22 13 4 38 26 3 47 19 54 18 27 36 14 8 32 43 53 10 11 55 46 2 50 15 7 49 45 20 59 35 6 23 44 37
7892328810099612639 3072
39 45 22 46 6 29 10 54 1 41 13 36 33 9 59 34 38 21 14 24 35 52 53 43 40 49 25 37 48 20 12 32 50 16 8 3 26 5 2 51 0 27 58 18 30 42 19 56 15 28 44 4 57 17 47 7 55 11 31 23
49 10 24 44 22 57 39 12 18 15 38 52 48 26 17 36 40 13 53 23 33 50 19 54 11 2 37 21 9 59 29 55 5 7 45 25 58 47 51 6 56 14 30 16 4 41 0 31 42 43 35 27 46 8 1 3 32 20 34 28
54 49 6 19 28 51 46 34 47 53 40 5 22 58 16 41 59 15 20 30 32 4 14 13 52 45 2 56 17 43 57 1 48 8 44 12 29 33 11 55 26 7 24 25 37 42 35 36 39 0 3 10 50 21 18 23 31 9 38 27
48 55 58 23 45 43 21 24 1 47 28 42 41 6 33 22 0 20 52 57 26 40 3 38 59 15 10 5 35 56 18 2 37 51 17 49 4 19 54 32 50 30 14 39 13 11 29 25 34 7 31 44 16 46 8 9 36 27 53 12
1724207497892760786 3072
51 55 46 42 32 38 59 23 49 17 25 0 52 36 57 22 33 29 10 37 15 56 2 30 5 50 54 45 28 12 34 53 13 18 6 44 35 41 40 4 1 21 24 43 31 14 47 48 16 20 9 39 11 3 7 58 26 27 19 8
39 3 37 27 56 25 42 29 23 41 46 33 22 31 26 16 48 8 50 17 20 6 45 34 9 49 15 38 57 32 21 12 14 2 40 53 30 5 0 24 7 11 59 55 43 58 13 1 18 36 28 44 19 52 47 35 54 51 4 10
3 13 35 7 40 23 57 29 30 51 9 41 50 52 42 28 11 19 59 44 15 56 58 43 2 14 49 27 22 31 36 5 34 46 6 32 25 38 4 45 37 10 18 0 47 55 1 16 24 20 17 39 48 33 21 12 53 54 26 8
27 53 4 0 16 34 18 3 22 59 58 20 51 31 56 25 41 24 2 49 50 40 57 38 11 5 29 43 19 47 39 45 8 17 48 36 14 6 44 37 46 28 1 26 42 52 12 10 13 55 54 15 9 21 35 30 33 23 7 32
