FACTOR_PERMUTATION_V1 12 16 1024 1 8
10 0 1 1 1 1 1 1 1 1 1 1 1 0 2 2 2 2 1 2 2 2 2 2 1 0 2 2 2 2 1 2 2 2 2 2
0 10 1 1 1 1 1 1 1 1 1 1 0 1 2 2 2 2 2 1 2 2 2 2 0 1 2 2 2 2 2 1 2 2 2 2
1 1 10 0 1 1 1 1 1 1 1 1 2 2 1 0 2 2 2 2 1 2 2 2 2 2 1 0 2 2 2 2 1 2 2 2
1 1 0 10 1 1 1 1 1 1 1 1 2 2 0 1 2 2 2 2 2 1 2 2 2 2 0 1 2 2 2 2 2 1 2 2
1 1 1 1 10 0 1 1 1 1 1 1 2 2 2 2 1 0 2 2 2 2 1 2 2 2 2 2 1 0 2 2 2 2 1 2
1 1 1 1 0 10 1 1 1 1 1 1 2 2 2 2 0 1 2 2 2 2 2 1 2 2 2 2 0 1 2 2 2 2 2 1
1 1 1 1 1 1 10 0 1 1 1 1 1 2 2 2 2 2 1 0 2 2 2 2 1 2 2 2 2 2 1 0 2 2 2 2
1 1 1 1 1 1 0 10 1 1 1 1 2 1 2 2 2 2 0 1 2 2 2 2 2 1 2 2 2 2 0 1 2 2 2 2
1 1 1 1 1 1 1 1 10 0 1 1 2 2 1 2 2 2 2 2 1 0 2 2 2 2 1 2 2 2 2 2 1 0 2 2
1 1 1 1 1 1 1 1 0 10 1 1 2 2 2 1 2 2 2 2 0 1 2 2 2 2 2 1 2 2 2 2 0 1 2 2
1 1 1 1 1 1 1 1 1 1 10 0 2 2 2 2 1 2 2 2 2 2 1 0 2 2 2 2 1 2 2 2 2 2 1 0
1 1 1 1 1 1 1 1 1 1 0 10 2 2 2 2 2 1 2 2 2 2 0 1 2 2 2 2 2 1 2 2 2 2 0 1
1 0 2 2 2 2 1 2 2 2 2 2 10 0 1 1 1 1 1 1 1 1 1 1 1 2 2 2 2 2 1 0 2 2 2 2
0 1 2 2 2 2 2 1 2 2 2 2 0 10 1 1 1 1 1 1 1 1 1 1 2 1 2 2 2 2 0 1 2 2 2 2
2 2 1 0 2 2 2 2 1 2 2 2 1 1 10 0 1 1 1 1 1 1 1 1 2 2 1 2 2 2 2 2 1 0 2 2
2 2 0 1 2 2 2 2 2 1 2 2 1 1 0 10 1 1 1 1 1 1 1 1 2 2 2 1 2 2 2 2 0 1 2 2
2 2 2 2 1 0 2 2 2 2 1 2 1 1 1 1 10 0 1 1 1 1 1 1 2 2 2 2 1 2 2 2 2 2 1 0
2 2 2 2 0 1 2 2 2 2 2 1 1 1 1 1 0 10 1 1 1 1 1 1 2 2 2 2 2 1 2 2 2 2 0 1
1 2 2 2 2 2 1 0 2 2 2 2 1 1 1 1 1 1 10 0 1 1 1 1 1 0 2 2 2 2 1 2 2 2 2 2
2 1 2 2 2 2 0 1 2 2 2 2 1 1 1 1 1 1 0 10 1 1 1 1 0 1 2 2 2 2 2 1 2 2 2 2
2 2 1 2 2 2 2 2 1 0 2 2 1 1 1 1 1 1 1 1 10 0 1 1 2 2 1 0 2 2 2 2 1 2 2 2
2 2 2 1 2 2 2 2 0 1 2 2 1 1 1 1 1 1 1 1 0 10 1 1 2 2 0 1 2 2 2 2 2 1 2 2
2 2 2 2 1 2 2 2 2 2 1 0 1 1 1 1 1 1 1 1 1 1 10 0 2 2 2 2 1 0 2 2 2 2 1 2
2 2 2 2 2 1 2 2 2 2 0 1 1 1 1 1 1 1 1 1 1 1 0 10 2 2 2 2 0 1 2 2 2 2 2 1
1 0 2 2 2 2 1 2 2 2 2 2 1 2 2 2 2 2 1 0 2 2 2 2 10 0 1 1 1 1 1 1 1 1 1 1
0 1 2 2 2 2 2 1 2 2 2 2 2 1 2 2 2 2 0 1 2 2 2 2 0 10 1 1 1 1 1 1 1 1 1 1
2 2 1 0 2 2 2 2 1 2 2 2 2 2 1 2 2 2 2 2 1 0 2 2 1 1 10 0 1 1 1 1 1 1 1 1
2 2 0 1 2 2 2 2 2 1 2 2 2 2 2 1 2 2 2 2 0 1 2 2 1 1 0 10 1 1 1 1 1 1 1 1
2 2 2 2 1 0 2 2 2 2 1 2 2 2 2 2 1 2 2 2 2 2 1 0 1 1 1 1 10 0 1 1 1 1 1 1
2 2 2 2 0 1 2 2 2 2 2 1 2 2 2 2 2 1 2 2 2 2 0 1 1 1 1 1 0 10 1 1 1 1 1 1
1 2 2 2 2 2 1 0 2 2 2 2 1 0 2 2 2 2 1 2 2 2 2 2 1 1 1 1 1 1 10 0 1 1 1 1
2 1 2 2 2 2 0 1 2 2 2 2 0 1 2 2 2 2 2 1 2 2 2 2 1 1 1 1 1 1 0 10 1 1 1 1
2 2 1 2 2 2 2 2 1 0 2 2 2 2 1 0 2 2 2 2 1 2 2 2 1 1 1 1 1 1 1 1 10 0 1 1
2 2 2 1 2 2 2 2 0 1 2 2 2 2 0 1 2 2 2 2 2 1 2 2 1 1 1 1 1 1 1 1 0 10 1 1
2 2 2 2 1 2 2 2 2 2 1 0 2 2 2 2 1 0 2 2 2 2 1 2 1 1 1 1 1 1 1 1 1 1 10 0
2 2 2 2 2 1 2 2 2 2 0 1 2 2 2 2 0 1 2 2 2 2 2 1 1 1 1 1 1 1 1 1 1 1 0 10
0 2
0 3
0 4
0 5
0 6
0 7
0 8
0 9
0 10
0 11
1 2
1 3
1 4
1 5
1 6
1 7
1 8
1 9
1 10
1 11
2 4
2 5
2 6
2 7
2 8
2 9
2 10
2 11
3 4
3 5
3 6
3 7
3 8
3 9
3 10
3 11
4 6
4 7
4 8
4 9
4 10
4 11
5 6
5 7
5 8
5 9
5 10
5 11
6 8
6 9
6 10
6 11
7 8
7 9
7 10
7 11
8 10
8 11
9 10
9 11
0 2
0 3
0 4
0 5
0 6
0 7
0 8
0 9
0 10
0 11
1 2
1 3
1 4
1 5
1 6
1 7
1 8
1 9
1 10
1 11
2 4
2 5
2 6
2 7
2 8
2 9
2 10
2 11
3 4
3 5
3 6
3 7
3 8
3 9
3 10
3 11
4 6
4 7
4 8
4 9
4 10
4 11
5 6
5 7
5 8
5 9
5 10
5 11
6 8
6 9
6 10
6 11
7 8
7 9
7 10
7 11
8 10
8 11
9 10
9 11
0 2
0 3
0 4
0 5
0 6
0 7
0 8
0 9
0 10
0 11
1 2
1 3
1 4
1 5
1 6
1 7
1 8
1 9
1 10
1 11
2 4
2 5
2 6
2 7
2 8
2 9
2 10
2 11
3 4
3 5
3 6
3 7
3 8
3 9
3 10
3 11
4 6
4 7
4 8
4 9
4 10
4 11
5 6
5 7
5 8
5 9
5 10
5 11
6 8
6 9
6 10
6 11
7 8
7 9
7 10
7 11
8 10
8 11
9 10
9 11
4753880033044394798 4096
2 26 22 49 28 57 6 14 37 54 47 11 34 30 40 39 52 43 29 38 36 56 58 3 20 19 4 32 53 31 59 8 42 41 15 13 17 27 18 1 0 5 7 44 46 16 10 12 35 21 24 45 55 51 50 33 9 23 48 25
50 40 29 25 35 59 3 54 52 11 0 22 49 9 57 32 10 38 7 41 39 18 42 34 13 55 19 23 47 28 44 43 2 16 51 31 17 26 1 15 27 56 6 21 4 45 8 46 30 14 37 53 58 20 33 36 12 5 48 24
17 27 50 34 35 20 4 7 11 37 21 13 45 40 57 1 30 39 52 36 0 14 53 18 46 41 51 58 12 5 26 47 31 2 8 44 49 55 22 24 28 48 19 56 15 32 43 25 10 3 42 29 6 59 33 38 54 9 23 16
46 41 23 5 59 29 38 56 43 51 48 28 39 26 47 10 4 35 45 6 19 18 2 17 9 52 12 15 30 53 58 1 8 14 50 20 3 44 31 0 22 55 34 16 27 36 49 42 57 11 24 13 40 54 25 33 32 7 37 21
12277458457699390479 4096
32 31 12 35 26 46 44 37 45 47 20 39 34 33 59 6 15 42 4 55 2 8 17 27 18 58 13 36 0 54 25 11 9 49 52 43 50 21 19 1 56 14 3 40 24 23 16 22 48 41 28 30 29 53 10 57 5 7 51 38
57 20 31 34 23 6 19 39 5 45 2 46 17 52 27 18 3 22 28 11 10 41 42 16 37 21 53 49 40 14 12 4 48 9 25 13 24 30 54 1 15 44 33 43 38 58 7 35 55 0 50 32 29 36 26 56 47 8 51 59
45 8 7 23 24 32 47 41 52 43 38 12 1 18 28 21 17 37 42 35 14 51 2 53 29 4 27 0 59 11 58 34 55 9 3 22 31 54 36 44 19 56 50 25 26 46 33 48 30 39 57 15 40 16 5 13 6 20 49 10
7 16 56 45 18 59 30 20 38 31 9 39 14 46 21 42 12 51 43 8 2 17 13 6 37 23 54 28 3 5 53 29 22 19 50 47 41 0 34 35 25 55 36 40 4 24 11 48 27 58 1 32 57 26 33 10 44 15 52 49
7391400038657564469 4096
5 56 35 10 20 1 48 13 31 29 23 4 50 21 9 39 34 40 32 14 8 15 46 45 27 0 25 38 16 33 11 30 54 47 43 55 6 2 7 17 53 36 42 41 59 26 18 12 49 24 19 57 28 3 37 58 22 44 52 51
46 5 24 3 27 29 28 59 19 52 31 9 20 45 17 37 10 30 42 57 49 25 8 0 14 2 38 51 18 44 41 58 13 26 48 39 35 7 43 54 21 16 53 40 6 15 34 56 50 22 11 23 1 32 36 55 33 47 12 4
23 7 2 29 51 54 31 40 45 37 41 6 32 36 20 11 10 25 39 21 5 12 18 3 58 9 57 35 34 46 28 13 30 42 17 52 24 38 16 19 53 22 1 26 33 49 44 14 47 43 50 48 4 27 0 59 15 8 56 55
46 34 22 53 44 27 40 17 30 7 38 19 55 29 20 45 59 36 54 50 12 56 4 32 37 52 6 33 5 24 13 28 42 15 10 39 1 14 58 26 57 16 49 11 9 2 3 25 18 0 48 35 41 23 8 43 31 21 47 51
18373606735208514624 4096
58 43 54 31 35 21 3 48 7 50 10 18 16 56 26 28 12 44 34 53 9 24 6 23 51 59 38 22 32 17 37 47 29 49 1 4 13 45 8 0 30 15 52 40 19 5 46 41 14 20 42 57 33 36 25 27 55 2 39 11
17 39 54 47 22 30 45 24 21 31 44 7 58 59 55 20 2 15 27 13 53 3 36 6 57 4 23 50 48 29 33 11 56 38 49 5 16 9 1 41 19 26 40 52 18 10 0 51 32 42 35 28 34 12 25 37 43 14 8 46
42 41 1 17 29 58 8 23 24 25 56 4 38 49 59 33 39 37 32 21 27 9 12 5 11 7 54 50 31 36 52 6 40 30 48 19 34 13 16 55 45 15 20 46 3 57 53 18 22 0 26 44 35 14 10 43 47 51 28 2
43 3 39 57 27 42 7 8 40 41 6 47 13 5 56 58 29 21 22 15 26 45 11 18 20 51 1 34 30 24 49 54 10 12 59 52 31 2 53 36 38 46 33 0 50 23 17 14 4 19 16 25 9 28 44 32 35 37 55 48
8853139884022109954 4096
47 10 15 57 59 9 37 29 18 28 17 49 48 31 24 41 56 25 36 34 7 5 11 4 55 30 52 12 54 16 35 44 19 40 32 43 3 42 53 2 38 27 51 26 20 50 13 33 22 21 23 14 39 1 58 0 8 6 45 46
46 34 3 54 14 52 42 2 53 45 20 4 22 29 12 56 5 28 18 10 40 6 21 51 55 16 23 36 24 49 9 17 33 41 11 57 59 31 13 15 50 30 7 35 39 25 1 58 8 38 48 27 0 26 37 43 32 19 47 44
42 16 34 7 41 50 55 33 1 39 48 57 43 20 26 32 22 46 23 8 9 5 12 54 47 58 4 19 52 31 24 38 35 18 11 2 27 53 14 0 6 51 25 21 49 3 37 10 13 45 59 15 29 36 56 17 44 40 28 30
22 19 57 28 33 44 4 8 10 53 27 48 37 50 41 43 45 0 40 34 17 9 56 25 12 2 32 29 6 39 35 26 3 31 58 36 15 30 20 51 47 52 42 23 46 13 5 1 7 16 54 24 55 59 18 38 49 11 21 14
6989499601638960205 4096
5 9 58 53 11 26 2 39 29 4 50 37 8 49 3 36 59 23 16 57 13 7 52 42 45 31 38 14 51 1 18 55 43 15 12 22 27 0 30 20 35 28 34 54 19 47 17 6 48 33 56 10 40 24 44 32 46 21 41 25
26 44 58 59 3 42 6 52 38 41 51 39 15 32 34 55 11 47 2 36 4 21 46 10 49 5 57 24 30 8 16 50 45 27 53 56 37 1 54 31 28 17 23 48 14 0 29 43 7 19 9 25 12 20 13 33 40 35 22 18
35 58 20 11 54 53 44 18 13 28 22 39 21 45 48 3 14 33 6 2 59 8 42 46 4 27 29 12 36 49 57 24 37 56 38 43 7 9 47 15 31 52 16 34 19 23 5 50 1 10 51 17 41 40 25 32 55 26 0 30
26 49 24 54 31 21 11 0 6 34 51 43 23 44 16 30 50 36 29 28 32 13 58 12 37 46 9 22 18 2 4 59 48 8 53 20 19 35 7 41 14 52 27 57 1 42 25 47 45 55 10 38 5 33 40 17 39 15 56 3
7160127942942191973 4096
43 8 26 39 14 45 35 6 28 24 20 33 58 40 22 51 9 32 23 47 55 52 17 7 30 46 54 36 57 13 59 19 48 11 29 53 41 38 18 2 16 1 42 37 56 25 50 4 34 10 49 12 5 27 3 44 15 31 21 0
24 57 44 53 34 28 4 41 25 55 51 42 1 52 13 47 20 14 23 56 33 9 7 11 37 31 36 0 5 29 50 43 15 2 35 45 27 6 49 3 58 12 38 17 8 21 30 59 10 40 26 48 46 18 16 22 19 32 39 54
43 8 27 31 29 26 41 21 15 7 38 28 23 49 25 22 9 32 50 47 55 57 6 17 10 46 18 36 42 13 20 59 53 11 44 48 35 58 54 2 16 1 14 37 56 52 51 4 34 45 40 12 5 19 3 33 30 39 24 0
24 57 44 22 34 28 4 55 11 15 36 13 1 38 40 59 20 9 23 12 33 19 16 56 37 53 47 0 5 39 8 51 46 2 48 21 27 26 30 41 58 17 35 52 7 42 43 45 10 3 31 49 54 18 29 6 14 32 50 25
17655424375368475077 4096
35 34 55 45 3 5 43 30 57 33 14 27 18 48 52 10 31 21 47 38 53 41 42 59 2 56 58 51 11 49 16 24 13 39 12 6 17 32 7 36 1 0 28 29 54 19 26 25 22 9 44 15 4 8 40 37 50 20 23 46
23 7 58 1 44 57 20 37 43 4 6 38 12 41 13 32 11 47 24 15 3 27 51 18 46 34 5 39 54 50 2 45 30 59 0 53 16 10 40 35 8 29 42 19 55 21 17 22 56 9 26 28 25 48 52 31 49 14 36 33
56 23 20 1 47 57 34 11 33 37 45 35 27 10 16 31 42 54 48 39 49 46 18 40 5 0 15 51 6 36 12 43 59 14 50 7 32 26 52 2 19 41 9 22 28 8 38 24 13 17 30 53 21 29 25 44 55 4 3 58
0 11 26 36 58 39 32 55 47 4 14 53 5 34 45 41 28 51 56 48 7 8 15 33 38 17 43 35 19 16 46 2 3 29 50 9 30 42 52 21 57 31 25 27 12 18 49 40 59 20 44 24 6 54 37 13 22 23 1 10
9850109895464744420 4096
55 32 20 46 54 9 1 6 23 22 45 42 11 44 38 34 26 47 51 40 18 52 24 7 12 0 58 43 30 14 3 41 15 10 53 8 29 50 39 28 33 17 56 57 2 31 19 21 13 59 49 4 25 35 36 27 16 48 5 37
58 4 27 1 36 29 51 56 34 20 31 33 23 6 40 45 48 0 30 47 16 44 38 39 17 28 26 52 8 32 3 11 41 59 13 49 55 53 2 42 9 54 35 46 50 10 7 14 22 19 43 24 15 18 57 21 12 5 25 37
15 27 45 23 38 8 33 49 43 57 16 24 11 25 28 31 50 21 55 30 26 59 12 3 2 47 34 14 35 18 7 40 37 5 48 46 22 36 53 39 41 4 42 19 6 54 1 52 44 51 32 17 20 56 13 58 9 29 10 0
36 54 57 8 11 24 21 12 33 38 2 35 27 4 40 45 58 15 32 22 13 19 7 1 48 5 23 47 18 49 30 14 43 56 52 39 59 31 9 20 0 26 25 34 29 53 41 10 37 42 3 50 46 51 16 55 28 6 44 17
16285568934713642611 4096
1 26 5 32 44 53 24 40 13 21 30 3 56 36 20 33 19 47 51 17 27 55 9 50 54 48 31 46 12 35 45 42 2 0 18 38 7 25 59 52 37 15 57 16 23 34 8 49 11 22 39 41 10 43 14 28 58 29 6 4
49 31 26 15 22 38 46 3 6 53 7 58 20 57 24 50 29 30 1 40 28 56 54 45 13 55 47 14 9 44 21 19 51 12 23 16 41 52 17 0 4 2 39 43 36 35 25 42 18 32 10 34 27 33 59 8 5 37 48 11
36 32 51 11 44 21 37 26 56 17 38 55 54 52 49 15 1 29 13 27 4 3 16 50 53 19 9 0 8 58 2 25 40 48 6 42 59 45 22 12 14 57 20 41 35 43 30 33 5 46 10 34 24 18 31 28 7 47 39 23
54 37 16 44 39 20 29 15 6 7 47 33 23 59 10 2 11 52 43 21 38 48 13 58 49 8 25 41 22 19 4 46 12 0 51 57 27 31 53 35 1 14 32 5 34 45 42 55 56 9 18 17 28 26 36 24 3 50 40 30
17519669428158318127 4096
21 38 51 30 56 27 48 37 47 58 12 50 59 46 13 29 45 53 44 49 31 36 2 17 32 6 3 52 19 57 11 41 23 40 26 43 33 34 18 22 54 42 35 25 5 20 15 16 9 10 4 8 39 55 24 7 0 14 1 28
36 19 57 8 38 23 55 39 13 4 16 40 48 6 10 7 37 21 12 42 49 17 3 29 43 9 31 46 52 18 28 0 5 25 15 54 47 41 34 58 56 35 45 20 44 50 2 22 14 32 26 27 51 30 59 53 11 33 24 1
6 47 39 43 28 5 8 53 26 48 44 18 12 30 33 59 3 16 29 36 14 4 15 54 49 41 25 27 37 52 50 46 2 42 56 23 24 9 31 57 45 7 13 20 19 58 35 40 51 21 55 0 11 34 10 32 38 17 1 22
34 1 40 25 44 29 59 9 20 5 18 51 27 10 43 46 35 24 6 17 7 23 39 26 2 12 55 54 38 15 57 45 4 36 49 28 30 47 41 53 52 14 56 31 50 11 22 48 32 19 13 0 21 8 33 37 3 16 58 42
5758121479107299034 4096
46 11 53 5 45 44 37 24 20 54 13 8 58 31 55 35 39 9 49 48 19 7 50 38 23 30 43 12 14 57 56 47 21 59 4 29 25 6 22 42 3 28 0 27 17 51 52 18 34 40 36 41 33 15 2 32 16 1 26 10
50 59 21 47 25 28 49 7 51 53 27 32 37 33 9 3 35 48 17 40 6 46 44 12 13 36 31 22 5 39 57 15 14 16 54 55 30 18 42 34 20 0 58 23 56 19 24 1 10 43 26 8 4 41 38 52 29 2 11 45
44 31 9 49 45 12 47 58 8 33 32 59 54 57 50 56 23 37 25 35 55 21 19 7 36 5 38 10 42 2 40 39 24 11 18 48 13 6 22 41 26 53 0 27 17 28 52 51 34 20 4 1 14 15 29 46 16 43 3 30
27 5 1 47 50 21 37 7 51 44 58 2 18 29 32 15 3 28 20 49 48 39 10 12 52 46 4 35 42 45 57 16 14 25 54 40 30 33 55 23 11 22 31 8 56 19 24 17 13 43 26 6 9 0 38 53 41 34 59 36
9329050429025658096 4096
41 33 3 34 6 32 16 25 12 31 43 14 37 17 42 46 18 59 1 0 39 28 55 47 10 30 53 50 54 36 21 44 4 2 56 13 38 23 22 51 52 29 40 8 20 11 49 24 45 15 57 48 19 26 9 7 35 27 5 58
43 40 57 25 2 4 13 27 17 36 12 55 45 49 0 50 1 51 33 58 54 26 10 6 28 42 39 16 23 30 47 14 53 59 41 20 11 3 32 22 37 52 9 24 38 46 15 18 48 56 44 7 8 31 19 29 5 35 34 21
49 46 48 6 23 59 2 53 1 38 9 44 24 21 30 10 18 58 36 37 19 47 41 5 4 29 25 13 15 17 56 40 55 42 14 50 0 28 31 51 52 3 26 35 11 22 7 32 34 33 12 57 54 27 16 43 45 39 8 20
13 35 41 53 58 52 44 42 5 56 50 48 23 32 27 47 20 45 43 34 7 59 11 36 37 55 2 21 57 28 9 25 18 8 46 38 12 30 1 39 0 17 54 3 22 16 51 14 49 10 40 29 33 24 19 15 31 6 26 4
9005327089445203794 4096
27 15 23 3 45 47 26 21 49 28 42 59 46 8 53 38 14 30 6 34 39 58 0 54 44 2 5 52 24 4 33 20 51 56 50 13 57 17 41 18 31 11 10 37 48 19 32 36 55 25 29 40 12 35 16 7 1 22 43 9
42 32 20 59 50 52 18 23 3 33 38 30 35 16 17 29 26 56 41 37 39 57 54 12 10 15 25 14 48 49 27 4 40 5 11 51 45 2 43 36 24 13 28 53 31 34 6 22 7 19 1 44 58 46 55 8 0 47 21 9
49 42 26 12 35 41 34 29 52 5 45 36 7 11 39 50 46 57 2 23 31 6 27 20 14 4 40 13 44 47 18 17 48 1 55 59 54 33 56 8 19 38 58 21 9 53 24 22 37 10 25 51 3 43 16 32 15 0 30 28
41 51 31 34 17 0 1 40 39 30 29 52 56 24 42 21 9 33 28 16 25 12 5 57 58 48 22 13 4 38 26 3 47 19 54 18 27 36 14 8 32 43 53 10 11 55 46 2 50 15 7 49 45 20 59 35 6 23 44 37
1418752943939671583 4096
10 47 39 31 28 56 25 48 4 20 50 1 14 29 55 58 54 2 22 12 19 53 7 13 41 24 32 33 26 15 46 9 17 42 36 30 35 27 5 3 37 49 45 51 11 0 18 6 44 8 59 57 23 34 43 40 21 38 16 52
6 43 40 29 50 59 57 45 23 1 14 8 58 26 15 44 36 22 25 32 55 51 27 39 56 18 54 16 20 24 4 9 11 47 31 12 30 33 46 19 3 52 17 7 41 37 2 28 21 35 42 38 10 0 48 13 34 49 5 53
54 49 6 19 28 51 46 34 47 53 40 5 22 58 16 41 59 15 20 30 32 4 14 13 52 45 2 56 17 43 57 1 48 8 44 12 29 33 11 55 26 7 24 25 37 42 35 36 39 0 3 10 50 21 18 23 31 9 38 27
48 55 58 23 45 43 21 24 1 47 28 42 41 6 33 22 0 20 52 57 26 40 3 38 59 15 10 5 35 56 18 2 37 51 17 49 4 19 54 32 50 30 14 39 13 11 29 25 34 7 31 44 16 46 8 9 36 27 53 12
18314465186224419282 4096
44 39 30 51 54 38 47 22 0 10 29 5 11 37 35 27 58 32 14 24 19 41 18 33 3 25 7 43 42 17 53 55 26 12 4 50 16 28 45 21 48 59 49 31 6 36 52 57 23 2 9 40 34 20 13 8 46 1 15 56
45 40 59 54 19 44 8 20 11 30 52 46 2 23 13 27 29 7 31 18 38 36 33 50 15 14 57 0 24 21 12 48 47 26 9 17 10 58 3 4 16 51 53 41 42 55 35 5 22 32 25 34 1 43 39 56 6 37 49 28
3 13 35 7 40 23 57 29 30 51 9 41 50 52 42 28 11 19 59 44 15 56 58 43 2 14 49 27 22 31 36 5 34 46 6 32 25 38 4 45 37 10 18 0 47 55 1 16 24 20 17 39 48 33 21 12 53 54 26 8
27 53 4 0 16 34 18 3 22 59 58 20 51 31 56 25 41 24 2 49 50 40 57 38 11 5 29 43 19 47 39 45 8 17 48 36 14 6 44 37 46 28 1 26 42 52 12 10 13 55 54 15 9 21 35 30 33 23 7 32
