FACTOR_PERMUTATION_V1 12 16 1024 1 8
10 0 1 1 1 1 1 1 1 1 1 1 1 0 2 2 2 2 1 2 2 2 2 2 1 0 2 2 2 2 1 2 2 2 2 2
0 10 1 1 1 1 1 1 1 1 1 1 0 1 2 2 2 2 2 1 2 2 2 2 0 1 2 2 2 2 2 1 2 2 2 2
1 1 10 0 1 1 1 1 1 1 1 1 2 2 1 0 2 2 2 2 1 2 2 2 2 2 1 0 2 2 2 2 1 2 2 2
1 1 0 10 1 1 1 1 1 1 1 1 2 2 0 1 2 2 2 2 2 1 2 2 2 2 0 1 2 2 2 2 2 1 2 2
1 1 1 1 10 0 1 1 1 1 1 1 2 2 2 2 1 0 2 2 2 2 1 2 2 2 2 2 1 0 2 2 2 2 1 2
1 1 1 1 0 10 1 1 1 1 1 1 2 2 2 2 0 1 2 2 2 2 2 1 2 2 2 2 0 1 2 2 2 2 2 1
1 1 1 1 1 1 10 0 1 1 1 1 1 2 2 2 2 2 1 0 2 2 2 2 1 2 2 2 2 2 1 0 2 2 2 2
1 1 1 1 1 1 0 10 1 1 1 1 2 1 2 2 2 2 0 1 2 2 2 2 2 1 2 2 2 2 0 1 2 2 2 2
1 1 1 1 1 1 1 1 10 0 1 1 2 2 1 2 2 2 2 2 1 0 2 2 2 2 1 2 2 2 2 2 1 0 2 2
1 1 1 1 1 1 1 1 0 10 1 1 2 2 2 1 2 2 2 2 0 1 2 2 2 2 2 1 2 2 2 2 0 1 2 2
1 1 1 1 1 1 1 1 1 1 10 0 2 2 2 2 1 2 2 2 2 2 1 0 2 2 2 2 1 2 2 2 2 2 1 0
1 1 1 1 1 1 1 1 1 1 0 10 2 2 2 2 2 1 2 2 2 2 0 1 2 2 2 2 2 1 2 2 2 2 0 1
1 0 2 2 2 2 1 2 2 2 2 2 10 0 1 1 1 1 1 1 1 1 1 1 1 2 2 2 2 2 1 0 2 2 2 2
0 1 2 2 2 2 2 1 2 2 2 2 0 10 1 1 1 1 1 1 1 1 1 1 2 1 2 2 2 2 0 1 2 2 2 2
2 2 1 0 2 2 2 2 1 2 2 2 1 1 10 0 1 1 1 1 1 1 1 1 2 2 1 2 2 2 2 2 1 0 2 2
2 2 0 1 2 2 2 2 2 1 2 2 1 1 0 10 1 1 1 1 1 1 1 1 2 2 2 1 2 2 2 2 0 1 2 2
2 2 2 2 1 0 2 2 2 2 1 2 1 1 1 1 10 0 1 1 1 1 1 1 2 2 2 2 1 2 2 2 2 2 1 0
2 2 2 2 0 1 2 2 2 2 2 1 1 1 1 1 0 10 1 1 1 1 1 1 2 2 2 2 2 1 2 2 2 2 0 1
1 2 2 2 2 2 1 0 2 2 2 2 1 1 1 1 1 1 10 0 1 1 1 1 1 0 2 2 2 2 1 2 2 2 2 2
2 1 2 2 2 2 0 1 2 2 2 2 1 1 1 1 1 1 0 10 1 1 1 1 0 1 2 2 2 2 2 1 2 2 2 2
2 2 1 2 2 2 2 2 1 0 2 2 1 1 1 1 1 1 1 1 10 0 1 1 2 2 1 0 2 2 2 2 1 2 2 2
2 2 2 1 2 2 2 2 0 1 2 2 1 1 1 1 1 1 1 1 0 10 1 1 2 2 0 1 2 2 2 2 2 1 2 2
2 2 2 2 1 2 2 2 2 2 1 0 1 1 1 1 1 1 1 1 1 1 10 0 2 2 2 2 1 0 2 2 2 2 1 2
2 2 2 2 2 1 2 2 2 2 0 1 1 1 1 1 1 1 1 1 1 1 0 10 2 2 2 2 0 1 2 2 2 2 2 1
1 0 2 2 2 2 1 2 2 2 2 2 1 2 2 2 2 2 1 0 2 2 2 2 10 0 1 1 1 1 1 1 1 1 1 1
0 1 2 2 2 2 2 1 2 2 2 2 2 1 2 2 2 2 0 1 2 2 2 2 0 10 1 1 1 1 1 1 1 1 1 1
2 2 1 0 2 2 2 2 1 2 2 2 2 2 1 2 2 2 2 2 1 0 2 2 1 1 10 0 1 1 1 1 1 1 1 1
2 2 0 1 2 2 2 2 2 1 2 2 2 2 2 1 2 2 2 2 0 1 2 2 1 1 0 10 1 1 1 1 1 1 1 1
2 2 2 2 1 0 2 2 2 2 1 2 2 2 2 2 1 2 2 2 2 2 1 0 1 1 1 1 10 0 1 1 1 1 1 1
2 2 2 2 0 1 2 2 2 2 2 1 2 2 2 2 2 1 2 2 2 2 0 1 1 1 1 1 0 10 1 1 1 1 1 1
1 2 2 2 2 2 1 0 2 2 2 2 1 0 2 2 2 2 1 2 2 2 2 2 1 1 1 1 1 1 10 0 1 1 1 1
2 1 2 2 2 2 0 1 2 2 2 2 0 1 2 2 2 2 2 1 2 2 2 2 1 1 1 1 1 1 0 10 1 1 1 1
2 2 1 2 2 2 2 2 1 0 2 2 2 2 1 0 2 2 2 2 1 2 2 2 1 1 1 1 1 1 1 1 10 0 1 1
2 2 2 1 2 2 2 2 0 1 2 2 2 2 0 1 2 2 2 2 2 1 2 2 1 1 1 1 1 1 1 1 0 10 1 1
2 2 2 2 1 2 2 2 2 2 1 0 2 2 2 2 1 0 2 2 2 2 1 2 1 1 1 1 1 1 1 1 1 1 10 0
2 2 2 2 2 1 2 2 2 2 0 1 2 2 2 2 0 1 2 2 2 2 2 1 1 1 1 1 1 1 1 1 1 1 0 10
0 2
0 3
0 4
0 5
0 6
0 7
0 8
0 9
0 10
0 11
1 2
1 3
1 4
1 5
1 6
1 7
1 8
1 9
1 10
1 11
2 4
2 5
2 6
2 7
2 8
2 9
2 10
2 11
3 4
3 5
3 6
3 7
3 8
3 9
3 10
3 11
4 6
4 7
4 8
4 9
4 10
4 11
5 6
5 7
5 8
5 9
5 10
5 11
6 8
6 9
6 10
6 11
7 8
7 9
7 10
7 11
8 10
8 11
9 10
9 11
0 2
0 3
0 4
0 5
0 6
0 7
0 8
0 9
0 10
0 11
1 2
1 3
1 4
1 5
1 6
1 7
1 8
1 9
1 10
1 11
2 4
2 5
2 6
2 7
2 8
2 9
2 10
2 11
3 4
3 5
3 6
3 7
3 8
3 9
3 10
3 11
4 6
4 7
4 8
4 9
4 10
4 11
5 6
5 7
5 8
5 9
5 10
5 11
6 8
6 9
6 10
6 11
7 8
7 9
7 10
7 11
8 10
8 11
9 10
9 11
0 2
0 3
0 4
0 5
0 6
0 7
0 8
0 9
0 10
0 11
1 2
1 3
1 4
1 5
1 6
1 7
1 8
1 9
1 10
1 11
2 4
2 5
2 6
2 7
2 8
2 9
2 10
2 11
3 4
3 5
3 6
3 7
3 8
3 9
3 10
3 11
4 6
4 7
4 8
4 9
4 10
4 11
5 6
5 7
5 8
5 9
5 10
5 11
6 8
6 9
6 10
6 11
7 8
7 9
7 10
7 11
8 10
8 11
9 10
9 11
17810703623536507269 7168
30 51 42 54 48 24 26 55 13 38 12 49 34 43 53 5 32 22 41 31 50 0 10 45 57 9 39 23 17 14 46 4 28 56 52 59 11 18 1 16 37 29 35 44 3 36 6 8 25 19 21 7 27 20 2 47 58 15 33 40
55 17 47 24 30 48 20 16 2 0 10 27 56 51 38 39 46 26 31 44 45 15 32 23 54 9 40 41 6 33 43 34 13 7 42 3 11 5 28 53 25 19 4 58 52 37 12 35 1 21 57 22 50 18 49 8 14 59 36 29
17 27 50 34 35 20 4 7 11 37 21 13 45 40 57 1 30 39 52 36 0 14 53 18 46 41 51 58 12 5 26 47 31 2 8 44 49 55 22 24 28 48 19 56 15 32 43 25 10 3 42 29 6 59 33 38 54 9 23 16
46 41 23 5 59 29 38 56 43 51 48 28 39 26 47 10 4 35 45 6 19 18 2 17 9 52 12 15 30 53 58 1 8 14 50 20 3 44 31 0 22 55 34 16 27 36 49 42 57 11 24 13 40 54 25 33 32 7 37 21
10609710714674067252 7168
39 28 54 10 53 48 2 58 31 59 56 27 25 8 12 41 34 33 13 23 9 26 3 40 51 57 52 47 19 4 50 7 46 6 21 32 37 35 18 38 0 42 17 45 49 14 24 29 30 36 5 15 43 16 11 44 1 55 22 20
53 50 15 28 21 43 38 55 24 35 36 4 32 9 58 26 12 14 57 19 20 59 41 1 8 47 11 39 22 45 16 52 25 40 13 49 17 33 5 29 46 18 2 6 10 48 23 34 3 27 30 44 51 42 0 56 7 54 31 37
45 8 7 23 24 32 47 41 52 43 38 12 1 18 28 21 17 37 42 35 14 51 2 53 29 4 27 0 59 11 58 34 55 9 3 22 31 54 36 44 19 56 50 25 26 46 33 48 30 39 57 15 40 16 5 13 6 20 49 10
7 16 56 45 18 59 30 20 38 31 9 39 14 46 21 42 12 51 43 8 2 17 13 6 37 23 54 28 3 5 53 29 22 19 50 47 41 0 34 35 25 55 36 40 4 24 11 48 27 58 1 32 57 26 33 10 44 15 52 49
13217501879513061972 7168
24 29 43 46 32 58 0 39 25 22 17 48 42 45 16 35 54 4 59 20 5 30 12 41 31 40 14 44 55 10 47 6 9 13 36 37 19 28 27 50 18 7 34 23 15 26 53 51 21 52 56 49 38 57 1 11 3 2 33 8
26 11 47 49 58 56 46 55 3 28 2 18 23 45 57 1 52 54 35 44 34 40 5 19 43 10 21 39 24 12 38 15 17 32 48 31 14 53 7 9 25 36 42 27 51 4 8 6 41 29 30 13 20 22 16 37 59 33 50 0
23 7 2 29 51 54 31 40 45 37 41 6 32 36 20 11 10 25 39 21 5 12 18 3 58 9 57 35 34 46 28 13 30 42 17 52 24 38 16 19 53 22 1 26 33 49 44 14 47 43 50 48 4 27 0 59 15 8 56 55
46 34 22 53 44 27 40 17 30 7 38 19 55 29 20 45 59 36 54 50 12 56 4 32 37 52 6 33 5 24 13 28 42 15 10 39 1 14 58 26 57 16 49 11 9 2 3 25 18 0 48 35 41 23 8 43 31 21 47 51
2805971721105911719 7168
26 16 35 22 18 11 42 49 48 9 45 27 53 34 24 21 36 38 33 1 57 5 14 30 52 20 10 43 37 50 59 54 28 40 15 44 19 17 46 3 23 31 55 7 6 41 25 13 12 0 32 51 58 47 2 39 29 4 8 56
15 3 1 9 41 4 53 46 49 59 7 6 57 55 11 18 56 8 35 20 30 39 29 43 52 27 54 0 45 33 2 48 38 36 40 19 47 17 23 44 22 13 50 51 21 5 42 12 25 34 26 24 31 32 16 37 14 28 58 10
0 18 15 40 54 56 2 49 31 22 41 17 23 33 32 59 12 44 58 3 11 43 29 36 53 37 46 14 48 8 57 28 5 4 21 55 13 10 6 51 52 38 45 1 35 27 42 16 47 7 20 26 19 24 39 34 30 50 9 25
13 57 21 25 4 18 15 59 20 32 33 2 50 49 47 27 52 40 16 58 41 6 5 42 55 54 8 22 53 39 36 44 45 48 30 17 12 7 35 0 51 9 11 1 14 19 23 46 56 29 10 37 26 24 43 31 34 28 38 3
13533555501533876553 7168
40 52 2 58 55 1 22 45 0 54 15 41 35 56 9 33 32 47 26 7 5 3 49 8 57 59 28 4 23 50 39 25 42 19 12 36 34 13 10 6 48 17 16 18 51 37 31 53 20 38 30 11 21 43 29 24 27 44 46 14
55 19 27 15 49 39 34 4 16 12 21 56 18 42 26 57 53 45 22 28 41 46 59 23 5 10 0 31 1 32 44 40 8 24 3 52 48 38 54 37 13 7 17 35 47 33 50 36 30 2 11 51 20 43 58 25 6 9 14 29
39 52 17 46 59 13 28 5 10 24 37 18 6 16 25 30 48 47 11 55 27 58 15 3 34 53 57 49 23 8 54 40 42 41 33 44 14 51 38 50 31 7 36 19 26 12 4 43 56 0 21 2 9 29 20 32 1 35 45 22
37 54 35 59 32 38 36 0 46 3 21 57 47 8 9 56 49 58 39 30 4 1 24 13 55 11 15 51 33 48 14 12 6 2 42 52 31 23 16 43 10 17 18 25 22 45 44 28 40 20 41 29 27 26 50 7 34 5 53 19
1570596823394319470 7168
53 59 41 14 18 4 28 8 50 27 35 20 16 5 24 31 37 30 17 47 25 21 3 39 29 36 55 38 44 46 56 11 57 23 40 1 32 45 49 9 58 52 26 6 19 2 34 33 42 15 0 22 51 54 48 12 43 7 13 10
28 16 59 38 29 56 54 57 22 35 52 43 14 33 2 47 27 26 53 44 11 23 24 48 7 36 18 25 0 9 50 8 20 31 40 12 32 45 41 1 17 42 6 46 13 39 19 10 30 51 34 58 3 37 55 15 49 4 5 21
20 35 55 53 17 26 47 14 38 28 33 22 45 13 51 12 37 40 24 9 54 59 43 29 4 10 56 39 57 42 6 44 58 25 3 15 36 31 21 7 52 16 19 1 8 50 23 48 32 46 34 49 2 41 0 5 18 11 30 27
3 54 48 23 32 47 26 27 12 20 44 35 55 8 41 33 15 2 21 28 25 34 40 59 36 43 18 10 9 14 17 37 5 49 6 52 1 13 38 22 51 46 16 29 19 7 39 56 42 24 50 45 57 58 30 0 31 53 11 4
8235858650037376970 7168
6 11 5 3 23 28 36 39 44 25 47 58 29 54 12 16 30 13 1 34 19 33 8 15 41 53 2 49 0 38 48 26 37 20 56 4 7 21 40 50 57 9 22 24 18 27 46 55 45 31 35 10 51 14 59 17 32 43 42 52
44 27 41 10 35 8 37 43 49 40 14 28 42 53 23 16 22 46 34 36 59 19 2 3 0 39 20 47 54 57 13 12 5 4 55 6 48 52 11 33 15 1 38 21 24 51 7 58 31 18 17 25 26 32 56 9 29 30 45 50
43 8 27 31 29 26 41 21 15 7 38 28 23 49 25 22 9 32 50 47 55 57 6 17 10 46 18 36 42 13 20 59 53 11 44 48 35 58 54 2 16 1 14 37 56 52 51 4 34 45 40 12 5 19 3 33 30 39 24 0
24 57 44 22 34 28 4 55 11 15 36 13 1 38 40 59 20 9 23 12 33 19 16 56 37 53 47 0 5 39 8 51 46 2 48 21 27 26 30 41 58 17 35 52 7 42 43 45 10 3 31 49 54 18 29 6 14 32 50 25
18240074124787078402 7168
27 37 49 40 48 47 2 58 8 10 25 14 41 29 43 54 16 17 35 38 9 7 44 4 0 18 24 53 3 19 46 57 56 23 59 30 20 32 33 6 15 45 26 5 1 51 13 11 12 22 28 50 42 34 31 55 52 36 39 21
1 17 9 34 39 56 24 38 12 15 25 32 6 52 43 20 18 26 41 55 31 10 16 37 42 58 5 13 19 49 22 8 28 35 23 44 57 47 30 3 53 36 7 33 40 27 21 29 11 46 54 0 4 50 59 14 48 45 2 51
56 23 20 1 47 57 34 11 33 37 45 35 27 10 16 31 42 54 48 39 49 46 18 40 5 0 15 51 6 36 12 43 59 14 50 7 32 26 52 2 19 41 9 22 28 8 38 24 13 17 30 53 21 29 25 44 55 4 3 58
0 11 26 36 58 39 32 55 47 4 14 53 5 34 45 41 28 51 56 48 7 8 15 33 38 17 43 35 19 16 46 2 3 29 50 9 30 42 52 21 57 31 25 27 12 18 49 40 59 20 44 24 6 54 37 13 22 23 1 10
15116612152931464756 7168
15 6 38 53 24 8 56 59 45 44 23 29 26 4 41 58 36 31 48 32 39 49 3 54 35 10 16 20 37 47 33 2 11 51 19 7 34 22 5 50 42 12 14 27 9 46 43 1 17 0 40 30 28 13 18 52 57 55 25 21
31 2 57 34 13 45 52 49 47 14 44 33 16 26 42 43 30 40 39 7 36 24 50 28 41 56 51 25 54 35 15 19 21 27 53 3 46 6 12 59 37 1 58 5 10 29 4 23 9 17 18 8 48 11 20 38 32 55 0 22
15 27 45 23 38 8 33 49 43 57 16 24 11 25 28 31 50 21 55 30 26 59 12 3 2 47 34 14 35 18 7 40 37 5 48 46 22 36 53 39 41 4 42 19 6 54 1 52 44 51 32 17 20 56 13 58 9 29 10 0
36 54 57 8 11 24 21 12 33 38 2 35 27 4 40 45 58 15 32 22 13 19 7 1 48 5 23 47 18 49 30 14 43 56 52 39 59 31 9 20 0 26 25 34 29 53 41 10 37 42 3 50 46 51 16 55 28 6 44 17
1235604914231623650 7168
52 46 58 1 12 55 56 20 42 32 9 31 16 38 17 49 34 0 28 10 39 45 57 3 33 36 13 30 37 51 53 18 15 43 6 44 48 7 40 35 19 22 47 14 59 29 24 26 21 2 54 4 11 41 25 23 5 8 50 27
38 4 11 8 26 44 34 35 15 24 30 28 13 12 39 41 3 46 5 25 2 47 20 14 55 18 6 36 19 9 40 54 48 33 21 50 23 32 29 7 43 58 1 0 56 37 42 31 51 49 57 45 17 59 16 10 27 52 53 22
36 32 51 11 44 21 37 26 56 17 38 55 54 52 49 15 1 29 13 27 4 3 16 50 53 19 9 0 8 58 2 25 40 48 6 42 59 45 22 12 14 57 20 41 35 43 30 33 5 46 10 34 24 18 31 28 7 47 39 23
54 37 16 44 39 20 29 15 6 7 47 33 23 59 10 2 11 52 43 21 38 48 13 58 49 8 25 41 22 19 4 46 12 0 51 57 27 31 53 35 1 14 32 5 34 45 42 55 56 9 18 17 28 26 36 24 3 50 40 30
8821324479381483061 7168
6 56 47 18 35 15 42 5 29 28 9 46 2 59 23 38 10 40 30 52 25 43 36 41 44 1 17 11 39 49 37 24 51 55 54 4 12 33 34 27 16 14 58 13 31 26 22 0 48 3 45 20 21 57 8 32 7 19 50 53
50 57 15 23 45 41 30 29 10 2 19 27 24 4 35 25 48 42 43 49 14 6 55 11 13 46 56 22 33 9 17 12 39 8 36 16 7 44 34 20 0 59 18 21 40 31 26 37 54 58 32 47 3 51 38 5 1 28 53 52
6 47 39 43 28 5 8 53 26 48 44 18 12 30 33 59 3 16 29 36 14 4 15 54 49 41 25 27 37 52 50 46 2 42 56 23 24 9 31 57 45 7 13 20 19 58 35 40 51 21 55 0 11 34 10 32 38 17 1 22
34 1 40 25 44 29 59 9 20 5 18 51 27 10 43 46 35 24 6 17 7 23 39 26 2 12 55 54 38 15 57 45 4 36 49 28 30 47 41 53 52 14 56 31 50 11 22 48 32 19 13 0 21 8 33 37 3 16 58 42
9013111901341554656 7168
12 33 8 11 25 9 52 32 10 48 38 42 29 58 36 23 13 43 2 55 0 6 46 7 41 14 16 47 53 40 17 24 5 45 19 27 59 50 44 57 34 31 56 20 15 51 49 54 4 37 18 1 22 26 3 28 39 21 35 30
8 38 48 21 12 11 2 51 29 58 6 44 36 43 23 56 17 57 59 37 47 22 42 53 10 7 35 19 39 9 16 3 26 50 54 31 32 1 40 13 52 14 15 49 27 46 33 24 20 25 34 18 41 55 30 45 5 4 0 28
13 40 50 30 7 38 55 34 57 4 43 42 41 24 15 49 28 25 8 33 52 39 45 29 10 36 18 20 6 9 16 53 27 5 35 17 51 59 14 54 11 2 1 12 58 47 26 23 48 21 37 32 0 44 56 19 22 46 31 3
54 21 19 23 45 3 58 50 4 42 41 48 34 43 7 56 49 2 39 38 30 18 25 5 51 53 59 26 12 57 46 20 15 9 0 1 16 22 47 24 33 55 10 32 8 52 31 17 40 36 44 35 11 27 6 37 29 14 13 28
6210385455621214308 7168
23 38 45 40 57 3 44 42 4 34 27 58 29 5 59 46 30 19 1 14 6 9 26 13 12 7 56 36 43 55 50 35 2 10 21 51 20 25 53 0 31 11 18 8 49 54 17 16 32 22 37 28 39 41 24 52 15 48 33 47
30 9 53 43 8 2 15 13 16 6 47 42 4 23 56 33 27 52 37 45 36 49 39 7 0 50 25 21 41 10 48 5 58 57 54 35 17 19 3 46 29 24 26 28 31 1 59 18 51 12 32 20 40 34 44 55 14 38 11 22
49 46 48 6 23 59 2 53 1 38 9 44 24 21 30 10 18 58 36 37 19 47 41 5 4 29 25 13 15 17 56 40 55 42 14 50 0 28 31 51 52 3 26 35 11 22 7 32 34 33 12 57 54 27 16 43 45 39 8 20
13 35 41 53 58 52 44 42 5 56 50 48 23 32 27 47 20 45 43 34 7 59 11 36 37 55 2 21 57 28 9 25 18 8 46 38 12 30 1 39 0 17 54 3 22 16 51 14 49 10 40 29 33 24 19 15 31 6 26 4
2710537546858329176 7168
14 57 54 7 12 32 3 45 23 37 59 41 30 24 10 44 51 8 46 31 38 15 11 36 52 49 27 13 33 29 47 53 42 21 18 2 58 35 55 50 5 34 40 25 56 16 1 22 17 6 48 0 28 39 9 26 4 43 20 19
7 6 20 28 59 29 45 19 32 53 22 1 5 51 38 39 47 18 11 46 26 31 56 3 13 52 10 2 12 54 21 57 36 42 58 33 16 4 30 40 48 9 0 8 14 17 50 41 35 43 44 15 55 49 25 37 27 23 34 24
49 42 26 12 35 41 34 29 52 5 45 36 7 11 39 50 46 57 2 23 31 6 27 20 14 4 40 13 44 47 18 17 48 1 55 59 54 33 56 8 19 38 58 21 9 53 24 22 37 10 25 51 3 43 16 32 15 0 30 28
41 51 31 34 17 0 1 40 39 30 29 52 56 24 42 21 9 33 28 16 25 12 5 57 58 48 22 13 4 38 26 3 47 19 54 18 27 36 14 8 32 43 53 10 11 55 46 2 50 15 7 49 45 20 59 35 6 23 44 37
14124136492866205149 7168
22 17 33 49 32 3 29 41 23 27 45 30 34 6 37 55 31 19 39 44 56 43 25 14 9 48 18 38 16 20 57 51 4 8 1 59 24 2 42 36 0 7 35 46 50 10 58 26 54 53 40 13 28 21 5 15 52 47 11 12
54 46 14 0 20 11 57 49 21 37 32 2 36 38 35 43 19 10 23 34 5 53 8 28 25 13 7 30 44 51 55 24 4 40 1 17 12 9 41 29 58 59 56 31 47 18 33 15 3 52 6 27 16 50 22 26 48 42 45 39
45 53 14 47 2 26 35 28 0 52 37 27 33 38 29 39 56 7 19 48 43 18 9 58 11 17 16 22 10 40 54 30 41 46 32 15 24 44 55 12 5 59 34 4 20 51 31 13 21 50 42 36 3 23 57 1 49 8 6 25
27 36 19 40 28 15 1 23 45 22 41 14 26 42 39 58 0 55 32 59 11 9 51 33 12 46 53 24 3 17 5 47 49 57 34 25 13 6 44 54 16 2 48 20 50 31 21 52 35 56 7 29 10 30 18 4 43 37 38 8
14044171489000549692 7168
57 47 25 56 11 26 35 33 20 42 38 40 5 15 39 53 9 31 32 28 54 7 21 2 43 51 41 46 36 8 16 45 55 34 12 0 44 27 4 19 3 1 14 58 59 6 30 10 18 24 17 22 49 37 48 13 29 23 52 50
11 50 19 59 32 38 56 5 42 25 3 0 21 54 41 30 33 51 48 44 7 53 52 36 15 6 29 4 37 14 58 47 12 13 27 57 10 35 24 16 17 28 22 26 39 23 45 1 31 49 46 18 43 34 8 2 9 40 20 55
3 13 35 7 40 23 57 29 30 51 9 41 50 52 42 28 11 19 59 44 15 56 58 43 2 14 49 27 22 31 36 5 34 46 6 32 25 38 4 45 37 10 18 0 47 55 1 16 24 20 17 39 48 33 21 12 53 54 26 8
27 53 4 0 16 34 18 3 22 59 58 20 51 31 56 25 41 24 2 49 50 40 57 38 11 5 29 43 19 47 39 45 8 17 48 36 14 6 44 37 46 28 1 26 42 52 12 10 13 55 54 15 9 21 35 30 33 23 7 32
