FACTOR_PERMUTATION_V1 12 16 1024 1 8
10 0 1 1 1 1 1 1 1 1 1 1 1 0 2 2 2 2 1 2 2 2 2 2 1 0 2 2 2 2 1 2 2 2 2 2
0 10 1 1 1 1 1 1 1 1 1 1 0 1 2 2 2 2 2 1 2 2 2 2 0 1 2 2 2 2 2 1 2 2 2 2
1 1 10 0 1 1 1 1 1 1 1 1 2 2 1 0 2 2 2 2 1 2 2 2 2 2 1 0 2 2 2 2 1 2 2 2
1 1 0 10 1 1 1 1 1 1 1 1 2 2 0 1 2 2 2 2 2 1 2 2 2 2 0 1 2 2 2 2 2 1 2 2
1 1 1 1 10 0 1 1 1 1 1 1 2 2 2 2 1 0 2 2 2 2 1 2 2 2 2 2 1 0 2 2 2 2 1 2
1 1 1 1 0 10 1 1 1 1 1 1 2 2 2 2 0 1 2 2 2 2 2 1 2 2 2 2 0 1 2 2 2 2 2 1
1 1 1 1 1 1 10 0 1 1 1 1 1 2 2 2 2 2 1 0 2 2 2 2 1 2 2 2 2 2 1 0 2 2 2 2
1 1 1 1 1 1 0 10 1 1 1 1 2 1 2 2 2 2 0 1 2 2 2 2 2 1 2 2 2 2 0 1 2 2 2 2
1 1 1 1 1 1 1 1 10 0 1 1 2 2 1 2 2 2 2 2 1 0 2 2 2 2 1 2 2 2 2 2 1 0 2 2
1 1 1 1 1 1 1 1 0 10 1 1 2 2 2 1 2 2 2 2 0 1 2 2 2 2 2 1 2 2 2 2 0 1 2 2
1 1 1 1 1 1 1 1 1 1 10 0 2 2 2 2 1 2 2 2 2 2 1 0 2 2 2 2 1 2 2 2 2 2 1 0
1 1 1 1 1 1 1 1 1 1 0 10 2 2 2 2 2 1 2 2 2 2 0 1 2 2 2 2 2 1 2 2 2 2 0 1
1 0 2 2 2 2 1 2 2 2 2 2 10 0 1 1 1 1 1 1 1 1 1 1 1 2 2 2 2 2 1 0 2 2 2 2
0 1 2 2 2 2 2 1 2 2 2 2 0 10 1 1 1 1 1 1 1 1 1 1 2 1 2 2 2 2 0 1 2 2 2 2
2 2 1 0 2 2 2 2 1 2 2 2 1 1 10 0 1 1 1 1 1 1 1 1 2 2 1 2 2 2 2 2 1 0 2 2
2 2 0 1 2 2 2 2 2 1 2 2 1 1 0 10 1 1 1 1 1 1 1 1 2 2 2 1 2 2 2 2 0 1 2 2
2 2 2 2 1 0 2 2 2 2 1 2 1 1 1 1 10 0 1 1 1 1 1 1 2 2 2 2 1 2 2 2 2 2 1 0
2 2 2 2 0 1 2 2 2 2 2 1 1 1 1 1 0 10 1 1 1 1 1 1 2 2 2 2 2 1 2 2 2 2 0 1
1 2 2 2 2 2 1 0 2 2 2 2 1 1 1 1 1 1 10 0 1 1 1 1 1 0 2 2 2 2 1 2 2 2 2 2
2 1 2 2 2 2 0 1 2 2 2 2 1 1 1 1 1 1 0 10 1 1 1 1 0 1 2 2 2 2 2 1 2 2 2 2
2 2 1 2 2 2 2 2 1 0 2 2 1 1 1 1 1 1 1 1 10 0 1 1 2 2 1 0 2 2 2 2 1 2 2 2
2 2 2 1 2 2 2 2 0 1 2 2 1 1 1 1 1 1 1 1 0 10 1 1 2 2 0 1 2 2 2 2 2 1 2 2
2 2 2 2 1 2 2 2 2 2 1 0 1 1 1 1 1 1 1 1 1 1 10 0 2 2 2 2 1 0 2 2 2 2 1 2
2 2 2 2 2 1 2 2 2 2 0 1 1 1 1 1 1 1 1 1 1 1 0 10 2 2 2 2 0 1 2 2 2 2 2 1
1 0 2 2 2 2 1 2 2 2 2 2 1 2 2 2 2 2 1 0 2 2 2 2 10 0 1 1 1 1 1 1 1 1 1 1
0 1 2 2 2 2 2 1 2 2 2 2 2 1 2 2 2 2 0 1 2 2 2 2 0 10 1 1 1 1 1 1 1 1 1 1
2 2 1 0 2 2 2 2 1 2 2 2 2 2 1 2 2 2 2 2 1 0 2 2 1 1 10 0 1 1 1 1 1 1 1 1
2 2 0 1 2 2 2 2 2 1 2 2 2 2 2 1 2 2 2 2 0 1 2 2 1 1 0 10 1 1 1 1 1 1 1 1
2 2 2 2 1 0 2 2 2 2 1 2 2 2 2 2 1 2 2 2 2 2 1 0 1 1 1 1 10 0 1 1 1 1 1 1
2 2 2 2 0 1 2 2 2 2 2 1 2 2 2 2 2 1 2 2 2 2 0 1 1 1 1 1 0 10 1 1 1 1 1 1
1 2 2 2 2 2 1 0 2 2 2 2 1 0 2 2 2 2 1 2 2 2 2 2 1 1 1 1 1 1 10 0 1 1 1 1
2 1 2 2 2 2 0 1 2 2 2 2 0 1 2 2 2 2 2 1 2 2 2 2 1 1 1 1 1 1 0 10 1 1 1 1
2 2 1 2 2 2 2 2 1 0 2 2 2 2 1 0 2 2 2 2 1 2 2 2 1 1 1 1 1 1 1 1 10 0 1 1
2 2 2 1 2 2 2 2 0 1 2 2 2 2 0 1 2 2 2 2 2 1 2 2 1 1 1 1 1 1 1 1 0 10 1 1
2 2 2 2 1 2 2 2 2 2 1 0 2 2 2 2 1 0 2 2 2 2 1 2 1 1 1 1 1 1 1 1 1 1 10 0
2 2 2 2 2 1 2 2 2 2 0 1 2 2 2 2 0 1 2 2 2 2 2 1 1 1 1 1 1 1 1 1 1 1 0 10
0 2
0 3
0 4
0 5
0 6
0 7
0 8
0 9
0 10
0 11
1 2
1 3
1 4
1 5
1 6
1 7
1 8
1 9
1 10
1 11
2 4
2 5
2 6
2 7
2 8
2 9
2 10
2 11
3 4
3 5
3 6
3 7
3 8
3 9
3 10
3 11
4 6
4 7
4 8
4 9
4 10
4 11
5 6
5 7
5 8
5 9
5 10
5 11
6 8
6 9
6 10
6 11
7 8
7 9
7 10
7 11
8 10
8 11
9 10
9 11
0 2
0 3
0 4
0 5
0 6
0 7
0 8
0 9
0 10
0 11
1 2
1 3
1 4
1 5
1 6
1 7
1 8
1 9
1 10
1 11
2 4
2 5
2 6
2 7
2 8
2 9
2 10
2 11
3 4
3 5
3 6
3 7
3 8
3 9
3 10
3 11
4 6
4 7
4 8
4 9
4 10
4 11
5 6
5 7
5 8
5 9
5 10
5 11
6 8
6 9
6 10
6 11
7 8
7 9
7 10
7 11
8 10
8 11
9 10
9 11
0 2
0 3
0 4
0 5
0 6
0 7
0 8
0 9
0 10
0 11
1 2
1 3
1 4
1 5
1 6
1 7
1 8
1 9
1 10
1 11
2 4
2 5
2 6
2 7
2 8
2 9
2 10
2 11
3 4
3 5
3 6
3 7
3 8
3 9
3 10
3 11
4 6
4 7
4 8
4 9
4 10
4 11
5 6
5 7
5 8
5 9
5 10
5 11
6 8
6 9
6 10
6 11
7 8
7 9
7 10
7 11
8 10
8 11
9 10
9 11
11399400157714242150 5120
51 10 18 21 38 3 27 58 54 13 39 19 32 57 12 34 35 42 50 14 4 23 59 26 40 0 53 56 30 16 11 44 43 8 20 6 45 1 47 15 25 22 36 49 29 55 48 2 52 41 5 28 37 24 46 33 17 7 31 9
3 38 20 27 45 35 12 34 53 40 36 58 2 51 30 21 22 1 33 37 10 42 6 19 29 56 43 26 59 11 55 9 13 15 54 28 17 44 18 0 32 48 25 46 16 41 7 4 49 31 57 24 52 8 14 47 5 39 50 23
17 27 50 34 35 20 4 7 11 37 21 13 45 40 57 1 30 39 52 36 0 14 53 18 46 41 51 58 12 5 26 47 31 2 8 44 49 55 22 24 28 48 19 56 15 32 43 25 10 3 42 29 6 59 33 38 54 9 23 16
46 41 23 5 59 29 38 56 43 51 48 28 39 26 47 10 4 35 45 6 19 18 2 17 9 52 12 15 30 53 58 1 8 14 50 20 3 44 31 0 22 55 34 16 27 36 49 42 57 11 24 13 40 54 25 33 32 7 37 21
2121667954184601446 5120
38 31 2 52 33 3 9 40 43 27 28 17 5 50 25 45 36 42 59 53 1 10 51 49 8 35 11 15 57 37 16 23 39 46 4 18 13 32 44 14 26 22 34 0 7 56 29 6 48 21 30 41 24 55 12 47 19 54 58 20
25 3 5 48 51 41 26 19 31 14 44 30 39 54 20 47 57 10 6 11 17 36 27 43 37 12 38 56 33 2 18 22 42 49 8 9 4 50 16 53 59 32 15 34 58 7 0 52 13 40 35 45 1 46 21 29 23 28 24 55
45 8 7 23 24 32 47 41 52 43 38 12 1 18 28 21 17 37 42 35 14 51 2 53 29 4 27 0 59 11 58 34 55 9 3 22 31 54 36 44 19 56 50 25 26 46 33 48 30 39 57 15 40 16 5 13 6 20 49 10
7 16 56 45 18 59 30 20 38 31 9 39 14 46 21 42 12 51 43 8 2 17 13 6 37 23 54 28 3 5 53 29 22 19 50 47 41 0 34 35 25 55 36 40 4 24 11 48 27 58 1 32 57 26 33 10 44 15 52 49
12301927613755748598 5120
4 37 34 21 16 25 9 7 33 43 29 26 5 27 54 42 31 14 52 57 40 32 47 20 2 13 15 22 49 6 59 3 12 8 1 11 46 50 35 19 17 0 39 18 58 53 36 55 44 23 30 45 41 38 10 51 24 48 56 28
15 1 45 55 30 20 38 24 21 57 52 36 4 34 47 48 51 43 40 8 49 44 32 56 26 59 39 9 28 50 54 58 25 27 16 3 23 33 31 10 2 18 19 0 37 6 42 22 35 17 41 14 46 7 29 12 13 5 11 53
23 7 2 29 51 54 31 40 45 37 41 6 32 36 20 11 10 25 39 21 5 12 18 3 58 9 57 35 34 46 28 13 30 42 17 52 24 38 16 19 53 22 1 26 33 49 44 14 47 43 50 48 4 27 0 59 15 8 56 55
46 34 22 53 44 27 40 17 30 7 38 19 55 29 20 45 59 36 54 50 12 56 4 32 37 52 6 33 5 24 13 28 42 15 10 39 1 14 58 26 57 16 49 11 9 2 3 25 18 0 48 35 41 23 8 43 31 21 47 51
14420807073340951529 5120
22 8 48 21 40 34 41 45 1 59 14 57 55 38 36 52 51 39 49 23 58 50 10 43 6 16 7 53 24 18 2 13 17 4 27 28 35 32 5 15 31 33 19 9 54 25 37 12 29 30 56 3 47 20 0 44 42 11 26 46
44 15 37 2 4 1 36 16 54 31 27 5 59 13 35 51 18 9 53 12 33 23 7 56 40 38 17 32 3 28 24 52 43 8 34 42 22 19 55 30 20 39 10 48 50 41 14 57 6 47 46 25 45 58 29 26 11 21 0 49
42 41 1 17 29 58 8 23 24 25 56 4 38 49 59 33 39 37 32 21 27 9 12 5 11 7 54 50 31 36 52 6 40 30 48 19 34 13 16 55 45 15 20 46 3 57 53 18 22 0 26 44 35 14 10 43 47 51 28 2
43 3 39 57 27 42 7 8 40 41 6 47 13 5 56 58 29 21 22 15 26 45 11 18 20 51 1 34 30 24 49 54 10 12 59 52 31 2 53 36 38 46 33 0 50 23 17 14 4 19 16 25 9 28 44 32 35 37 55 48
17797129409420810397 5120
46 57 35 40 36 37 10 28 45 33 39 53 16 44 19 50 20 29 7 15 8 41 4 55 32 13 38 14 11 9 6 18 51 5 23 17 25 49 42 2 47 52 54 3 31 22 24 26 30 48 58 12 21 59 1 56 34 43 27 0
14 25 36 57 16 43 40 28 31 5 24 41 33 42 54 27 49 1 17 37 11 30 39 52 21 45 53 29 48 12 8 35 55 7 13 15 51 34 58 9 47 23 2 59 18 46 32 26 44 22 6 4 56 0 3 20 50 19 10 38
39 52 17 46 59 13 28 5 10 24 37 18 6 16 25 30 48 47 11 55 27 58 15 3 34 53 57 49 23 8 54 40 42 41 33 44 14 51 38 50 31 7 36 19 26 12 4 43 56 0 21 2 9 29 20 32 1 35 45 22
37 54 35 59 32 38 36 0 46 3 21 57 47 8 9 56 49 58 39 30 4 1 24 13 55 11 15 51 33 48 14 12 6 2 42 52 31 23 16 43 10 17 18 25 22 45 44 28 40 20 41 29 27 26 50 7 34 5 53 19
2707601624900122872 5120
49 39 2 58 17 1 47 23 38 28 41 33 22 15 35 4 37 18 24 14 25 53 40 45 44 48 31 59 55 8 57 12 0 54 46 50 29 27 6 3 10 43 9 32 42 19 36 21 16 52 34 26 20 51 7 5 11 56 30 13
13 30 52 4 2 47 59 45 20 9 54 46 38 8 41 11 26 39 31 29 35 49 7 40 3 36 18 10 34 25 56 12 43 55 6 48 53 37 19 22 51 14 1 0 32 42 16 33 21 24 17 27 57 58 44 28 50 15 5 23
35 58 20 11 54 53 44 18 13 28 22 39 21 45 48 3 14 33 6 2 59 8 42 46 4 27 29 12 36 49 57 24 37 56 38 43 7 9 47 15 31 52 16 34 19 23 5 50 1 10 51 17 41 40 25 32 55 26 0 30
26 49 24 54 31 21 11 0 6 34 51 43 23 44 16 30 50 36 29 28 32 13 58 12 37 46 9 22 18 2 4 59 48 8 53 20 19 35 7 41 14 52 27 57 1 42 25 47 45 55 10 38 5 33 40 17 39 15 56 3
12232635205844535590 5120
59 16 42 21 48 41 39 33 38 54 28 36 51 27 9 19 46 57 7 47 2 23 12 1 56 22 18 14 44 29 52 25 40 37 3 55 31 26 11 6 4 15 17 13 49 45 50 5 58 0 43 8 53 32 35 24 30 10 20 34
5 8 29 38 0 56 10 40 6 42 54 45 20 51 37 21 50 17 7 32 19 22 1 57 47 12 49 59 26 14 41 43 24 33 2 53 11 9 4 39 23 52 3 48 31 27 18 15 16 13 30 34 58 46 25 35 55 28 36 44
43 8 27 31 29 26 41 21 15 7 38 28 23 49 25 22 9 32 50 47 55 57 6 17 10 46 18 36 42 13 20 59 53 11 44 48 35 58 54 2 16 1 14 37 56 52 51 4 34 45 40 12 5 19 3 33 30 39 24 0
24 57 44 22 34 28 4 55 11 15 36 13 1 38 40 59 20 9 23 12 33 19 16 56 37 53 47 0 5 39 8 51 46 2 48 21 27 26 30 41 58 17 35 52 7 42 43 45 10 3 31 49 54 18 29 6 14 32 50 25
8887644285139960890 5120
19 56 30 34 40 53 26 44 28 6 39 37 24 3 15 27 42 4 49 46 43 38 1 41 47 18 55 17 32 50 7 23 22 35 21 12 11 2 54 59 8 36 48 58 9 33 13 31 10 45 20 5 51 0 29 16 52 57 14 25
54 22 59 1 10 30 50 52 35 24 14 11 51 49 26 31 28 27 46 2 32 17 12 21 19 57 39 55 5 6 16 9 45 36 53 34 58 56 13 3 8 43 4 47 0 29 42 15 48 23 37 7 44 25 41 18 38 33 20 40
56 23 20 1 47 57 34 11 33 37 45 35 27 10 16 31 42 54 48 39 49 46 18 40 5 0 15 51 6 36 12 43 59 14 50 7 32 26 52 2 19 41 9 22 28 8 38 24 13 17 30 53 21 29 25 44 55 4 3 58
0 11 26 36 58 39 32 55 47 4 14 53 5 34 45 41 28 51 56 48 7 8 15 33 38 17 43 35 19 16 46 2 3 29 50 9 30 42 52 21 57 31 25 27 12 18 49 40 59 20 44 24 6 54 37 13 22 23 1 10
18405738759106659866 5120
58 54 35 33 8 24 57 5 1 38 25 19 4 37 39 21 31 47 28 49 29 9 46 26 13 55 42 20 6 51 27 40 45 12 44 18 36 48 59 50 56 23 11 53 30 17 52 0 41 14 22 7 16 34 3 32 10 15 2 43
12 27 56 43 1 22 0 25 30 32 2 48 17 21 5 29 50 49 39 33 24 14 15 7 23 35 4 53 57 52 8 51 40 45 58 6 34 44 13 41 3 37 20 31 28 36 11 19 59 18 46 47 26 54 38 55 9 16 10 42
15 27 45 23 38 8 33 49 43 57 16 24 11 25 28 31 50 21 55 30 26 59 12 3 2 47 34 14 35 18 7 40 37 5 48 46 22 36 53 39 41 4 42 19 6 54 1 52 44 51 32 17 20 56 13 58 9 29 10 0
36 54 57 8 11 24 21 12 33 38 2 35 27 4 40 45 58 15 32 22 13 19 7 1 48 5 23 47 18 49 30 14 43 56 52 39 59 31 9 20 0 26 25 34 29 53 41 10 37 42 3 50 46 51 16 55 28 6 44 17
3769877979731906799 5120
34 35 1 20 25 6 15 48 54 13 58 53 33 10 18 59 40 42 27 49 37 52 16 3 30 47 51 7 36 22 41 4 57 45 44 0 19 56 43 24 17 12 50 39 26 11 5 9 38 21 46 29 8 2 28 32 14 55 23 31
37 51 7 30 55 49 31 3 29 0 16 44 9 41 14 38 58 36 8 53 12 18 1 52 43 35 42 11 34 10 39 20 56 13 5 45 26 32 48 2 4 21 54 59 47 17 33 24 6 22 25 15 19 40 27 50 28 46 23 57
36 32 51 11 44 21 37 26 56 17 38 55 54 52 49 15 1 29 13 27 4 3 16 50 53 19 9 0 8 58 2 25 40 48 6 42 59 45 22 12 14 57 20 41 35 43 30 33 5 46 10 34 24 18 31 28 7 47 39 23
54 37 16 44 39 20 29 15 6 7 47 33 23 59 10 2 11 52 43 21 38 48 13 58 49 8 25 41 22 19 4 46 12 0 51 57 27 31 53 35 1 14 32 5 34 45 42 55 56 9 18 17 28 26 36 24 3 50 40 30
16354562540204680146 5120
39 9 22 45 34 58 52 35 20 43 24 13 2 32 41 50 37 1 47 17 55 27 3 53 54 23 40 4 56 7 33 44 42 5 30 51 0 15 10 38 11 19 14 8 25 18 6 31 57 36 29 21 28 12 48 16 26 49 46 59
13 50 57 54 21 41 4 48 15 33 46 19 29 25 18 14 36 47 52 38 58 31 12 7 51 8 5 16 17 42 35 32 45 40 6 22 26 55 24 9 2 49 28 56 11 37 20 1 3 30 27 44 53 0 59 43 34 39 23 10
6 47 39 43 28 5 8 53 26 48 44 18 12 30 33 59 3 16 29 36 14 4 15 54 49 41 25 27 37 52 50 46 2 42 56 23 24 9 31 57 45 7 13 20 19 58 35 40 51 21 55 0 11 34 10 32 38 17 1 22
34 1 40 25 44 29 59 9 20 5 18 51 27 10 43 46 35 24 6 17 7 23 39 26 2 12 55 54 38 15 57 45 4 36 49 28 30 47 41 53 52 14 56 31 50 11 22 48 32 19 13 0 21 8 33 37 3 16 58 42
9443754714235836071 5120
16 21 28 53 7 58 51 43 57 4 10 52 14 32 45 37 20 55 24 33 29 5 54 17 2 27 18 35 8 0 13 49 41 22 12 25 59 1 46 40 15 19 9 11 30 56 39 38 48 34 3 42 26 44 47 36 31 6 50 23
39 40 30 17 48 13 12 25 4 0 34 23 31 41 46 59 49 18 28 33 15 36 8 44 47 3 10 26 56 51 16 50 1 42 53 11 55 37 9 24 2 7 32 22 29 52 54 19 27 5 20 58 45 43 6 21 38 14 35 57
44 31 9 49 45 12 47 58 8 33 32 59 54 57 50 56 23 37 25 35 55 21 19 7 36 5 38 10 42 2 40 39 24 11 18 48 13 6 22 41 26 53 0 27 17 28 52 51 34 20 4 1 14 15 29 46 16 43 3 30
27 5 1 47 50 21 37 7 51 44 58 2 18 29 32 15 3 28 20 49 48 39 10 12 52 46 4 35 42 45 57 16 14 25 54 40 30 33 55 23 11 22 31 8 56 19 24 17 13 43 26 6 9 0 38 53 41 34 59 36
900564015410785716 5120
8 51 41 14 38 28 23 4 43 16 45 22 25 40 48 5 2 47 30 11 6 10 3 17 54 32 55 36 37 34 46 26 18 33 1 56 57 49 44 15 31 21 35 24 50 59 39 13 7 58 20 52 29 19 27 9 42 53 12 0
24 43 48 56 39 29 8 40 9 20 42 16 49 11 58 51 59 0 12 23 46 31 33 35 28 1 21 4 41 7 19 6 54 3 36 14 26 53 5 25 17 38 18 2 50 34 47 32 44 15 45 55 27 57 37 10 52 30 22 13
49 46 48 6 23 59 2 53 1 38 9 44 24 21 30 10 18 58 36 37 19 47 41 5 4 29 25 13 15 17 56 40 55 42 14 50 0 28 31 51 52 3 26 35 11 22 7 32 34 33 12 57 54 27 16 43 45 39 8 20
13 35 41 53 58 52 44 42 5 56 50 48 23 32 27 47 20 45 43 34 7 59 11 36 37 55 2 21 57 28 9 25 18 8 46 38 12 30 1 39 0 17 54 3 22 16 51 14 49 10 40 29 33 24 19 15 31 6 26 4
2382880935744185623 5120
25 30 58 47 18 27 12 24 56 53 19 13 1 54 59 0 33 29 52 44 41 49 31 15 43 51 11 36 6 3 38 16 32 23 40 7 50 17 35 48 42 55 39 10 8 26 4 46 22 20 45 57 9 37 28 34 5 21 14 2
15 1 49 45 19 23 56 36 20 24 35 0 50 59 40 47 28 17 39 6 7 14 42 27 9 54 46 41 53 18 55 13 4 34 30 2 3 26 16 10 29 57 58 32 12 48 21 31 37 44 43 11 22 38 5 33 52 51 8 25
49 42 26 12 35 41 34 29 52 5 45 36 7 11 39 50 46 57 2 23 31 6 27 20 14 4 40 13 44 47 18 17 48 1 55 59 54 33 56 8 19 38 58 21 9 53 24 22 37 10 25 51 3 43 16 32 15 0 30 28
41 51 31 34 17 0 1 40 39 30 29 52 56 24 42 21 9 33 28 16 25 12 5 57 58 48 22 13 4 38 26 3 47 19 54 18 27 36 14 8 32 43 53 10 11 55 46 2 50 15 7 49 45 20 59 35 6 23 44 37
1291232767523227217 5120
39 41 17 37 52 16 1 8 31 29 40 43 47 13 9 54 0 10 50 24 56 48 6 21 55 58 12 19 26 34 57 4 33 18 7 59 30 2 38 45 49 35 14 32 51 3 20 28 25 36 15 46 11 27 22 44 53 42 5 23
56 26 39 50 48 18 28 49 19 23 0 25 9 43 11 21 4 12 1 29 51 16 2 36 46 55 45 7 31 15 57 41 40 47 38 32 10 5 44 37 3 42 14 59 54 33 30 8 27 53 34 17 35 20 52 22 58 6 13 24
54 49 6 19 28 51 46 34 47 53 40 5 22 58 16 41 59 15 20 30 32 4 14 13 52 45 2 56 17 43 57 1 48 8 44 12 29 33 11 55 26 7 24 25 37 42 35 36 39 0 3 10 50 21 18 23 31 9 38 27
48 55 58 23 45 43 21 24 1 47 28 42 41 6 33 22 0 20 52 57 26 40 3 38 59 15 10 5 35 56 18 2 37 51 17 49 4 19 54 32 50 30 14 39 13 11 29 25 34 7 31 44 16 46 8 9 36 27 53 12
15335259308736422044 5120
27 2 33 9 26 55 45 24 35 7 1 28 57 11 41 5 48 21 31 52 50 4 38 39 13 42 23 29 19 0 25 44 36 59 8 56 12 30 46 53 6 3 16 34 37 32 58 40 54 49 15 43 20 14 22 17 18 51 47 10
32 46 45 33 14 35 53 24 25 28 41 31 15 26 6 47 29 4 13 52 37 50 21 56 12 27 34 2 39 42 18 7 48 51 0 55 54 5 10 8 19 1 44 30 9 38 49 17 22 43 20 36 40 58 59 57 3 23 16 11
3 13 35 7 40 23 57 29 30 51 9 41 50 52 42 28 11 19 59 44 15 56 58 43 2 14 49 27 22 31 36 5 34 46 6 32 25 38 4 45 37 10 18 0 47 55 1 16 24 20 17 39 48 33 21 12 53 54 26 8
27 53 4 0 16 34 18 3 22 59 58 20 51 31 56 25 41 24 2 49 50 40 57 38 11 5 29 43 19 47 39 45 8 17 48 36 14 6 44 37 46 28 1 26 42 52 12 10 13 55 54 15 9 21 35 30 33 23 7 32
