FACTOR_PERMUTATION_V1 12 16 1024 1 3.25
10 0 1 1 1 1 1 1 1 1 1 1 0 0 2 2 2 2 2 2 2 2 2 2 0 0 2 2 2 2 2 2 2 2 2 2
0 10 1 1 1 1 1 1 1 1 1 1 0 0 2 2 2 2 2 2 2 2 2 2 0 0 2 2 2 2 2 2 2 2 2 2
1 1 10 0 1 1 1 1 1 1 1 1 2 2 0 0 2 2 2 2 2 2 2 2 2 2 0 0 2 2 2 2 2 2 2 2
1 1 0 10 1 1 1 1 1 1 1 1 2 2 0 0 2 2 2 2 2 2 2 2 2 2 0 0 2 2 2 2 2 2 2 2
1 1 1 1 10 0 1 1 1 1 1 1 2 2 2 2 0 0 2 2 2 2 2 2 2 2 2 2 0 0 2 2 2 2 2 2
1 1 1 1 0 10 1 1 1 1 1 1 2 2 2 2 0 0 2 2 2 2 2 2 2 2 2 2 0 0 2 2 2 2 2 2
1 1 1 1 1 1 10 0 1 1 1 1 2 2 2 2 2 2 0 0 2 2 2 2 2 2 2 2 2 2 0 0 2 2 2 2
1 1 1 1 1 1 0 10 1 1 1 1 2 2 2 2 2 2 0 0 2 2 2 2 2 2 2 2 2 2 0 0 2 2 2 2
1 1 1 1 1 1 1 1 10 0 1 1 2 2 2 2 2 2 2 2 0 0 2 2 2 2 2 2 2 2 2 2 0 0 2 2
1 1 1 1 1 1 1 1 0 10 1 1 2 2 2 2 2 2 2 2 0 0 2 2 2 2 2 2 2 2 2 2 0 0 2 2
1 1 1 1 1 1 1 1 1 1 10 0 2 2 2 2 2 2 2 2 2 2 0 0 2 2 2 2 2 2 2 2 2 2 0 0
1 1 1 1 1 1 1 1 1 1 0 10 2 2 2 2 2 2 2 2 2 2 0 0 2 2 2 2 2 2 2 2 2 2 0 0
0 0 2 2 2 2 2 2 2 2 2 2 10 0 1 1 1 1 1 1 1 1 1 1 0 0 2 2 2 2 2 2 2 2 2 2
0 0 2 2 2 2 2 2 2 2 2 2 0 10 1 1 1 1 1 1 1 1 1 1 0 0 2 2 2 2 2 2 2 2 2 2
2 2 0 0 2 2 2 2 2 2 2 2 1 1 10 0 1 1 1 1 1 1 1 1 2 2 0 0 2 2 2 2 2 2 2 2
2 2 0 0 2 2 2 2 2 2 2 2 1 1 0 10 1 1 1 1 1 1 1 1 2 2 0 0 2 2 2 2 2 2 2 2
2 2 2 2 0 0 2 2 2 2 2 2 1 1 1 1 10 0 1 1 1 1 1 1 2 2 2 2 0 0 2 2 2 2 2 2
2 2 2 2 0 0 2 2 2 2 2 2 1 1 1 1 0 10 1 1 1 1 1 1 2 2 2 2 0 0 2 2 2 2 2 2
2 2 2 2 2 2 0 0 2 2 2 2 1 1 1 1 1 1 10 0 1 1 1 1 2 2 2 2 2 2 0 0 2 2 2 2
2 2 2 2 2 2 0 0 2 2 2 2 1 1 1 1 1 1 0 10 1 1 1 1 2 2 2 2 2 2 0 0 2 2 2 2
2 2 2 2 2 2 2 2 0 0 2 2 1 1 1 1 1 1 1 1 10 0 1 1 2 2 2 2 2 2 2 2 0 0 2 2
2 2 2 2 2 2 2 2 0 0 2 2 1 1 1 1 1 1 1 1 0 10 1 1 2 2 2 2 2 2 2 2 0 0 2 2
2 2 2 2 2 2 2 2 2 2 0 0 1 1 1 1 1 1 1 1 1 1 10 0 2 2 2 2 2 2 2 2 2 2 0 0
2 2 2 2 2 2 2 2 2 2 0 0 1 1 1 1 1 1 1 1 1 1 0 10 2 2 2 2 2 2 2 2 2 2 0 0
0 0 2 2 2 2 2 2 2 2 2 2 0 0 2 2 2 2 2 2 2 2 2 2 10 0 1 1 1 1 1 1 1 1 1 1
0 0 2 2 2 2 2 2 2 2 2 2 0 0 2 2 2 2 2 2 2 2 2 2 0 10 1 1 1 1 1 1 1 1 1 1
2 2 0 0 2 2 2 2 2 2 2 2 2 2 0 0 2 2 2 2 2 2 2 2 1 1 10 0 1 1 1 1 1 1 1 1
2 2 0 0 2 2 2 2 2 2 2 2 2 2 0 0 2 2 2 2 2 2 2 2 1 1 0 10 1 1 1 1 1 1 1 1
2 2 2 2 0 0 2 2 2 2 2 2 2 2 2 2 0 0 2 2 2 2 2 2 1 1 1 1 10 0 1 1 1 1 1 1
2 2 2 2 0 0 2 2 2 2 2 2 2 2 2 2 0 0 2 2 2 2 2 2 1 1 1 1 0 10 1 1 1 1 1 1
2 2 2 2 2 2 0 0 2 2 2 2 2 2 2 2 2 2 0 0 2 2 2 2 1 1 1 1 1 1 10 0 1 1 1 1
2 2 2 2 2 2 0 0 2 2 2 2 2 2 2 2 2 2 0 0 2 2 2 2 1 1 1 1 1 1 0 10 1 1 1 1
2 2 2 2 2 2 2 2 0 0 2 2 2 2 2 2 2 2 2 2 0 0 2 2 1 1 1 1 1 1 1 1 10 0 1 1
2 2 2 2 2 2 2 2 0 0 2 2 2 2 2 2 2 2 2 2 0 0 2 2 1 1 1 1 1 1 1 1 0 10 1 1
2 2 2 2 2 2 2 2 2 2 0 0 2 2 2 2 2 2 2 2 2 2 0 0 1 1 1 1 1 1 1 1 1 1 10 0
2 2 2 2 2 2 2 2 2 2 0 0 2 2 2 2 2 2 2 2 2 2 0 0 1 1 1 1 1 1 1 1 1 1 0 10
0 2
0 3
0 4
0 5
0 6
0 7
0 8
0 9
0 10
0 11
1 2
1 3
1 4
1 5
1 6
1 7
1 8
1 9
1 10
1 11
2 4
2 5
2 6
2 7
2 8
2 9
2 10
2 11
3 4
3 5
3 6
3 7
3 8
3 9
3 10
3 11
4 6
4 7
4 8
4 9
4 10
4 11
5 6
5 7
5 8
5 9
5 10
5 11
6 8
6 9
6 10
6 11
7 8
7 9
7 10
7 11
8 10
8 11
9 10
9 11
0 2
0 3
0 4
0 5
0 6
0 7
0 8
0 9
0 10
0 11
1 2
1 3
1 4
1 5
1 6
1 7
1 8
1 9
1 10
1 11
2 4
2 5
2 6
2 7
2 8
2 9
2 10
2 11
3 4
3 5
3 6
3 7
3 8
3 9
3 10
3 11
4 6
4 7
4 8
4 9
4 10
4 11
5 6
5 7
5 8
5 9
5 10
5 11
6 8
6 9
6 10
6 11
7 8
7 9
7 10
7 11
8 10
8 11
9 10
9 11
0 2
0 3
0 4
0 5
0 6
0 7
0 8
0 9
0 10
0 11
1 2
1 3
1 4
1 5
1 6
1 7
1 8
1 9
1 10
1 11
2 4
2 5
2 6
2 7
2 8
2 9
2 10
2 11
3 4
3 5
3 6
3 7
3 8
3 9
3 10
3 11
4 6
4 7
4 8
4 9
4 10
4 11
5 6
5 7
5 8
5 9
5 10
5 11
6 8
6 9
6 10
6 11
7 8
7 9
7 10
7 11
8 10
8 11
9 10
9 11
6740617377098918566 4096
10 32 40 1 59 47 27 48 43 18 54 52 22 25 21 34 36 55 33 51 56 17 2 28 23 42 6 4 19 57 38 7 29 8 13 46 44 15 58 45 50 31 5 9 26 11 53 24 14 16 0 39 12 49 41 30 37 3 20 35
5 18 24 53 37 25 52 47 33 20 43 14 58 39 38 49 41 1 3 31 6 51 56 27 8 13 12 48 36 2 55 21 57 35 23 17 50 19 32 22 15 46 59 16 42 54 28 26 0 45 29 11 34 40 44 7 10 9 4 30
34 37 50 30 46 24 27 58 35 43 54 48 59 52 41 11 9 23 53 20 5 17 4 3 13 38 49 57 19 55 16 7 40 51 36 32 26 25 33 2 44 15 28 14 42 0 18 1 12 29 6 39 8 21 56 47 45 22 10 31
43 17 33 41 10 50 47 23 52 32 57 27 49 3 53 25 34 20 18 37 26 36 44 59 55 14 2 15 56 45 28 13 12 38 48 42 6 19 35 31 0 54 58 16 11 51 30 24 22 8 21 29 40 46 1 4 5 39 7 9
11574799233404879648 4096
37 40 22 12 29 25 21 15 4 6 42 19 27 30 26 10 53 46 39 28 9 58 44 11 50 32 0 36 8 38 55 2 1 49 43 35 7 52 54 33 59 16 18 34 14 51 23 45 20 3 56 17 57 24 48 5 47 13 31 41
46 1 57 48 50 7 41 11 25 26 54 43 33 35 2 56 21 31 36 17 23 15 9 3 32 13 16 0 58 24 38 51 42 18 28 52 37 22 47 55 14 30 19 39 49 40 8 29 5 44 45 27 34 20 12 59 10 53 6 4
48 27 36 5 55 33 50 14 30 45 39 22 52 37 21 47 28 57 44 11 29 26 3 40 9 41 49 13 53 16 59 18 46 4 2 32 34 6 17 54 19 51 56 24 35 42 25 58 43 1 0 10 8 31 38 7 15 20 12 23
16 53 46 59 28 54 27 21 36 31 9 39 26 32 29 25 55 30 43 18 15 7 58 14 3 56 40 48 11 51 13 37 19 50 0 47 6 1 22 5 52 17 34 35 49 8 23 20 4 41 24 57 44 38 10 2 33 42 45 12
10329218604817779853 4096
49 46 58 14 2 27 45 37 43 47 21 51 34 38 40 55 59 29 52 3 56 50 17 5 42 8 12 33 28 57 7 39 54 25 20 41 19 22 6 13 11 48 16 26 35 24 4 31 1 15 32 53 18 30 0 44 36 23 9 10
28 52 26 57 27 3 43 33 41 12 53 40 24 16 42 32 23 55 9 49 7 30 19 20 18 15 54 21 31 34 29 17 2 51 4 25 0 38 35 56 59 47 11 50 48 10 58 5 39 46 36 6 45 8 44 1 22 13 14 37
17 24 4 38 29 27 2 54 43 47 41 33 55 30 26 34 49 37 13 3 56 5 51 6 42 36 19 58 7 57 59 28 40 46 20 15 12 14 11 8 25 22 0 32 35 50 53 31 1 21 52 48 18 10 45 39 16 23 9 44
54 46 29 57 27 14 34 7 33 2 53 36 24 58 47 6 28 26 43 22 4 51 19 40 18 44 45 37 16 31 3 59 12 30 23 49 48 9 55 15 17 38 8 11 5 10 20 52 39 35 32 50 25 41 56 1 21 13 42 0
6359768113649239499 4096
52 40 20 19 13 47 30 25 53 48 41 3 39 24 59 43 57 5 54 11 7 18 8 38 51 15 44 46 17 33 14 58 42 12 32 37 29 16 55 34 9 36 23 56 1 50 28 49 31 27 26 2 10 45 4 21 22 0 6 35
45 14 52 49 8 21 29 50 10 41 24 51 22 27 5 57 54 59 44 43 36 19 46 37 9 28 30 0 53 55 38 39 31 26 4 18 17 11 1 3 32 58 56 23 40 25 7 35 20 12 42 33 47 34 6 16 15 2 13 48
55 46 30 13 22 16 26 28 4 25 19 36 58 21 7 51 35 38 43 24 56 53 8 15 2 49 45 52 27 48 44 39 5 0 18 12 37 23 59 3 32 14 33 9 40 54 17 1 57 34 47 41 42 11 20 29 6 31 10 50
31 57 7 51 38 22 3 56 33 46 50 13 28 49 58 45 52 27 1 55 32 19 23 44 4 47 36 17 39 8 29 34 41 14 59 5 26 9 30 54 15 24 6 10 25 16 20 35 37 42 0 11 18 12 48 53 21 40 43 2
9417877546330682730 4096
42 31 56 51 41 21 11 22 2 25 45 36 37 52 26 1 4 29 54 48 27 18 15 39 40 9 16 32 14 58 44 7 47 59 55 46 34 10 3 57 30 53 6 35 20 43 0 33 19 50 24 17 49 23 28 12 5 8 13 38
16 40 30 32 25 22 21 27 31 47 26 45 1 34 44 39 14 55 52 23 4 7 57 18 11 56 42 3 59 15 46 9 53 5 28 49 0 54 51 10 58 43 19 29 8 41 50 48 2 12 37 33 35 13 6 38 17 20 36 24
30 45 42 57 27 32 46 3 26 52 53 18 25 59 47 41 28 1 22 20 51 12 5 39 7 34 44 21 15 2 40 24 35 55 9 49 16 8 33 48 6 11 29 14 54 56 31 4 0 50 17 58 13 23 43 38 37 10 36 19
53 51 26 22 46 41 8 59 48 0 55 29 34 23 17 32 9 47 36 58 3 50 16 52 40 39 1 15 49 25 57 45 42 6 5 12 7 54 19 4 38 24 56 35 13 31 43 33 27 10 30 2 44 18 20 14 11 37 21 28
11314459858136092104 4096
32 17 35 26 44 37 28 54 36 30 55 7 33 39 56 29 31 34 0 12 18 8 9 49 48 40 21 45 42 23 4 57 3 50 16 2 41 6 59 24 22 43 10 58 27 14 5 52 47 11 38 53 46 51 15 20 1 19 13 25
43 9 58 44 20 37 8 30 7 38 47 50 23 42 29 24 35 40 36 56 51 39 32 11 46 2 18 17 57 6 34 12 13 5 48 53 52 27 4 26 45 54 59 10 15 16 0 49 22 3 19 25 14 33 21 1 55 28 31 41
23 59 51 26 38 31 28 54 36 35 55 7 33 20 56 29 12 34 50 43 18 8 17 30 48 2 39 13 42 52 5 57 3 37 16 40 41 6 49 24 25 0 10 58 27 14 4 32 47 11 44 53 46 9 15 21 1 19 45 22
20 23 58 44 29 37 26 30 17 38 47 50 11 48 40 24 35 43 36 7 5 39 32 16 46 12 18 51 57 6 34 2 13 9 42 53 52 21 4 8 45 54 59 10 15 27 0 14 22 3 19 25 49 33 56 1 55 28 31 41
11964351246974283812 4096
39 48 51 55 28 7 21 56 26 17 13 58 35 42 45 0 50 38 5 32 30 19 23 46 4 59 20 3 53 1 18 47 57 37 27 22 40 25 2 8 6 24 9 36 14 54 15 33 34 29 44 10 41 11 16 52 43 31 49 12
48 9 39 57 50 26 49 22 31 43 59 29 52 54 23 51 13 21 20 14 56 4 45 10 40 19 5 44 3 37 38 35 18 16 36 47 27 6 42 30 33 8 0 17 24 55 58 34 15 7 32 28 11 41 46 2 1 25 12 53
39 15 29 55 28 46 21 57 23 12 5 45 27 48 16 20 41 10 38 32 2 40 54 47 35 44 19 1 34 3 36 11 8 37 13 22 51 24 18 53 58 4 6 33 14 30 31 26 0 9 56 59 25 50 7 52 42 43 49 17
15 47 39 22 56 29 51 37 44 31 35 48 52 54 57 23 34 36 25 14 50 4 53 6 13 21 2 38 41 10 3 58 43 16 49 59 27 8 30 1 0 42 55 17 24 9 32 45 40 7 11 28 19 18 46 20 12 5 33 26
2493126957672326663 4096
55 14 40 24 29 8 28 52 36 43 39 48 51 50 37 54 58 21 25 32 4 47 17 33 5 56 44 23 57 35 26 13 3 49 15 46 18 0 45 19 31 53 7 59 11 34 6 22 2 16 20 30 10 12 27 38 9 41 1 42
31 48 33 21 42 35 55 38 53 26 18 27 39 54 57 3 28 49 46 43 47 4 41 5 44 12 30 36 8 11 59 56 15 29 37 7 23 51 0 52 6 16 19 25 45 50 58 32 40 1 2 17 34 22 13 9 24 14 20 10
38 5 30 1 41 46 21 18 23 25 28 58 43 56 3 57 37 34 4 10 22 9 17 44 36 54 53 16 24 6 45 15 47 51 50 12 8 19 27 39 31 52 59 14 11 26 48 49 20 55 32 35 7 0 40 29 33 2 13 42
31 57 50 45 33 17 54 23 42 20 56 47 28 30 32 13 21 37 49 36 11 22 18 9 41 4 53 46 5 55 14 40 12 8 39 7 25 24 58 19 6 35 0 59 51 3 26 52 27 44 38 43 34 16 48 2 1 15 29 10
6455119632289679644 4096
38 31 10 50 16 1 47 37 35 45 43 14 18 32 29 20 51 28 23 7 33 2 8 57 26 19 48 13 58 46 5 9 39 11 12 52 6 30 42 27 0 3 44 25 15 49 54 55 59 21 17 22 53 40 56 41 36 24 34 4
34 8 42 22 20 13 25 55 44 1 15 45 11 51 38 26 54 14 28 24 9 57 39 10 5 36 32 53 37 59 40 52 30 47 6 16 33 7 27 48 49 50 46 18 56 23 0 31 21 19 35 17 2 58 43 41 12 3 4 29
45 56 28 52 47 16 40 35 24 19 37 9 42 14 11 48 44 23 39 49 43 6 8 46 22 50 12 2 32 41 36 7 17 54 31 27 53 1 51 10 18 26 33 57 55 30 0 58 34 3 38 25 20 59 13 29 5 15 21 4
52 8 56 22 35 41 33 43 13 53 16 29 27 24 49 34 51 40 42 28 58 39 46 7 3 0 5 36 59 18 57 9 37 38 45 4 1 54 20 30 48 55 26 2 19 15 17 14 12 6 23 47 32 10 11 44 31 21 50 25
11069086047549546412 4096
38 41 27 53 25 42 31 50 12 51 43 49 11 56 45 0 54 47 24 32 15 40 8 33 3 2 14 52 13 6 46 57 55 17 1 36 35 39 58 48 5 7 19 34 44 4 30 22 9 20 16 18 10 37 59 21 29 23 26 28
37 33 57 55 12 31 46 9 51 40 5 21 50 23 41 20 11 48 29 6 39 18 45 4 56 52 2 14 19 53 49 26 32 36 42 16 54 28 10 27 0 35 24 38 1 58 7 22 15 8 34 44 47 59 13 17 25 3 30 43
57 21 56 37 48 36 45 29 30 33 39 52 53 22 1 8 51 23 46 44 47 19 58 38 54 7 49 15 17 16 26 18 3 42 59 9 28 6 20 34 5 24 13 43 4 40 35 50 27 41 0 2 11 55 10 25 12 31 32 14
53 49 22 24 28 1 47 31 41 21 52 39 32 55 56 13 42 46 25 8 2 45 3 26 54 36 14 48 9 50 44 37 35 16 58 43 27 57 6 18 11 19 29 59 23 51 38 7 15 10 40 33 34 0 17 30 4 12 5 20
12233823403730310809 4096
46 49 57 33 35 27 31 52 2 15 58 38 43 10 34 24 21 37 7 59 1 30 3 40 51 28 55 44 5 41 23 11 12 26 4 54 22 17 18 50 47 25 8 0 53 9 56 42 36 13 20 16 29 48 32 39 14 6 45 19
33 55 4 45 56 20 59 23 30 38 58 34 10 5 41 43 50 39 24 36 54 47 57 14 12 44 3 26 42 32 2 7 52 51 40 13 6 25 19 11 53 9 21 35 8 15 0 1 27 18 17 28 31 46 16 48 22 49 37 29
46 49 57 33 35 47 2 43 36 52 50 44 30 27 34 24 21 37 59 7 5 23 19 40 51 28 55 38 0 41 31 11 12 45 4 54 22 56 18 58 15 25 8 48 53 9 17 42 6 13 20 16 29 3 32 39 1 10 26 14
59 26 14 43 56 2 33 23 30 38 58 15 10 34 41 21 18 1 52 36 54 49 32 44 12 19 0 5 42 16 45 7 55 51 40 13 6 25 48 11 47 9 39 35 8 3 24 4 27 50 17 28 31 57 46 20 22 53 37 29
13929856280103941205 4096
42 17 41 58 26 31 24 20 29 23 3 40 39 54 47 37 32 36 53 57 27 12 5 16 51 19 56 50 13 9 38 34 46 15 10 7 52 6 44 14 49 55 25 21 1 33 22 48 59 4 28 11 18 45 8 35 43 30 2 0
49 58 59 10 32 46 37 12 48 6 38 50 8 35 14 29 3 0 52 33 4 31 2 16 20 28 51 44 22 24 19 39 5 41 45 11 13 54 27 18 9 23 47 17 1 36 56 40 42 53 15 21 43 34 30 57 26 7 25 55
51 41 55 33 21 6 58 10 35 16 38 29 30 50 7 31 24 43 20 22 12 53 13 25 4 57 15 34 0 49 40 18 11 14 44 39 32 36 46 9 17 5 3 19 56 27 2 52 28 54 45 59 47 26 8 37 1 23 48 42
45 57 10 42 41 31 21 35 37 22 28 53 9 16 27 24 54 29 48 13 23 18 56 58 55 36 39 6 52 33 20 12 46 51 7 15 19 34 50 30 44 49 32 25 4 5 26 47 59 17 2 3 11 43 1 8 14 38 40 0
7259673345137334513 4096
46 50 44 6 41 25 0 36 54 30 24 47 23 51 15 38 28 29 2 3 45 55 16 49 19 48 22 52 57 53 27 59 17 11 4 34 33 26 8 40 35 14 58 56 43 5 32 37 42 31 7 39 1 18 12 10 13 20 21 9
45 33 28 47 21 9 50 55 32 16 54 57 7 34 27 30 36 41 44 14 52 49 17 13 48 3 38 2 5 37 39 40 22 43 31 51 25 20 53 19 18 24 56 0 26 12 15 59 1 8 4 11 35 6 46 42 58 23 10 29
20 41 12 51 25 33 47 22 53 30 55 54 23 15 32 38 35 29 9 58 6 56 44 39 14 50 5 1 45 17 18 3 28 52 48 36 11 8 49 19 16 13 0 59 37 4 46 57 43 34 42 40 26 31 24 10 2 21 27 7
53 16 26 32 47 12 27 40 33 44 28 57 17 41 45 34 55 52 42 23 9 5 48 11 46 25 58 36 8 21 39 59 51 13 54 7 56 22 3 14 35 49 6 43 50 19 1 30 24 31 10 18 38 4 0 29 37 15 2 20
14329337094898185905 4096
12 40 27 30 11 0 23 38 45 49 26 37 25 7 24 41 51 43 54 5 53 9 57 44 42 14 28 31 50 15 17 3 36 32 48 29 6 56 46 47 19 4 55 58 35 39 22 52 33 34 21 20 10 2 1 13 8 18 59 16
54 49 1 26 57 52 28 9 32 59 39 11 46 30 50 55 13 27 20 24 19 45 41 18 8 44 38 42 6 33 40 47 22 36 21 5 2 31 56 14 23 34 16 0 17 37 35 12 4 29 53 7 3 48 58 25 43 51 10 15
12 42 37 53 57 26 28 27 34 49 54 38 25 9 24 11 4 43 41 45 29 30 59 44 20 36 5 33 50 35 32 7 40 17 3 52 6 51 47 0 56 55 2 58 48 46 16 10 31 18 21 39 13 19 23 8 15 14 22 1
13 49 24 50 57 53 23 26 43 28 59 9 46 30 42 58 34 27 37 33 51 6 10 11 7 4 2 52 1 17 40 47 14 5 44 18 25 29 55 15 20 45 54 0 12 21 35 36 3 32 8 19 56 39 38 22 31 48 16 41
6796245151479569425 4096
39 38 58 53 57 29 45 51 4 26 55 46 49 42 12 23 44 20 13 30 6 2 59 37 10 19 52 48 18 14 8 56 22 9 33 17 21 27 50 5 1 11 34 25 15 0 32 7 47 28 36 24 35 16 3 40 54 41 43 31
4 52 30 44 27 18 35 29 24 49 58 42 51 39 21 2 23 55 57 56 54 38 53 10 26 48 50 13 16 9 15 3 36 41 45 28 25 6 12 46 59 5 40 8 33 32 14 22 1 19 7 11 47 20 31 17 37 34 0 43
54 41 57 5 33 25 11 42 22 45 49 46 59 17 16 38 37 27 35 44 39 24 14 13 3 12 56 32 23 31 58 2 40 51 43 4 26 34 47 52 15 36 6 19 10 8 48 30 29 53 21 55 50 1 9 20 7 0 28 18
12 14 23 29 37 59 44 18 2 4 27 53 10 48 41 25 8 33 40 5 1 56 58 51 55 54 13 42 57 9 3 46 52 43 39 26 50 7 36 34 15 32 11 31 0 22 47 17 16 21 49 24 28 38 6 19 30 20 35 45
12113874012163645584 4096
4 42 48 33 37 56 26 55 10 21 50 53 24 18 35 3 41 22 52 39 57 7 2 47 9 30 49 15 8 43 6 12 51 40 36 16 13 25 29 58 28 1 27 11 54 14 5 46 17 34 44 32 31 20 45 59 0 23 19 38
26 35 2 55 41 53 13 10 39 6 38 40 27 56 1 44 20 54 29 33 37 50 22 7 51 15 45 21 59 17 52 23 48 42 14 36 49 58 18 31 16 9 43 4 24 47 28 25 34 3 19 12 46 32 0 30 5 11 57 8
19 50 48 52 27 40 29 31 3 36 43 58 35 20 45 16 41 24 7 14 25 56 42 33 37 18 6 9 0 51 2 47 55 4 39 23 54 17 8 12 15 53 59 32 49 5 28 10 13 38 34 11 1 46 22 57 44 26 30 21
52 44 34 0 47 41 37 59 49 30 8 48 22 58 55 28 31 21 29 53 4 19 26 46 51 20 39 12 18 33 25 7 13 36 54 57 32 45 23 50 17 2 24 43 10 27 15 38 35 9 11 40 56 16 1 5 42 3 6 14
