FACTOR_PERMUTATION_V1 12 16 1024 1 3.25
10 0 1 1 1 1 1 1 1 1 1 1 0 0 2 2 2 2 2 2 2 2 2 2 0 0 2 2 2 2 2 2 2 2 2 2
0 10 1 1 1 1 1 1 1 1 1 1 0 0 2 2 2 2 2 2 2 2 2 2 0 0 2 2 2 2 2 2 2 2 2 2
1 1 10 0 1 1 1 1 1 1 1 1 2 2 0 0 2 2 2 2 2 2 2 2 2 2 0 0 2 2 2 2 2 2 2 2
1 1 0 10 1 1 1 1 1 1 1 1 2 2 0 0 2 2 2 2 2 2 2 2 2 2 0 0 2 2 2 2 2 2 2 2
1 1 1 1 10 0 1 1 1 1 1 1 2 2 2 2 0 0 2 2 2 2 2 2 2 2 2 2 0 0 2 2 2 2 2 2
1 1 1 1 0 10 1 1 1 1 1 1 2 2 2 2 0 0 2 2 2 2 2 2 2 2 2 2 0 0 2 2 2 2 2 2
1 1 1 1 1 1 10 0 1 1 1 1 2 2 2 2 2 2 0 0 2 2 2 2 2 2 2 2 2 2 0 0 2 2 2 2
1 1 1 1 1 1 0 10 1 1 1 1 2 2 2 2 2 2 0 0 2 2 2 2 2 2 2 2 2 2 0 0 2 2 2 2
1 1 1 1 1 1 1 1 10 0 1 1 2 2 2 2 2 2 2 2 0 0 2 2 2 2 2 2 2 2 2 2 0 0 2 2
1 1 1 1 1 1 1 1 0 10 1 1 2 2 2 2 2 2 2 2 0 0 2 2 2 2 2 2 2 2 2 2 0 0 2 2
1 1 1 1 1 1 1 1 1 1 10 0 2 2 2 2 2 2 2 2 2 2 0 0 2 2 2 2 2 2 2 2 2 2 0 0
1 1 1 1 1 1 1 1 1 1 0 10 2 2 2 2 2 2 2 2 2 2 0 0 2 2 2 2 2 2 2 2 2 2 0 0
0 0 2 2 2 2 2 2 2 2 2 2 10 0 1 1 1 1 1 1 1 1 1 1 0 0 2 2 2 2 2 2 2 2 2 2
0 0 2 2 2 2 2 2 2 2 2 2 0 10 1 1 1 1 1 1 1 1 1 1 0 0 2 2 2 2 2 2 2 2 2 2
2 2 0 0 2 2 2 2 2 2 2 2 1 1 10 0 1 1 1 1 1 1 1 1 2 2 0 0 2 2 2 2 2 2 2 2
2 2 0 0 2 2 2 2 2 2 2 2 1 1 0 10 1 1 1 1 1 1 1 1 2 2 0 0 2 2 2 2 2 2 2 2
2 2 2 2 0 0 2 2 2 2 2 2 1 1 1 1 10 0 1 1 1 1 1 1 2 2 2 2 0 0 2 2 2 2 2 2
2 2 2 2 0 0 2 2 2 2 2 2 1 1 1 1 0 10 1 1 1 1 1 1 2 2 2 2 0 0 2 2 2 2 2 2
2 2 2 2 2 2 0 0 2 2 2 2 1 1 1 1 1 1 10 0 1 1 1 1 2 2 2 2 2 2 0 0 2 2 2 2
2 2 2 2 2 2 0 0 2 2 2 2 1 1 1 1 1 1 0 10 1 1 1 1 2 2 2 2 2 2 0 0 2 2 2 2
2 2 2 2 2 2 2 2 0 0 2 2 1 1 1 1 1 1 1 1 10 0 1 1 2 2 2 2 2 2 2 2 0 0 2 2
2 2 2 2 2 2 2 2 0 0 2 2 1 1 1 1 1 1 1 1 0 10 1 1 2 2 2 2 2 2 2 2 0 0 2 2
2 2 2 2 2 2 2 2 2 2 0 0 1 1 1 1 1 1 1 1 1 1 10 0 2 2 2 2 2 2 2 2 2 2 0 0
2 2 2 2 2 2 2 2 2 2 0 0 1 1 1 1 1 1 1 1 1 1 0 10 2 2 2 2 2 2 2 2 2 2 0 0
0 0 2 2 2 2 2 2 2 2 2 2 0 0 2 2 2 2 2 2 2 2 2 2 10 0 1 1 1 1 1 1 1 1 1 1
0 0 2 2 2 2 2 2 2 2 2 2 0 0 2 2 2 2 2 2 2 2 2 2 0 10 1 1 1 1 1 1 1 1 1 1
2 2 0 0 2 2 2 2 2 2 2 2 2 2 0 0 2 2 2 2 2 2 2 2 1 1 10 0 1 1 1 1 1 1 1 1
2 2 0 0 2 2 2 2 2 2 2 2 2 2 0 0 2 2 2 2 2 2 2 2 1 1 0 10 1 1 1 1 1 1 1 1
2 2 2 2 0 0 2 2 2 2 2 2 2 2 2 2 0 0 2 2 2 2 2 2 1 1 1 1 10 0 1 1 1 1 1 1
2 2 2 2 0 0 2 2 2 2 2 2 2 2 2 2 0 0 2 2 2 2 2 2 1 1 1 1 0 10 1 1 1 1 1 1
2 2 2 2 2 2 0 0 2 2 2 2 2 2 2 2 2 2 0 0 2 2 2 2 1 1 1 1 1 1 10 0 1 1 1 1
2 2 2 2 2 2 0 0 2 2 2 2 2 2 2 2 2 2 0 0 2 2 2 2 1 1 1 1 1 1 0 10 1 1 1 1
2 2 2 2 2 2 2 2 0 0 2 2 2 2 2 2 2 2 2 2 0 0 2 2 1 1 1 1 1 1 1 1 10 0 1 1
2 2 2 2 2 2 2 2 0 0 2 2 2 2 2 2 2 2 2 2 0 0 2 2 1 1 1 1 1 1 1 1 0 10 1 1
2 2 2 2 2 2 2 2 2 2 0 0 2 2 2 2 2 2 2 2 2 2 0 0 1 1 1 1 1 1 1 1 1 1 10 0
2 2 2 2 2 2 2 2 2 2 0 0 2 2 2 2 2 2 2 2 2 2 0 0 1 1 1 1 1 1 1 1 1 1 0 10
0 2
0 3
0 4
0 5
0 6
0 7
0 8
0 9
0 10
0 11
1 2
1 3
1 4
1 5
1 6
1 7
1 8
1 9
1 10
1 11
2 4
2 5
2 6
2 7
2 8
2 9
2 10
2 11
3 4
3 5
3 6
3 7
3 8
3 9
3 10
3 11
4 6
4 7
4 8
4 9
4 10
4 11
5 6
5 7
5 8
5 9
5 10
5 11
6 8
6 9
6 10
6 11
7 8
7 9
7 10
7 11
8 10
8 11
9 10
9 11
0 2
0 3
0 4
0 5
0 6
0 7
0 8
0 9
0 10
0 11
1 2
1 3
1 4
1 5
1 6
1 7
1 8
1 9
1 10
1 11
2 4
2 5
2 6
2 7
2 8
2 9
2 10
2 11
3 4
3 5
3 6
3 7
3 8
3 9
3 10
3 11
4 6
4 7
4 8
4 9
4 10
4 11
5 6
5 7
5 8
5 9
5 10
5 11
6 8
6 9
6 10
6 11
7 8
7 9
7 10
7 11
8 10
8 11
9 10
9 11
0 2
0 3
0 4
0 5
0 6
0 7
0 8
0 9
0 10
0 11
1 2
1 3
1 4
1 5
1 6
1 7
1 8
1 9
1 10
1 11
2 4
2 5
2 6
2 7
2 8
2 9
2 10
2 11
3 4
3 5
3 6
3 7
3 8
3 9
3 10
3 11
4 6
4 7
4 8
4 9
4 10
4 11
5 6
5 7
5 8
5 9
5 10
5 11
6 8
6 9
6 10
6 11
7 8
7 9
7 10
7 11
8 10
8 11
9 10
9 11
10009620967863865105 2048
34 22 17 52 45 58 41 14 38 47 55 30 50 7 32 11 9 44 53 25 12 27 20 3 13 29 49 57 6 54 43 39 59 51 2 0 26 35 10 36 21 31 1 5 48 23 18 28 8 37 19 16 40 24 56 42 46 4 33 15
43 17 33 57 1 16 47 23 31 50 41 32 49 3 9 36 34 20 13 52 26 5 44 59 56 18 2 14 37 45 28 55 12 8 48 42 38 4 51 19 10 54 58 25 11 35 24 6 15 22 21 29 40 46 0 7 30 27 39 53
3 22 54 4 32 58 41 10 5 42 48 20 36 14 44 11 43 57 59 26 12 56 15 27 40 8 49 37 6 45 55 35 7 51 16 18 25 30 17 50 21 31 1 9 23 53 52 28 34 2 39 19 13 24 38 47 46 0 33 29
2 39 36 57 1 43 19 45 58 24 13 49 32 40 26 59 52 37 30 9 33 51 56 38 23 4 3 14 47 50 29 12 55 8 48 44 16 27 5 10 15 53 18 25 0 35 20 6 31 22 41 42 34 46 11 7 17 28 21 54
18224269122454742043 2048
24 40 13 32 55 33 41 54 36 21 42 39 52 30 57 47 53 58 6 20 1 27 2 17 15 22 38 4 35 23 51 11 45 18 14 7 34 46 16 48 28 49 25 19 9 56 43 31 50 44 0 10 26 5 37 59 29 8 12 3
51 23 46 55 39 2 0 21 56 14 58 16 20 25 43 26 4 30 42 34 52 7 59 31 13 18 22 37 11 5 3 53 19 36 41 47 8 17 38 9 48 29 40 27 32 15 6 50 10 35 28 24 44 1 33 12 54 49 45 57
48 27 36 5 55 33 50 14 30 45 39 22 52 37 21 47 28 57 44 11 29 26 3 40 9 41 49 13 53 16 59 18 46 4 2 32 34 6 17 54 19 51 56 24 35 42 25 58 43 1 0 10 8 31 38 7 15 20 12 23
16 53 46 59 28 54 27 21 36 31 9 39 26 32 29 25 55 30 43 18 15 7 58 14 3 56 40 48 11 51 13 37 19 50 0 47 6 1 22 5 52 17 34 35 49 8 23 20 4 41 24 57 44 38 10 2 33 42 45 12
4323816148952901066 2048
5 57 54 56 32 45 46 24 36 44 33 38 47 51 0 26 12 42 49 31 50 21 41 27 48 15 55 8 9 30 23 58 20 14 13 22 40 19 4 28 53 16 34 3 52 7 37 39 10 59 1 43 17 2 6 29 35 11 18 25
26 12 33 23 7 27 5 48 29 1 55 53 30 59 2 46 20 44 0 16 3 4 11 38 22 45 57 37 42 6 43 49 18 58 15 41 10 9 31 50 40 56 51 17 47 28 36 54 24 35 52 25 34 19 21 8 39 13 32 14
39 31 4 11 32 58 46 24 36 41 56 47 55 59 54 22 28 21 25 38 50 27 44 17 48 15 2 33 9 30 19 45 40 37 13 0 20 1 42 34 53 16 7 3 52 5 26 14 10 51 8 43 23 57 6 29 35 18 12 49
26 13 48 34 7 28 25 41 6 23 43 4 10 56 20 46 35 0 3 52 1 53 50 38 8 45 49 37 40 57 24 16 42 58 54 51 17 27 31 5 22 55 29 59 9 18 32 2 19 47 15 44 39 11 21 33 12 30 36 14
11527956677950045712 2048
55 46 31 52 22 51 33 3 44 18 19 5 58 38 28 47 35 36 43 16 40 25 24 26 2 32 6 42 57 48 13 30 39 15 7 12 14 23 4 45 49 53 8 34 11 54 29 21 27 1 59 56 41 17 20 9 50 0 10 37
45 57 16 34 44 11 51 22 28 46 39 41 30 52 13 23 6 35 26 49 5 55 40 20 32 47 31 59 42 8 29 18 58 50 43 37 27 9 21 54 2 24 14 3 56 10 36 15 38 7 0 12 19 25 48 33 17 4 53 1
55 46 30 13 22 16 26 28 4 25 19 36 58 21 7 51 35 38 43 24 56 53 8 15 2 49 45 52 27 48 44 39 5 0 18 12 37 23 59 3 32 14 33 9 40 54 17 1 57 34 47 41 42 11 20 29 6 31 10 50
31 57 7 51 38 22 3 56 33 46 50 13 28 49 58 45 52 27 1 55 32 19 23 44 4 47 36 17 39 8 29 34 41 14 59 5 26 9 30 54 15 24 6 10 25 16 20 35 37 42 0 11 18 12 48 53 21 40 43 2
15444944434193481806 2048
29 36 11 57 8 59 42 50 35 15 54 37 38 55 4 34 7 27 56 32 19 26 51 53 40 2 49 43 9 6 1 24 10 3 5 48 45 39 30 31 25 22 17 16 52 47 14 33 12 20 21 58 41 0 46 44 28 13 23 18
7 28 49 29 44 52 27 33 20 57 21 34 35 58 56 39 42 5 48 31 53 38 3 9 40 55 51 37 0 50 16 46 47 59 45 12 1 8 54 22 18 24 26 25 6 32 41 13 43 19 17 23 10 30 15 11 4 14 36 2
30 45 42 57 27 32 46 3 26 52 53 18 25 59 47 41 28 1 22 20 51 12 5 39 7 34 44 21 15 2 40 24 35 55 9 49 16 8 33 48 6 11 29 14 54 56 31 4 0 50 17 58 13 23 43 38 37 10 36 19
53 51 26 22 46 41 8 59 48 0 55 29 34 23 17 32 9 47 36 58 3 50 16 52 40 39 1 15 49 25 57 45 42 6 5 12 7 54 19 4 38 24 56 35 13 31 43 33 27 10 30 2 44 18 20 14 11 37 21 28
8453056481751949447 2048
41 42 47 56 58 6 10 36 28 53 20 48 32 15 23 45 46 18 49 27 59 21 16 40 44 33 29 4 1 9 51 13 19 54 39 2 26 7 5 52 22 37 31 34 17 50 0 24 35 12 8 11 14 57 55 30 3 38 43 25
22 18 52 3 48 20 36 1 40 44 59 9 53 49 13 34 42 31 21 26 28 57 58 15 55 47 17 5 16 46 11 54 43 39 4 30 6 10 8 35 2 45 56 14 51 25 23 12 0 24 29 37 41 32 38 7 33 19 27 50
36 44 24 59 47 0 18 1 58 53 49 31 51 10 37 8 46 11 22 52 54 13 16 57 42 9 56 20 15 5 17 45 19 50 12 4 3 39 2 27 48 33 41 23 30 14 55 6 34 26 28 21 40 29 32 35 25 43 7 38
32 50 57 4 25 59 51 15 27 28 58 46 37 49 12 34 52 26 22 0 39 31 21 42 8 47 16 55 35 53 38 41 14 3 5 24 23 10 30 11 13 7 9 18 19 40 45 36 44 2 17 56 20 48 1 6 43 33 29 54
8298753123524252360 2048
17 6 19 53 9 20 40 26 29 28 54 50 55 39 2 41 42 23 43 16 22 48 25 32 15 8 7 44 58 56 24 13 57 37 45 27 38 3 34 1 10 49 5 59 4 51 31 11 18 35 46 14 47 33 36 52 30 0 12 21
16 33 50 27 28 47 5 12 38 54 20 56 59 35 23 52 34 51 15 42 57 8 21 14 46 55 49 0 6 53 7 41 10 58 9 40 11 25 36 29 31 37 24 1 18 45 13 4 22 3 19 17 48 26 32 44 39 43 2 30
33 50 27 57 31 54 48 51 17 29 12 43 56 11 58 44 55 35 22 37 49 8 47 46 2 19 52 20 0 34 6 59 10 3 42 14 24 28 53 23 1 36 39 4 30 5 15 16 26 38 21 7 13 25 40 9 41 45 32 18
5 44 51 31 13 34 26 17 36 12 15 20 53 54 35 49 2 30 47 48 57 22 6 11 46 41 39 40 37 14 32 16 59 8 7 25 4 58 0 18 24 1 42 9 28 33 38 19 56 27 43 29 50 21 52 45 10 55 3 23
3054166715092352979 2048
38 57 30 26 18 53 55 4 44 21 29 7 48 42 36 41 13 58 23 0 17 54 56 16 50 47 22 43 15 11 45 40 37 6 46 52 14 27 8 31 39 24 3 20 51 19 9 49 25 34 32 35 59 5 1 33 28 2 10 12
54 22 50 55 41 24 13 7 29 25 56 32 0 28 44 59 23 26 12 31 21 58 9 14 3 48 38 51 35 52 18 16 40 42 49 6 57 33 36 19 5 17 10 47 30 8 20 11 4 27 1 39 37 34 45 2 43 15 46 53
56 12 25 32 35 58 46 23 0 39 10 36 55 30 21 54 53 27 38 29 59 19 50 3 42 1 2 37 8 9 7 52 34 44 43 49 48 11 16 51 31 45 33 20 40 5 26 14 47 13 17 24 41 57 18 6 4 28 15 22
36 53 47 55 48 26 24 14 59 33 57 44 25 28 54 41 29 43 18 23 38 45 17 32 50 21 49 16 30 4 27 12 39 7 46 37 9 40 15 10 34 5 13 19 31 56 6 1 8 11 22 2 0 35 3 42 52 51 20 58
15561000817709519606 2048
59 42 28 52 47 16 40 10 24 19 14 9 7 27 11 48 2 23 39 49 43 37 8 46 22 56 12 6 32 41 36 50 17 54 31 44 53 1 51 35 18 26 33 57 55 30 0 58 34 3 38 25 20 45 13 29 5 15 21 4
52 0 59 22 35 41 33 43 13 7 16 29 27 24 56 34 51 40 42 28 58 18 46 53 3 19 5 36 15 39 57 9 37 38 45 4 1 54 20 30 48 55 26 2 8 49 17 14 12 6 23 47 32 10 11 44 31 21 50 25
54 56 9 42 18 29 43 37 48 49 40 44 59 26 55 21 31 50 33 16 28 58 57 51 23 35 7 47 15 12 8 3 25 1 22 39 45 24 14 0 34 41 38 27 4 10 5 19 11 36 20 53 2 17 13 6 46 32 30 52
20 33 23 14 29 58 41 35 43 22 5 46 39 16 32 37 51 42 10 28 19 54 59 34 3 47 48 52 53 57 36 9 50 24 6 13 1 27 38 18 7 30 8 2 55 31 17 49 4 25 45 56 11 12 26 44 21 15 40 0
7380562709029982651 2048
18 43 57 9 21 10 40 29 35 56 33 41 36 22 55 8 51 23 42 44 48 52 12 47 3 1 53 15 30 24 26 16 19 39 14 4 7 6 20 54 34 25 32 49 50 5 0 38 46 13 17 2 11 59 28 45 37 31 27 58
42 10 48 24 28 58 32 54 53 6 55 46 3 39 29 21 47 56 25 30 26 34 4 52 7 36 38 43 57 15 17 41 49 13 8 44 11 40 31 33 50 5 18 1 14 51 37 22 9 27 20 59 35 19 16 45 2 12 0 23
57 21 56 37 48 36 45 29 30 33 39 52 53 22 1 8 51 23 46 44 47 19 58 38 54 7 49 15 17 16 26 18 3 42 59 9 28 6 20 34 5 24 13 43 4 40 35 50 27 41 0 2 11 55 10 25 12 31 32 14
53 49 22 24 28 1 47 31 41 21 52 39 32 55 56 13 42 46 25 8 2 45 3 26 54 36 14 48 9 50 44 37 35 16 58 43 27 57 6 18 11 19 29 59 23 51 38 7 15 10 40 33 34 0 17 30 4 12 5 20
10508010569485733829 2048
8 29 22 27 48 32 28 43 2 0 37 44 13 35 23 58 15 26 51 16 55 49 45 19 4 11 52 6 12 5 9 46 50 59 24 36 18 7 17 40 1 53 56 41 31 30 3 39 47 38 33 21 57 20 25 34 10 54 42 14
49 31 34 9 0 40 13 27 32 51 56 42 59 30 12 21 41 44 57 52 10 15 4 38 5 50 8 29 35 16 47 11 22 54 36 6 24 19 14 2 37 1 39 7 48 55 25 26 28 18 43 58 23 3 33 20 46 53 17 45
50 2 27 32 48 31 10 54 15 44 23 38 21 35 30 46 51 17 37 59 47 58 45 16 6 11 40 4 8 14 41 7 9 36 52 29 56 22 28 19 1 53 33 55 43 26 3 39 49 24 18 0 57 13 20 34 25 12 42 5
49 31 44 23 0 19 27 46 48 51 34 53 50 42 57 21 41 22 24 55 10 15 39 3 56 59 2 29 16 54 8 47 52 35 36 6 33 5 30 17 58 1 40 32 7 4 25 14 13 18 43 37 28 38 45 12 9 26 11 20
2847417792093247196 2048
9 36 21 29 25 6 5 10 35 16 38 43 30 50 7 31 24 51 27 14 40 53 13 15 45 32 4 2 58 49 57 11 18 3 44 20 22 48 46 41 17 0 56 19 55 33 12 52 28 54 23 59 47 8 39 37 1 34 26 42
3 57 40 24 41 31 17 35 43 22 19 53 9 34 27 26 54 20 48 13 10 16 56 59 50 42 39 6 51 33 0 36 14 15 2 52 45 18 55 30 29 49 32 58 4 5 23 47 8 28 44 37 11 21 1 25 46 38 12 7
51 41 55 33 21 6 58 10 35 16 38 29 30 50 7 31 24 43 20 22 12 53 13 25 4 57 15 34 0 49 40 18 11 14 44 39 32 36 46 9 17 5 3 19 56 27 2 52 28 54 45 59 47 26 8 37 1 23 48 42
45 57 10 42 41 31 21 35 37 22 28 53 9 16 27 24 54 29 48 13 23 18 56 58 55 36 39 6 52 33 20 12 46 51 7 15 19 34 50 30 44 49 32 25 4 5 26 47 59 17 2 3 11 43 1 8 14 38 40 0
15823919784686444254 2048
59 41 42 54 1 35 37 22 46 36 55 26 23 48 32 12 49 29 39 58 11 57 44 17 50 0 2 38 33 3 18 6 13 52 15 30 56 27 4 19 16 40 34 25 21 28 14 43 9 20 5 45 8 47 24 10 53 31 51 7
25 30 26 14 47 17 41 37 43 44 3 56 53 31 39 34 27 52 42 29 48 22 35 16 13 1 58 36 9 55 20 33 51 46 24 2 40 57 45 21 5 49 7 8 50 19 54 32 38 6 18 0 23 4 10 59 11 15 28 12
58 41 42 54 44 35 37 22 46 36 23 26 55 48 32 11 49 29 39 40 2 57 59 18 50 3 38 12 33 0 17 6 13 5 15 30 56 27 4 19 16 14 34 25 21 28 1 43 9 20 52 45 8 47 24 10 53 31 51 7
25 33 26 56 47 17 41 37 43 4 3 14 36 31 39 34 27 6 22 29 16 42 18 12 13 30 58 53 9 55 40 20 51 46 24 44 1 57 28 21 5 49 7 8 50 19 54 11 38 52 35 0 23 2 10 59 32 15 45 48
3700000273398217077 2048
39 29 4 24 11 31 40 43 51 27 42 22 23 59 20 58 47 30 3 34 41 18 44 8 14 33 50 37 55 19 53 12 46 56 32 48 6 16 49 35 17 45 57 54 38 9 0 52 26 21 28 7 2 13 25 1 5 10 15 36
23 32 21 25 54 45 51 34 6 36 46 50 17 41 42 35 2 27 53 44 10 58 57 26 29 4 38 9 56 43 12 7 14 37 13 20 1 19 55 39 22 49 48 0 8 30 31 15 33 5 24 3 52 16 18 40 59 47 28 11
39 29 4 24 11 31 40 43 51 27 42 22 23 59 20 58 47 52 3 34 41 18 6 8 14 33 50 37 55 19 53 12 46 56 32 48 44 16 49 35 17 45 57 54 38 9 0 30 26 21 28 7 2 13 25 1 5 10 15 36
23 9 21 25 54 45 51 34 6 36 46 50 17 41 42 35 40 27 53 44 10 58 57 26 29 4 38 32 56 43 12 7 14 37 13 20 1 19 55 39 22 49 48 0 8 30 31 15 33 5 24 3 52 16 18 2 59 47 28 11
10752404102551219667 2048
54 41 16 50 47 24 45 39 22 10 30 46 31 52 12 44 35 27 8 49 9 2 37 17 40 14 38 32 0 25 58 56 42 43 15 7 13 59 26 33 4 55 57 1 20 19 48 29 36 53 21 6 11 51 3 18 5 23 28 34
49 14 0 31 21 59 24 29 38 9 39 50 35 48 41 15 37 33 25 34 5 57 58 36 55 19 16 42 56 17 3 46 7 27 28 51 32 10 20 54 45 53 11 40 4 22 26 8 13 1 43 52 23 6 30 44 47 12 18 2
54 41 57 5 33 25 11 42 22 45 49 46 59 17 16 38 37 27 35 44 39 24 14 13 3 12 56 32 23 31 58 2 40 51 43 4 26 34 47 52 15 36 6 19 10 8 48 30 29 53 21 55 50 1 9 20 7 0 28 18
12 14 23 29 37 59 44 18 2 4 27 53 10 48 41 25 8 33 40 5 1 56 58 51 55 54 13 42 57 9 3 46 52 43 39 26 50 7 36 34 15 32 11 31 0 22 47 17 16 21 49 24 28 38 6 19 30 20 35 45
17712583358275991562 2048
29 51 48 52 28 58 34 20 3 49 42 40 35 14 45 33 31 43 27 2 25 56 0 57 37 18 4 38 9 46 50 47 16 55 39 12 22 32 8 26 15 17 7 19 36 5 59 10 13 44 54 11 1 41 6 53 24 23 30 21
52 44 41 46 50 47 59 15 49 30 40 8 1 48 55 12 13 28 29 53 4 19 45 33 56 20 3 16 18 0 25 7 43 36 22 57 58 26 23 42 17 39 11 31 10 27 54 38 34 5 32 37 51 35 6 21 24 2 9 14
29 22 56 59 28 58 49 20 3 34 42 0 40 24 45 27 30 31 33 57 25 55 44 50 9 13 17 38 37 7 19 47 16 54 39 4 51 32 8 35 15 53 48 41 36 5 52 10 18 26 2 12 1 14 6 11 23 43 46 21
56 17 47 22 51 2 54 7 46 52 59 38 31 34 27 44 29 8 14 36 55 16 12 42 1 50 57 30 18 25 40 5 43 20 3 19 58 6 48 13 53 28 9 33 0 35 15 37 11 39 32 24 49 41 26 21 10 45 23 4
