FACTOR_PERMUTATION_V1 12 16 1024 1 3.25
10 0 1 1 1 1 1 1 1 1 1 1 0 0 2 2 2 2 2 2 2 2 2 2 0 0 2 2 2 2 2 2 2 2 2 2
0 10 1 1 1 1 1 1 1 1 1 1 0 0 2 2 2 2 2 2 2 2 2 2 0 0 2 2 2 2 2 2 2 2 2 2
1 1 10 0 1 1 1 1 1 1 1 1 2 2 0 0 2 2 2 2 2 2 2 2 2 2 0 0 2 2 2 2 2 2 2 2
1 1 0 10 1 1 1 1 1 1 1 1 2 2 0 0 2 2 2 2 2 2 2 2 2 2 0 0 2 2 2 2 2 2 2 2
1 1 1 1 10 0 1 1 1 1 1 1 2 2 2 2 0 0 2 2 2 2 2 2 2 2 2 2 0 0 2 2 2 2 2 2
1 1 1 1 0 10 1 1 1 1 1 1 2 2 2 2 0 0 2 2 2 2 2 2 2 2 2 2 0 0 2 2 2 2 2 2
1 1 1 1 1 1 10 0 1 1 1 1 2 2 2 2 2 2 0 0 2 2 2 2 2 2 2 2 2 2 0 0 2 2 2 2
1 1 1 1 1 1 0 10 1 1 1 1 2 2 2 2 2 2 0 0 2 2 2 2 2 2 2 2 2 2 0 0 2 2 2 2
1 1 1 1 1 1 1 1 10 0 1 1 2 2 2 2 2 2 2 2 0 0 2 2 2 2 2 2 2 2 2 2 0 0 2 2
1 1 1 1 1 1 1 1 0 10 1 1 2 2 2 2 2 2 2 2 0 0 2 2 2 2 2 2 2 2 2 2 0 0 2 2
1 1 1 1 1 1 1 1 1 1 10 0 2 2 2 2 2 2 2 2 2 2 0 0 2 2 2 2 2 2 2 2 2 2 0 0
1 1 1 1 1 1 1 1 1 1 0 10 2 2 2 2 2 2 2 2 2 2 0 0 2 2 2 2 2 2 2 2 2 2 0 0
0 0 2 2 2 2 2 2 2 2 2 2 10 0 1 1 1 1 1 1 1 1 1 1 0 0 2 2 2 2 2 2 2 2 2 2
0 0 2 2 2 2 2 2 2 2 2 2 0 10 1 1 1 1 1 1 1 1 1 1 0 0 2 2 2 2 2 2 2 2 2 2
2 2 0 0 2 2 2 2 2 2 2 2 1 1 10 0 1 1 1 1 1 1 1 1 2 2 0 0 2 2 2 2 2 2 2 2
2 2 0 0 2 2 2 2 2 2 2 2 1 1 0 10 1 1 1 1 1 1 1 1 2 2 0 0 2 2 2 2 2 2 2 2
2 2 2 2 0 0 2 2 2 2 2 2 1 1 1 1 10 0 1 1 1 1 1 1 2 2 2 2 0 0 2 2 2 2 2 2
2 2 2 2 0 0 2 2 2 2 2 2 1 1 1 1 0 10 1 1 1 1 1 1 2 2 2 2 0 0 2 2 2 2 2 2
2 2 2 2 2 2 0 0 2 2 2 2 1 1 1 1 1 1 10 0 1 1 1 1 2 2 2 2 2 2 0 0 2 2 2 2
2 2 2 2 2 2 0 0 2 2 2 2 1 1 1 1 1 1 0 10 1 1 1 1 2 2 2 2 2 2 0 0 2 2 2 2
2 2 2 2 2 2 2 2 0 0 2 2 1 1 1 1 1 1 1 1 10 0 1 1 2 2 2 2 2 2 2 2 0 0 2 2
2 2 2 2 2 2 2 2 0 0 2 2 1 1 1 1 1 1 1 1 0 10 1 1 2 2 2 2 2 2 2 2 0 0 2 2
2 2 2 2 2 2 2 2 2 2 0 0 1 1 1 1 1 1 1 1 1 1 10 0 2 2 2 2 2 2 2 2 2 2 0 0
2 2 2 2 2 2 2 2 2 2 0 0 1 1 1 1 1 1 1 1 1 1 0 10 2 2 2 2 2 2 2 2 2 2 0 0
0 0 2 2 2 2 2 2 2 2 2 2 0 0 2 2 2 2 2 2 2 2 2 2 10 0 1 1 1 1 1 1 1 1 1 1
0 0 2 2 2 2 2 2 2 2 2 2 0 0 2 2 2 2 2 2 2 2 2 2 0 10 1 1 1 1 1 1 1 1 1 1
2 2 0 0 2 2 2 2 2 2 2 2 2 2 0 0 2 2 2 2 2 2 2 2 1 1 10 0 1 1 1 1 1 1 1 1
2 2 0 0 2 2 2 2 2 2 2 2 2 2 0 0 2 2 2 2 2 2 2 2 1 1 0 10 1 1 1 1 1 1 1 1
2 2 2 2 0 0 2 2 2 2 2 2 2 2 2 2 0 0 2 2 2 2 2 2 1 1 1 1 10 0 1 1 1 1 1 1
2 2 2 2 0 0 2 2 2 2 2 2 2 2 2 2 0 0 2 2 2 2 2 2 1 1 1 1 0 10 1 1 1 1 1 1
2 2 2 2 2 2 0 0 2 2 2 2 2 2 2 2 2 2 0 0 2 2 2 2 1 1 1 1 1 1 10 0 1 1 1 1
2 2 2 2 2 2 0 0 2 2 2 2 2 2 2 2 2 2 0 0 2 2 2 2 1 1 1 1 1 1 0 10 1 1 1 1
2 2 2 2 2 2 2 2 0 0 2 2 2 2 2 2 2 2 2 2 0 0 2 2 1 1 1 1 1 1 1 1 10 0 1 1
2 2 2 2 2 2 2 2 0 0 2 2 2 2 2 2 2 2 2 2 0 0 2 2 1 1 1 1 1 1 1 1 0 10 1 1
2 2 2 2 2 2 2 2 2 2 0 0 2 2 2 2 2 2 2 2 2 2 0 0 1 1 1 1 1 1 1 1 1 1 10 0
2 2 2 2 2 2 2 2 2 2 0 0 2 2 2 2 2 2 2 2 2 2 0 0 1 1 1 1 1 1 1 1 1 1 0 10
0 2
0 3
0 4
0 5
0 6
0 7
0 8
0 9
0 10
0 11
1 2
1 3
1 4
1 5
1 6
1 7
1 8
1 9
1 10
1 11
2 4
2 5
2 6
2 7
2 8
2 9
2 10
2 11
3 4
3 5
3 6
3 7
3 8
3 9
3 10
3 11
4 6
4 7
4 8
4 9
4 10
4 11
5 6
5 7
5 8
5 9
5 10
5 11
6 8
6 9
6 10
6 11
7 8
7 9
7 10
7 11
8 10
8 11
9 10
9 11
0 2
0 3
0 4
0 5
0 6
0 7
0 8
0 9
0 10
0 11
1 2
1 3
1 4
1 5
1 6
1 7
1 8
1 9
1 10
1 11
2 4
2 5
2 6
2 7
2 8
2 9
2 10
2 11
3 4
3 5
3 6
3 7
3 8
3 9
3 10
3 11
4 6
4 7
4 8
4 9
4 10
4 11
5 6
5 7
5 8
5 9
5 10
5 11
6 8
6 9
6 10
6 11
7 8
7 9
7 10
7 11
8 10
8 11
9 10
9 11
0 2
0 3
0 4
0 5
0 6
0 7
0 8
0 9
0 10
0 11
1 2
1 3
1 4
1 5
1 6
1 7
1 8
1 9
1 10
1 11
2 4
2 5
2 6
2 7
2 8
2 9
2 10
2 11
3 4
3 5
3 6
3 7
3 8
3 9
3 10
3 11
4 6
4 7
4 8
4 9
4 10
4 11
5 6
5 7
5 8
5 9
5 10
5 11
6 8
6 9
6 10
6 11
7 8
7 9
7 10
7 11
8 10
8 11
9 10
9 11
16347899583575087154 1024
3 51 21 50 38 58 42 54 46 41 18 40 8 14 57 11 44 39 59 22 16 56 55 7 20 48 49 37 6 45 10 35 23 15 43 4 25 30 9 13 27 31 33 26 5 53 52 28 34 32 0 19 24 12 36 47 1 17 2 29
58 47 28 32 46 24 22 9 14 38 44 45 30 40 26 57 15 37 31 17 19 48 5 43 50 20 1 49 2 51 55 12 29 39 56 10 16 59 23 35 6 8 3 13 27 18 25 11 33 42 41 36 4 34 53 7 52 0 21 54
3 51 25 48 38 58 31 54 46 41 23 34 8 14 57 37 44 13 59 22 16 56 55 7 20 50 49 11 6 45 10 35 18 15 42 4 21 30 47 43 52 39 33 26 5 53 27 28 40 19 0 32 24 12 36 9 1 17 2 29
58 47 28 32 46 24 22 0 14 52 44 45 31 56 42 9 18 20 30 39 19 54 5 43 50 37 6 49 48 51 57 12 29 17 40 10 16 59 23 35 3 4 8 13 27 15 7 11 25 26 36 41 2 34 53 33 38 55 21 1
10354465689702357704 1024
48 33 54 30 14 41 5 58 32 46 15 37 52 40 45 47 36 57 42 4 29 31 0 6 9 39 49 18 53 55 59 2 26 11 50 44 17 20 24 28 19 51 56 7 35 22 27 16 43 8 3 25 13 23 38 34 10 12 1 21
46 44 21 59 28 40 27 15 36 50 39 7 47 32 41 25 54 4 57 31 16 9 58 14 3 26 37 48 11 51 56 55 12 23 0 5 8 1 22 18 49 17 53 35 52 6 43 20 34 29 24 10 19 38 13 2 33 42 45 30
48 33 54 30 14 41 5 58 32 46 15 37 52 40 45 47 36 57 42 4 29 31 0 6 9 39 49 18 53 55 59 2 26 11 50 44 17 20 24 28 19 51 56 7 35 22 27 16 43 8 3 25 13 23 38 34 10 12 1 21
46 44 21 59 28 40 27 15 36 50 39 7 47 32 41 25 54 4 57 31 16 9 58 14 3 26 37 48 11 51 56 55 12 23 0 5 8 1 22 18 49 17 53 35 52 6 43 20 34 29 24 10 19 38 13 2 33 42 45 30
8735392532882298916 1024
39 7 47 11 32 46 31 24 36 41 56 42 52 59 50 14 28 21 25 12 22 27 44 55 9 49 2 17 57 30 19 23 40 37 13 45 20 38 4 34 53 1 33 10 43 5 54 3 26 51 8 58 0 29 6 48 35 15 16 18
26 44 55 38 58 59 3 41 56 21 43 4 24 32 20 46 51 18 50 19 13 53 22 57 10 8 49 2 39 9 45 16 48 7 54 34 1 35 31 15 27 36 29 5 40 33 0 52 37 47 28 17 42 11 23 6 12 25 30 14
39 30 47 55 32 8 43 52 22 0 6 42 24 41 40 14 28 29 20 17 36 58 9 10 44 51 54 31 57 50 19 23 12 37 13 45 25 38 4 34 53 1 27 11 49 5 2 56 7 18 46 21 26 33 3 48 35 15 16 59
18 44 22 31 58 24 41 57 42 43 21 10 38 16 40 33 55 30 5 52 59 53 12 34 6 8 48 2 3 9 37 19 50 7 54 29 4 23 11 15 26 49 1 27 20 46 32 14 47 25 0 17 56 13 35 45 39 51 36 28
1972988062706750785 1024
55 46 30 13 22 39 26 28 1 25 15 49 58 21 45 36 35 6 38 24 56 0 8 19 2 51 7 52 27 48 44 16 5 53 18 41 37 23 59 3 33 14 32 9 40 54 17 4 57 34 47 12 42 11 20 29 43 31 10 50
12 5 4 49 38 56 44 22 33 46 50 13 28 51 58 27 52 0 1 31 19 42 23 3 17 45 36 7 39 8 29 57 55 34 59 48 26 9 30 54 15 24 47 10 25 16 20 35 37 14 6 11 18 41 32 53 21 40 43 2
55 46 30 13 22 39 26 28 1 25 15 49 58 21 45 36 35 6 38 24 56 0 8 19 2 51 7 52 27 48 44 16 5 53 18 41 37 23 59 3 33 14 32 9 40 54 17 4 57 34 47 12 42 11 20 29 43 31 10 50
12 5 4 49 38 56 44 22 33 46 50 13 28 51 58 27 52 0 1 31 19 42 23 3 17 45 36 7 39 8 29 57 55 34 59 48 26 9 30 54 15 24 47 10 25 16 20 35 37 14 6 11 18 41 32 53 21 40 43 2
12517518291439237031 1024
30 48 42 57 27 34 39 3 26 52 46 18 25 59 47 41 23 0 22 38 51 12 5 53 6 35 44 21 15 56 40 24 32 55 9 49 16 8 33 45 7 11 29 19 54 2 31 4 1 50 17 58 13 37 43 20 28 10 36 14
53 51 26 22 45 41 8 59 48 10 55 29 34 23 17 32 9 47 36 58 3 50 16 52 40 39 1 15 49 25 57 46 42 6 5 12 7 54 19 4 38 24 56 35 13 31 43 33 27 0 30 2 44 18 20 14 11 37 21 28
30 45 42 57 27 32 46 3 26 52 53 18 25 59 47 41 28 1 22 20 51 12 5 39 7 34 44 21 15 2 40 24 35 55 9 49 16 8 33 48 6 11 29 14 54 56 31 4 0 50 17 58 13 23 43 38 37 10 36 19
53 51 26 22 46 41 8 59 48 0 55 29 34 23 17 32 9 47 36 58 3 50 16 52 40 39 1 15 49 25 57 45 42 6 5 12 7 54 19 4 38 24 56 35 13 31 43 33 27 10 30 2 44 18 20 14 11 37 21 28
622872511868296220 1024
36 44 24 59 47 0 18 1 58 53 49 31 51 10 20 8 46 11 22 52 54 13 16 57 42 4 56 37 27 5 17 45 19 50 12 9 3 39 2 15 48 33 40 23 30 14 55 6 34 26 28 21 41 29 32 35 25 43 7 38
32 50 47 4 25 59 51 15 27 28 58 46 37 49 33 34 52 26 22 0 39 11 21 13 8 57 16 55 35 53 38 41 14 3 5 45 23 10 30 31 42 7 9 18 40 44 24 36 19 2 17 56 20 48 1 6 43 12 29 54
36 56 24 59 47 0 18 1 44 37 45 31 51 10 32 16 46 43 7 20 54 19 8 57 2 4 52 11 27 5 14 49 13 50 12 9 58 39 42 15 48 33 38 23 30 17 55 6 34 26 28 21 41 29 40 35 25 53 22 3
18 40 52 4 25 41 23 53 57 11 28 46 37 49 1 33 5 26 22 42 45 16 39 13 32 27 36 55 35 15 38 59 58 3 51 44 48 10 30 31 21 7 9 8 50 47 24 0 19 2 17 56 20 54 29 6 43 12 34 14
3213047712597686274 1024
40 50 23 57 31 8 28 10 7 52 3 35 56 11 58 44 27 59 22 20 43 6 12 41 1 30 49 25 54 47 16 17 5 48 45 2 4 33 34 32 9 36 39 26 53 51 15 42 21 37 38 29 19 55 13 24 46 14 0 18
5 44 26 31 47 35 49 10 36 12 15 7 53 57 22 8 40 13 19 48 51 21 56 11 46 41 16 4 37 14 17 9 43 50 58 52 29 32 42 18 24 1 0 39 27 33 38 54 6 28 59 2 20 34 23 45 30 55 3 25
33 50 27 57 31 54 48 51 17 29 12 43 56 11 58 44 55 35 22 37 49 8 47 46 2 19 52 20 0 34 6 59 10 3 42 14 24 28 53 23 1 36 39 4 30 5 15 16 26 38 21 7 13 25 40 9 41 45 32 18
5 44 51 31 13 34 26 17 36 12 15 20 53 54 35 49 2 30 47 48 57 22 6 11 46 41 39 40 37 14 32 16 59 8 7 25 4 58 0 18 24 1 42 9 28 33 38 19 56 27 43 29 50 21 52 45 10 55 3 23
908343540621843840 1024
39 19 25 32 7 50 46 55 41 56 51 31 23 30 13 38 5 40 49 15 4 12 37 9 22 44 3 53 8 27 45 52 36 29 6 18 48 11 34 1 42 16 33 26 57 58 54 14 43 21 35 24 47 2 17 59 28 0 10 20
36 58 43 29 42 46 24 14 53 0 25 12 44 32 34 39 8 51 13 23 56 4 17 2 47 54 49 16 45 6 27 40 10 55 41 21 9 57 15 26 18 1 7 19 30 37 52 22 59 11 28 38 48 35 31 33 3 5 20 50
56 12 25 32 35 58 46 23 0 39 10 36 55 30 21 54 53 27 38 29 59 19 50 3 42 1 2 37 8 9 7 52 34 44 43 49 48 11 16 51 31 45 33 20 40 5 26 14 47 13 17 24 41 57 18 6 4 28 15 22
36 53 47 55 48 26 24 14 59 33 57 44 25 28 54 41 29 43 18 23 38 45 17 32 50 21 49 16 30 4 27 12 39 7 46 37 9 40 15 10 34 5 13 19 31 56 6 1 8 11 22 2 0 35 3 42 52 51 20 58
11994331013579909424 1024
54 56 9 26 18 29 30 37 48 49 40 39 59 42 55 21 31 50 33 16 28 58 57 51 23 35 7 47 15 12 11 3 25 1 22 44 45 24 14 0 34 41 38 27 4 10 5 43 8 36 20 53 2 17 13 6 46 32 19 52
20 33 23 16 29 58 41 35 43 22 52 46 39 47 32 37 21 42 10 28 19 54 59 34 3 14 48 5 53 57 36 9 50 24 6 13 1 27 38 18 7 30 8 2 55 31 17 49 4 25 45 56 11 12 26 44 51 40 15 0
44 56 51 47 18 29 30 37 16 36 40 39 59 4 55 46 52 50 41 48 3 58 57 9 23 35 7 54 15 12 11 10 25 1 22 53 45 24 14 20 34 33 38 17 13 6 5 21 8 42 0 26 2 27 49 28 43 32 31 19
4 25 38 54 29 58 41 35 42 33 52 46 49 47 32 37 40 18 10 2 19 16 59 30 3 5 50 21 53 57 36 56 51 24 6 13 1 22 23 43 7 34 8 28 27 31 17 39 20 14 45 9 11 12 26 44 48 15 55 0
2583527415244049209 1024
45 21 56 13 48 36 57 34 30 33 38 52 53 22 1 8 51 23 46 44 47 19 58 39 54 7 49 15 5 16 26 18 3 42 59 9 28 6 12 29 17 24 37 43 4 40 35 50 27 41 0 2 11 55 10 25 20 31 32 14
53 49 22 24 28 1 47 31 41 30 52 39 32 55 56 13 42 46 25 8 58 45 3 26 54 36 14 59 9 50 44 37 35 16 2 43 27 57 6 18 11 15 29 48 23 51 38 7 19 10 40 33 34 0 17 21 4 12 5 20
45 29 56 13 48 36 57 34 30 27 38 52 53 22 1 8 51 23 46 44 47 12 58 39 54 7 49 15 5 16 26 18 3 42 59 9 28 6 19 21 17 24 37 43 4 40 35 50 33 41 0 2 11 55 10 25 20 31 32 14
53 49 22 24 28 1 47 18 41 30 52 39 32 55 56 29 42 46 25 8 6 45 3 40 13 36 14 59 9 50 38 37 11 16 2 43 27 57 58 31 35 15 54 48 23 51 44 7 19 10 26 33 34 0 17 21 4 12 5 20
17039746299758728138 1024
50 47 27 1 44 17 23 38 29 57 55 40 15 56 28 21 45 3 36 22 48 30 13 31 2 37 0 24 59 42 25 6 9 19 52 11 8 46 34 32 33 14 41 4 12 26 53 39 16 10 18 49 54 7 20 58 35 43 51 5
49 30 44 39 27 20 56 53 48 35 40 24 59 42 36 10 41 22 7 37 13 19 58 17 55 21 15 4 26 5 8 47 43 51 28 6 33 9 31 2 18 25 0 32 34 1 23 14 46 12 52 57 16 54 38 29 45 3 11 50
50 47 27 1 0 17 23 38 29 57 55 40 15 56 28 33 45 3 36 22 48 30 13 31 2 37 44 24 59 42 25 6 9 19 52 11 8 46 7 32 21 14 41 4 12 26 53 39 16 10 18 49 54 34 20 58 35 43 51 5
49 30 44 39 27 20 35 5 48 56 40 24 59 42 36 10 57 22 7 37 13 19 17 58 55 21 15 4 26 53 8 47 43 51 28 6 33 9 31 2 18 25 0 32 34 1 23 14 46 12 52 41 16 54 38 29 45 3 11 50
2170169122901682860 1024
56 34 54 58 20 37 5 33 35 21 43 7 31 22 44 36 25 38 46 11 12 48 1 24 15 57 4 27 2 23 13 18 55 14 41 39 29 45 51 8 17 16 50 19 40 3 0 52 28 30 10 59 47 26 32 6 9 49 53 42
45 57 10 31 41 34 25 22 42 5 47 23 2 39 9 24 54 29 48 28 53 18 56 14 6 36 16 52 55 58 26 12 46 51 7 15 50 1 35 30 44 49 32 21 4 19 33 27 17 43 0 13 11 59 37 3 20 38 40 8
56 7 57 11 24 37 40 19 22 45 43 34 31 35 10 51 25 38 46 16 1 48 12 20 15 8 50 27 2 42 21 18 55 52 41 39 26 49 36 23 17 54 4 58 30 3 53 5 28 59 44 33 47 13 32 6 9 29 0 14
45 57 15 42 41 28 10 22 29 55 25 32 47 39 9 24 37 31 48 34 50 18 56 14 52 36 19 44 23 54 53 16 46 12 7 8 6 1 35 27 58 49 33 21 4 0 30 3 17 43 26 13 11 59 5 51 20 38 40 2
11417024403739793850 1024
20 34 3 31 55 38 49 8 33 41 54 26 51 48 29 21 5 28 11 36 44 27 53 19 50 43 12 6 10 57 45 32 2 42 37 7 18 25 0 14 39 52 16 17 58 40 1 22 9 56 46 30 59 35 4 13 24 15 23 47
58 33 26 31 42 22 1 20 47 19 4 38 32 25 41 45 27 54 48 49 16 3 40 15 37 30 24 57 35 52 43 55 50 9 7 44 53 10 6 21 5 2 56 34 51 36 17 18 11 13 8 46 0 39 28 59 29 23 12 14
36 58 52 16 11 32 49 8 21 43 54 48 51 39 29 0 5 38 40 45 44 27 7 19 31 47 12 6 10 57 59 17 2 42 37 26 18 25 15 14 22 50 46 28 34 55 1 53 13 56 9 20 41 35 4 3 24 33 23 30
58 41 10 20 42 3 5 43 55 6 35 40 45 25 26 8 46 54 48 36 16 22 13 50 37 30 31 59 56 52 11 47 14 9 7 44 33 49 27 21 28 2 53 34 51 1 15 18 19 4 38 57 0 39 24 32 29 23 17 12
4574476388265584957 1024
55 12 7 31 6 1 47 26 18 49 45 52 23 20 58 39 27 3 48 30 50 44 59 8 14 33 54 37 13 4 0 41 46 57 32 17 16 40 10 36 29 34 15 35 56 51 22 9 38 42 28 24 11 19 25 21 5 2 53 43
42 33 45 28 20 44 50 41 23 22 12 19 40 48 21 35 54 27 53 38 57 56 2 17 29 4 1 10 59 58 55 46 14 37 13 43 32 6 26 15 0 34 47 25 49 30 39 5 9 7 18 3 51 16 11 36 24 31 8 52
20 49 7 31 56 10 29 26 53 12 37 52 32 54 42 39 27 43 25 30 57 3 59 8 14 38 48 34 23 15 0 44 46 36 58 35 18 40 50 21 55 45 33 41 24 51 19 17 2 47 28 6 11 9 16 22 5 4 1 13
53 9 50 16 20 44 45 41 33 22 19 58 59 21 48 40 54 28 42 38 29 56 2 17 57 47 43 36 32 46 55 12 11 35 23 13 49 6 26 15 0 27 31 34 10 30 39 14 1 7 18 3 51 25 5 4 24 37 8 52
876569748977997341 1024
54 41 47 5 26 45 11 42 15 25 53 49 0 46 16 38 37 27 33 44 7 24 14 13 29 12 56 35 23 51 58 2 40 31 43 17 32 34 57 52 39 55 6 19 10 8 48 30 3 59 21 9 50 1 36 22 4 20 28 18
12 36 54 39 29 59 44 20 21 4 22 37 43 48 41 25 8 16 40 1 3 56 58 34 55 27 5 42 57 9 47 50 35 18 52 26 6 7 14 51 15 33 11 31 0 23 13 17 10 2 49 24 28 46 38 19 30 53 32 45
54 41 50 5 26 45 11 42 23 25 53 49 0 46 16 38 37 27 33 44 7 24 14 13 29 12 56 35 15 51 58 2 40 31 43 17 32 34 57 52 39 55 6 19 10 8 48 30 3 59 21 9 47 1 36 22 4 20 28 18
12 36 54 39 29 27 44 26 21 4 22 37 43 48 41 25 8 16 40 1 11 56 58 34 55 59 5 42 6 9 47 50 35 18 52 20 57 7 14 51 15 33 3 31 0 23 13 17 10 2 49 24 28 46 38 19 30 53 32 45
6341244625493201056 1024
29 26 19 59 58 3 49 28 56 52 42 37 40 24 45 27 34 31 33 57 44 15 54 50 9 41 17 20 53 7 16 47 48 0 39 5 22 25 13 35 30 8 32 38 2 46 55 10 18 43 36 12 1 14 6 11 23 51 4 21
59 39 24 38 14 29 26 56 42 12 10 49 53 46 31 57 20 43 36 47 55 11 16 44 37 50 3 30 9 27 40 6 2 15 19 52 21 7 48 13 34 28 5 23 0 35 1 33 22 18 32 8 51 41 25 58 54 45 17 4
29 26 19 59 58 3 49 28 56 52 42 37 40 24 45 27 34 31 33 57 44 15 54 50 9 41 17 20 53 7 16 47 48 0 39 5 22 25 13 35 30 8 32 38 2 46 55 10 18 43 36 12 1 14 6 11 23 51 4 21
59 39 24 38 14 29 26 56 42 12 10 49 53 46 31 57 20 43 36 47 55 11 16 44 37 50 3 30 9 27 40 6 2 15 19 52 21 7 48 13 34 28 5 23 0 35 1 33 22 18 32 8 51 41 25 58 54 45 17 4
