FACTOR_PERMUTATION_V1 12 16 1024 1 3.25
10 0 1 1 1 1 1 1 1 1 1 1 0 0 2 2 2 2 2 2 2 2 2 2 0 0 2 2 2 2 2 2 2 2 2 2
0 10 1 1 1 1 1 1 1 1 1 1 0 0 2 2 2 2 2 2 2 2 2 2 0 0 2 2 2 2 2 2 2 2 2 2
1 1 10 0 1 1 1 1 1 1 1 1 2 2 0 0 2 2 2 2 2 2 2 2 2 2 0 0 2 2 2 2 2 2 2 2
1 1 0 10 1 1 1 1 1 1 1 1 2 2 0 0 2 2 2 2 2 2 2 2 2 2 0 0 2 2 2 2 2 2 2 2
1 1 1 1 10 0 1 1 1 1 1 1 2 2 2 2 0 0 2 2 2 2 2 2 2 2 2 2 0 0 2 2 2 2 2 2
1 1 1 1 0 10 1 1 1 1 1 1 2 2 2 2 0 0 2 2 2 2 2 2 2 2 2 2 0 0 2 2 2 2 2 2
1 1 1 1 1 1 10 0 1 1 1 1 2 2 2 2 2 2 0 0 2 2 2 2 2 2 2 2 2 2 0 0 2 2 2 2
1 1 1 1 1 1 0 10 1 1 1 1 2 2 2 2 2 2 0 0 2 2 2 2 2 2 2 2 2 2 0 0 2 2 2 2
1 1 1 1 1 1 1 1 10 0 1 1 2 2 2 2 2 2 2 2 0 0 2 2 2 2 2 2 2 2 2 2 0 0 2 2
1 1 1 1 1 1 1 1 0 10 1 1 2 2 2 2 2 2 2 2 0 0 2 2 2 2 2 2 2 2 2 2 0 0 2 2
1 1 1 1 1 1 1 1 1 1 10 0 2 2 2 2 2 2 2 2 2 2 0 0 2 2 2 2 2 2 2 2 2 2 0 0
1 1 1 1 1 1 1 1 1 1 0 10 2 2 2 2 2 2 2 2 2 2 0 0 2 2 2 2 2 2 2 2 2 2 0 0
0 0 2 2 2 2 2 2 2 2 2 2 10 0 1 1 1 1 1 1 1 1 1 1 0 0 2 2 2 2 2 2 2 2 2 2
0 0 2 2 2 2 2 2 2 2 2 2 0 10 1 1 1 1 1 1 1 1 1 1 0 0 2 2 2 2 2 2 2 2 2 2
2 2 0 0 2 2 2 2 2 2 2 2 1 1 10 0 1 1 1 1 1 1 1 1 2 2 0 0 2 2 2 2 2 2 2 2
2 2 0 0 2 2 2 2 2 2 2 2 1 1 0 10 1 1 1 1 1 1 1 1 2 2 0 0 2 2 2 2 2 2 2 2
2 2 2 2 0 0 2 2 2 2 2 2 1 1 1 1 10 0 1 1 1 1 1 1 2 2 2 2 0 0 2 2 2 2 2 2
2 2 2 2 0 0 2 2 2 2 2 2 1 1 1 1 0 10 1 1 1 1 1 1 2 2 2 2 0 0 2 2 2 2 2 2
2 2 2 2 2 2 0 0 2 2 2 2 1 1 1 1 1 1 10 0 1 1 1 1 2 2 2 2 2 2 0 0 2 2 2 2
2 2 2 2 2 2 0 0 2 2 2 2 1 1 1 1 1 1 0 10 1 1 1 1 2 2 2 2 2 2 0 0 2 2 2 2
2 2 2 2 2 2 2 2 0 0 2 2 1 1 1 1 1 1 1 1 10 0 1 1 2 2 2 2 2 2 2 2 0 0 2 2
2 2 2 2 2 2 2 2 0 0 2 2 1 1 1 1 1 1 1 1 0 10 1 1 2 2 2 2 2 2 2 2 0 0 2 2
2 2 2 2 2 2 2 2 2 2 0 0 1 1 1 1 1 1 1 1 1 1 10 0 2 2 2 2 2 2 2 2 2 2 0 0
2 2 2 2 2 2 2 2 2 2 0 0 1 1 1 1 1 1 1 1 1 1 0 10 2 2 2 2 2 2 2 2 2 2 0 0
0 0 2 2 2 2 2 2 2 2 2 2 0 0 2 2 2 2 2 2 2 2 2 2 10 0 1 1 1 1 1 1 1 1 1 1
0 0 2 2 2 2 2 2 2 2 2 2 0 0 2 2 2 2 2 2 2 2 2 2 0 10 1 1 1 1 1 1 1 1 1 1
2 2 0 0 2 2 2 2 2 2 2 2 2 2 0 0 2 2 2 2 2 2 2 2 1 1 10 0 1 1 1 1 1 1 1 1
2 2 0 0 2 2 2 2 2 2 2 2 2 2 0 0 2 2 2 2 2 2 2 2 1 1 0 10 1 1 1 1 1 1 1 1
2 2 2 2 0 0 2 2 2 2 2 2 2 2 2 2 0 0 2 2 2 2 2 2 1 1 1 1 10 0 1 1 1 1 1 1
2 2 2 2 0 0 2 2 2 2 2 2 2 2 2 2 0 0 2 2 2 2 2 2 1 1 1 1 0 10 1 1 1 1 1 1
2 2 2 2 2 2 0 0 2 2 2 2 2 2 2 2 2 2 0 0 2 2 2 2 1 1 1 1 1 1 10 0 1 1 1 1
2 2 2 2 2 2 0 0 2 2 2 2 2 2 2 2 2 2 0 0 2 2 2 2 1 1 1 1 1 1 0 10 1 1 1 1
2 2 2 2 2 2 2 2 0 0 2 2 2 2 2 2 2 2 2 2 0 0 2 2 1 1 1 1 1 1 1 1 10 0 1 1
2 2 2 2 2 2 2 2 0 0 2 2 2 2 2 2 2 2 2 2 0 0 2 2 1 1 1 1 1 1 1 1 0 10 1 1
2 2 2 2 2 2 2 2 2 2 0 0 2 2 2 2 2 2 2 2 2 2 0 0 1 1 1 1 1 1 1 1 1 1 10 0
2 2 2 2 2 2 2 2 2 2 0 0 2 2 2 2 2 2 2 2 2 2 0 0 1 1 1 1 1 1 1 1 1 1 0 10
0 2
0 3
0 4
0 5
0 6
0 7
0 8
0 9
0 10
0 11
1 2
1 3
1 4
1 5
1 6
1 7
1 8
1 9
1 10
1 11
2 4
2 5
2 6
2 7
2 8
2 9
2 10
2 11
3 4
3 5
3 6
3 7
3 8
3 9
3 10
3 11
4 6
4 7
4 8
4 9
4 10
4 11
5 6
5 7
5 8
5 9
5 10
5 11
6 8
6 9
6 10
6 11
7 8
7 9
7 10
7 11
8 10
8 11
9 10
9 11
0 2
0 3
0 4
0 5
0 6
0 7
0 8
0 9
0 10
0 11
1 2
1 3
1 4
1 5
1 6
1 7
1 8
1 9
1 10
1 11
2 4
2 5
2 6
2 7
2 8
2 9
2 10
2 11
3 4
3 5
3 6
3 7
3 8
3 9
3 10
3 11
4 6
4 7
4 8
4 9
4 10
4 11
5 6
5 7
5 8
5 9
5 10
5 11
6 8
6 9
6 10
6 11
7 8
7 9
7 10
7 11
8 10
8 11
9 10
9 11
0 2
0 3
0 4
0 5
0 6
0 7
0 8
0 9
0 10
0 11
1 2
1 3
1 4
1 5
1 6
1 7
1 8
1 9
1 10
1 11
2 4
2 5
2 6
2 7
2 8
2 9
2 10
2 11
3 4
3 5
3 6
3 7
3 8
3 9
3 10
3 11
4 6
4 7
4 8
4 9
4 10
4 11
5 6
5 7
5 8
5 9
5 10
5 11
6 8
6 9
6 10
6 11
7 8
7 9
7 10
7 11
8 10
8 11
9 10
9 11
14115930288004664576 7168
37 41 56 32 7 27 10 42 33 49 44 48 23 57 40 26 53 47 5 17 51 13 36 9 19 6 25 46 34 43 59 45 50 55 30 8 11 16 4 39 12 24 22 14 58 18 0 52 31 20 38 28 2 54 15 1 29 21 3 35
7 48 29 45 20 44 58 54 43 24 52 41 28 25 32 11 46 14 22 38 0 30 39 53 42 56 36 17 37 16 2 59 55 3 13 49 57 50 34 19 33 4 26 6 8 27 5 35 18 31 10 9 47 40 12 1 51 23 21 15
34 37 50 30 46 24 27 58 35 43 54 48 59 52 41 11 9 23 53 20 5 17 4 3 13 38 49 57 19 55 16 7 40 51 36 32 26 25 33 2 44 15 28 14 42 0 18 1 12 29 6 39 8 21 56 47 45 22 10 31
43 17 33 41 10 50 47 23 52 32 57 27 49 3 53 25 34 20 18 37 26 36 44 59 55 14 2 15 56 45 28 13 12 38 48 42 6 19 35 31 0 54 58 16 11 51 30 24 22 8 21 29 40 46 1 4 5 39 7 9
14744627922200106019 7168
50 6 3 52 26 34 37 30 27 13 43 40 12 46 57 2 24 23 49 53 56 55 11 58 54 7 1 4 59 18 45 44 29 42 41 9 48 22 14 5 8 31 35 38 33 51 16 21 19 28 39 25 17 15 10 32 0 20 47 36
19 51 27 31 44 23 59 36 52 49 22 53 34 6 40 12 29 58 21 37 3 7 48 20 13 18 2 56 14 26 39 8 57 5 43 33 17 32 15 45 30 16 35 10 50 24 42 54 55 0 9 47 1 41 38 46 25 4 11 28
38 48 34 54 29 25 14 33 40 6 42 59 27 30 50 10 53 2 57 39 9 58 44 13 18 35 23 36 52 37 55 17 1 46 19 4 7 16 41 22 31 15 26 3 32 51 0 45 47 12 5 56 49 8 28 43 21 20 24 11
56 43 54 28 58 38 41 48 0 49 20 50 51 33 2 46 21 55 12 37 35 15 47 30 42 13 40 7 57 17 6 59 36 18 44 32 26 22 10 5 39 31 19 52 8 24 23 4 25 34 45 27 11 3 9 16 1 53 14 29
8405814931855615392 7168
43 39 57 34 20 26 46 22 12 49 6 31 59 24 16 45 15 55 25 32 7 11 58 41 50 8 52 44 54 53 18 29 0 47 42 2 35 27 30 37 21 14 19 38 36 51 48 5 23 1 33 3 9 56 40 17 13 28 4 10
33 27 0 31 52 43 22 18 2 29 35 13 55 54 21 50 56 25 39 17 57 46 12 58 3 37 47 28 20 6 49 7 36 34 5 53 40 48 19 51 11 16 30 9 26 41 14 4 59 45 24 8 10 1 44 23 15 42 38 32
17 24 4 38 29 27 2 54 43 47 41 33 55 30 26 34 49 37 13 3 56 5 51 6 42 36 19 58 7 57 59 28 40 46 20 15 12 14 11 8 25 22 0 32 35 50 53 31 1 21 52 48 18 10 45 39 16 23 9 44
54 46 29 57 27 14 34 7 33 2 53 36 24 58 47 6 28 26 43 22 4 51 19 40 18 44 45 37 16 31 3 59 12 30 23 49 48 9 55 15 17 38 8 11 5 10 20 52 39 35 32 50 25 41 56 1 21 13 42 0
11586458071891002398 7168
34 55 23 40 11 39 25 42 43 52 41 38 13 8 44 33 14 5 31 24 46 35 53 45 50 20 2 4 59 15 12 56 47 29 3 7 54 9 1 30 16 22 36 21 57 18 49 17 0 51 58 32 26 27 48 37 6 19 10 28
5 46 57 24 49 11 15 27 29 20 14 31 16 51 44 47 34 33 10 6 30 45 18 26 13 40 52 38 25 56 19 41 23 4 7 42 0 48 54 8 36 59 28 58 22 37 1 53 39 55 43 32 17 2 3 9 12 35 21 50
55 46 30 13 22 16 26 28 4 25 19 36 58 21 7 51 35 38 43 24 56 53 8 15 2 49 45 52 27 48 44 39 5 0 18 12 37 23 59 3 32 14 33 9 40 54 17 1 57 34 47 41 42 11 20 29 6 31 10 50
31 57 7 51 38 22 3 56 33 46 50 13 28 49 58 45 52 27 1 55 32 19 23 44 4 47 36 17 39 8 29 34 41 14 59 5 26 9 30 54 15 24 6 10 25 16 20 35 37 42 0 11 18 12 48 53 21 40 43 2
11649398998630265951 7168
44 55 47 30 34 29 14 42 36 39 48 49 46 58 51 20 5 28 45 21 52 2 27 57 35 15 25 17 8 56 3 38 18 54 41 59 13 7 37 19 23 32 24 10 33 53 4 16 9 12 6 1 0 31 11 40 50 43 26 22
52 42 17 53 13 9 50 38 25 34 46 57 35 4 24 8 45 40 31 49 59 48 6 11 12 54 21 29 43 5 41 56 23 28 7 3 33 20 1 26 15 36 27 39 16 0 19 14 2 37 22 58 47 51 44 10 30 32 18 55
42 31 56 51 41 24 11 22 2 25 45 36 37 52 26 1 4 29 54 48 5 18 15 39 40 9 16 32 14 58 7 44 47 59 55 46 34 10 3 19 30 53 6 35 20 43 0 33 57 50 21 17 49 23 28 12 27 8 13 38
16 40 30 14 25 51 20 27 31 28 26 45 41 34 44 39 32 55 38 23 4 7 57 18 11 56 42 3 59 15 46 9 53 5 47 49 0 54 22 10 58 43 19 29 8 1 36 48 2 12 37 33 35 13 6 52 17 21 50 24
4629561803621785438 7168
15 56 12 27 38 55 35 2 33 49 26 41 50 43 30 39 25 29 48 53 57 59 32 3 5 20 42 46 45 52 58 44 4 9 6 14 7 1 37 22 23 51 0 34 8 18 36 31 13 54 47 10 40 16 17 24 19 21 11 28
24 36 1 7 53 21 28 26 47 38 59 45 43 56 58 35 20 50 17 29 54 14 3 40 41 44 6 30 27 11 18 9 42 55 2 32 57 25 8 19 48 22 33 39 10 31 23 16 13 0 49 37 15 51 34 46 52 4 12 5
15 56 12 27 38 55 35 2 33 49 18 41 50 43 30 39 25 29 48 53 57 59 32 3 5 20 42 46 45 52 58 44 4 9 6 14 7 1 37 22 23 51 0 34 8 26 36 31 13 54 47 10 40 16 17 24 19 21 11 28
24 36 1 7 55 21 28 26 47 38 59 45 43 56 58 35 20 50 17 29 54 14 3 40 41 44 6 30 27 11 18 9 42 53 2 32 57 25 8 19 48 22 33 39 10 31 23 16 13 0 49 37 15 51 34 46 52 4 12 5
659016911339018100 7168
50 47 38 57 37 0 31 33 20 42 40 34 59 29 56 52 27 2 44 36 16 1 32 43 6 53 49 45 51 19 25 46 39 8 15 28 9 7 3 10 4 24 58 41 12 48 55 26 18 21 35 13 54 22 17 11 30 23 14 5
39 59 4 43 27 44 36 15 11 26 47 8 23 50 29 35 37 20 30 38 40 52 19 13 18 7 57 14 17 54 46 5 16 55 45 6 2 34 0 48 42 24 10 53 22 9 1 49 28 41 56 33 25 58 51 12 32 31 21 3
39 15 29 55 28 46 21 57 23 12 5 45 27 48 16 20 41 10 38 32 2 40 54 47 35 44 19 1 34 3 36 11 8 37 13 22 51 24 18 53 58 4 6 33 14 30 31 26 0 9 56 59 25 50 7 52 42 43 49 17
15 47 39 22 56 29 51 37 44 31 35 48 52 54 57 23 34 36 25 14 50 4 53 6 13 21 2 38 41 10 3 58 43 16 49 59 27 8 30 1 0 42 55 17 24 9 32 45 40 7 11 28 19 18 46 20 12 5 33 26
17521001268818670580 7168
45 18 28 36 23 57 31 9 49 25 2 47 56 24 51 33 21 42 43 54 35 15 59 58 8 29 6 48 27 7 5 37 12 39 4 3 17 22 53 16 14 50 13 41 30 34 32 11 40 38 46 1 44 0 20 10 19 55 26 52
7 38 6 1 59 13 50 40 23 44 18 47 43 22 39 57 26 46 32 33 36 35 11 29 52 15 41 56 5 28 42 8 30 58 49 31 51 34 10 55 45 17 14 25 19 48 53 54 37 27 24 3 9 4 16 20 21 0 2 12
38 5 30 1 41 46 21 18 23 25 28 58 43 56 3 57 37 34 4 10 22 9 17 44 36 54 53 16 24 6 45 15 47 51 50 12 8 19 27 39 31 52 59 14 11 26 48 49 20 55 32 35 7 0 40 29 33 2 13 42
31 57 50 45 33 17 54 23 42 20 56 47 28 30 32 13 21 37 49 36 11 22 18 9 41 4 53 46 5 55 14 40 12 8 39 7 25 24 58 19 6 35 0 59 51 3 26 52 27 44 38 43 34 16 48 2 1 15 29 10
10060378670547010222 7168
42 30 54 27 20 12 7 53 57 38 31 39 34 22 55 52 10 51 3 18 26 15 47 2 17 4 56 13 9 16 58 8 29 41 49 0 48 25 59 43 14 32 6 19 46 40 28 33 35 11 36 45 50 44 24 1 5 37 21 23
58 55 41 49 38 14 21 35 32 59 39 54 56 44 17 20 27 29 37 31 5 26 57 34 51 36 13 24 50 28 7 45 46 25 40 16 0 47 23 19 33 9 18 2 1 15 6 42 12 52 3 11 10 30 53 4 48 43 22 8
42 30 54 27 20 12 7 53 57 38 31 39 34 22 55 52 10 51 3 18 26 15 47 2 17 4 56 13 9 16 58 8 29 41 49 0 48 25 59 43 14 32 6 19 46 40 28 33 35 11 36 45 50 44 24 1 5 37 21 23
58 55 41 49 38 14 21 35 32 28 39 54 56 44 17 20 27 29 37 31 5 26 57 34 51 36 13 24 50 59 7 45 46 25 40 16 0 47 23 19 33 9 18 2 1 15 6 42 12 52 3 11 10 30 53 4 48 43 22 8
14718143970356473825 7168
18 38 53 13 26 57 44 27 4 31 7 49 34 58 35 20 48 37 43 42 41 25 45 12 33 36 40 52 29 22 19 28 50 5 39 56 6 8 15 54 51 10 14 21 9 11 24 30 23 46 2 59 32 55 1 17 47 3 16 0
43 20 18 1 17 21 32 38 40 53 13 54 39 57 56 7 42 34 0 27 49 9 4 19 23 6 28 45 50 16 2 51 8 41 14 30 15 22 35 25 3 48 59 58 10 37 31 12 47 46 52 29 44 11 33 24 55 36 26 5
57 21 56 37 48 36 45 29 30 33 39 52 53 22 1 8 51 23 46 44 47 19 58 38 54 7 49 15 17 16 26 18 3 42 59 9 28 6 20 34 5 24 13 43 4 40 35 50 27 41 0 2 11 55 10 25 12 31 32 14
53 49 22 24 28 1 47 31 41 21 52 39 32 55 56 13 42 46 25 8 2 45 3 26 54 36 14 48 9 50 44 37 35 16 58 43 27 57 6 18 11 19 29 59 23 51 38 7 15 10 40 33 34 0 17 30 4 12 5 20
9656749698645028731 7168
18 56 23 38 58 11 42 22 33 7 53 36 39 52 29 8 21 54 17 57 51 4 2 55 41 40 16 31 5 46 59 49 12 19 37 44 48 27 50 15 6 34 35 13 0 14 25 26 32 45 3 10 24 28 20 47 30 1 9 43
33 22 49 26 53 27 6 41 48 54 2 3 19 55 34 16 51 24 20 37 58 32 14 44 23 43 13 9 7 5 47 18 57 31 1 46 0 11 28 50 52 36 35 25 40 30 42 17 45 10 59 38 8 39 56 12 15 21 4 29
46 49 57 33 35 47 2 43 36 52 50 44 30 27 34 24 21 37 59 7 5 23 19 40 51 28 55 38 0 41 31 11 12 45 4 54 22 56 18 58 15 25 8 48 53 9 17 42 6 13 20 16 29 3 32 39 1 10 26 14
59 26 14 43 56 2 33 23 30 38 58 15 10 34 41 21 18 1 52 36 54 49 32 44 12 19 0 5 42 16 45 7 55 51 40 13 6 25 48 11 47 9 39 35 8 3 24 4 27 50 17 28 31 57 46 20 22 53 37 29
8353705111523760391 7168
6 39 15 24 49 50 27 43 55 30 54 29 8 47 23 56 51 36 59 53 41 5 40 17 42 14 16 37 25 18 13 4 48 19 52 57 11 44 58 34 22 26 7 33 31 20 45 3 32 9 35 38 2 46 28 10 0 12 21 1
41 54 52 18 0 59 4 35 3 48 37 5 6 10 47 40 34 58 42 22 50 56 11 29 17 43 20 45 57 49 27 24 13 15 16 30 8 53 55 14 33 21 36 1 7 23 31 46 26 25 38 32 19 44 9 39 28 2 51 12
51 41 55 33 21 6 58 10 35 16 38 29 30 50 7 31 24 43 20 22 12 53 13 25 4 57 15 34 0 49 40 18 11 14 44 39 32 36 46 9 17 5 3 19 56 27 2 52 28 54 45 59 47 26 8 37 1 23 48 42
45 57 10 42 41 31 21 35 37 22 28 53 9 16 27 24 54 29 48 13 23 18 56 58 55 36 39 6 52 33 20 12 46 51 7 15 19 34 50 30 44 49 32 25 4 5 26 47 59 17 2 3 11 43 1 8 14 38 40 0
17378186227214442500 7168
24 6 18 39 58 44 59 21 42 54 28 34 47 48 3 1 12 56 23 40 57 27 43 17 50 9 2 49 53 4 33 55 15 46 14 52 19 36 30 22 31 37 13 25 5 16 29 51 20 41 38 32 8 26 35 7 45 0 11 10
46 37 52 12 23 8 18 57 59 24 43 58 1 22 39 25 27 13 38 34 51 49 16 45 7 17 56 2 40 11 19 10 36 48 29 55 32 44 50 5 47 33 54 35 9 31 53 26 41 0 4 3 15 28 6 42 30 21 20 14
49 2 28 27 21 37 46 36 24 18 40 55 42 57 6 39 25 31 8 33 7 34 43 20 13 9 45 52 41 53 56 19 51 50 17 14 58 16 5 10 48 22 30 54 11 4 15 0 1 59 12 44 38 26 29 3 35 23 32 47
46 52 14 4 40 58 24 35 59 45 54 21 49 44 50 27 48 41 38 31 51 16 47 18 28 42 5 2 7 36 17 12 33 3 22 57 1 29 26 19 15 20 56 11 9 0 32 53 13 34 25 55 30 23 6 39 37 8 43 10
10135835253655401846 7168
46 25 22 30 8 45 42 35 43 28 7 53 48 16 50 41 39 31 47 3 24 57 20 18 52 13 6 49 54 17 29 11 9 14 44 40 38 58 12 5 33 0 34 21 19 51 37 10 59 2 55 32 27 56 4 23 1 15 26 36
16 36 8 19 42 9 20 25 59 53 45 57 33 26 27 49 52 28 2 54 55 37 58 6 4 51 30 12 13 46 5 50 41 39 17 32 35 21 23 40 10 48 7 31 1 44 24 11 14 0 43 47 18 34 56 38 29 22 15 3
44 34 40 8 10 39 24 55 48 42 59 53 22 56 14 27 28 31 45 38 19 32 1 18 25 6 37 3 52 47 13 35 50 12 23 36 41 0 11 49 4 15 5 30 43 51 17 58 54 46 7 33 20 16 29 2 57 9 26 21
26 45 4 37 57 41 34 21 19 53 55 40 2 24 28 58 39 51 14 29 47 50 18 49 13 36 52 32 17 15 9 12 46 54 38 6 33 23 30 0 59 48 7 56 35 42 25 11 3 10 44 20 16 43 1 27 5 22 31 8
6118316594356324227 7168
0 39 33 5 29 25 57 13 40 38 49 59 8 24 20 44 28 31 3 55 41 52 6 46 15 51 23 56 30 4 11 16 54 47 14 26 53 43 42 37 48 21 19 17 22 58 32 36 35 12 27 34 18 9 1 7 2 45 50 10
45 33 5 41 58 46 15 32 31 22 42 10 53 27 28 30 50 47 23 6 16 18 9 26 14 37 39 44 2 48 57 40 12 55 7 43 24 4 25 34 51 17 35 13 1 49 52 19 3 8 36 11 29 59 56 38 21 54 20 0
54 41 57 5 33 25 11 42 22 45 49 46 59 17 16 38 37 27 35 44 39 24 14 13 3 12 56 32 23 31 58 2 40 51 43 4 26 34 47 52 15 36 6 19 10 8 48 30 29 53 21 55 50 1 9 20 7 0 28 18
12 14 23 29 37 59 44 18 2 4 27 53 10 48 41 25 8 33 40 5 1 56 58 51 55 54 13 42 57 9 3 46 52 43 39 26 50 7 36 34 15 32 11 31 0 22 47 17 16 21 49 24 28 38 6 19 30 20 35 45
5317279329636507986 7168
12 19 32 23 0 27 46 9 28 20 3 39 26 18 35 31 38 30 43 37 40 4 21 59 51 11 57 5 53 29 56 49 45 41 48 14 25 6 33 47 36 58 52 50 24 22 7 15 2 17 54 44 34 55 13 16 10 1 8 42
48 39 26 58 9 2 21 43 53 29 27 8 17 38 33 18 41 50 45 59 54 6 15 13 1 51 46 37 4 56 42 5 57 14 28 44 47 32 12 11 7 23 19 25 36 10 30 31 3 40 20 49 55 24 34 52 22 0 16 35
16 42 33 59 37 25 50 31 10 20 56 48 24 1 39 35 36 21 30 43 51 49 46 29 0 28 7 15 54 5 45 12 41 8 58 32 9 14 23 19 52 18 27 26 38 57 22 53 17 55 11 4 47 34 3 44 13 6 40 2
50 38 23 2 32 55 27 46 39 49 17 40 22 51 28 44 36 47 11 33 6 34 4 37 16 19 45 41 7 26 18 48 43 53 14 3 35 58 8 42 57 31 13 56 5 30 15 25 29 20 24 9 59 12 0 10 54 21 1 52
