FACTOR_PERMUTATION_V1 12 16 1024 1 3.25
10 0 1 1 1 1 1 1 1 1 1 1 0 0 2 2 2 2 2 2 2 2 2 2 0 0 2 2 2 2 2 2 2 2 2 2
0 10 1 1 1 1 1 1 1 1 1 1 0 0 2 2 2 2 2 2 2 2 2 2 0 0 2 2 2 2 2 2 2 2 2 2
1 1 10 0 1 1 1 1 1 1 1 1 2 2 0 0 2 2 2 2 2 2 2 2 2 2 0 0 2 2 2 2 2 2 2 2
1 1 0 10 1 1 1 1 1 1 1 1 2 2 0 0 2 2 2 2 2 2 2 2 2 2 0 0 2 2 2 2 2 2 2 2
1 1 1 1 10 0 1 1 1 1 1 1 2 2 2 2 0 0 2 2 2 2 2 2 2 2 2 2 0 0 2 2 2 2 2 2
1 1 1 1 0 10 1 1 1 1 1 1 2 2 2 2 0 0 2 2 2 2 2 2 2 2 2 2 0 0 2 2 2 2 2 2
1 1 1 1 1 1 10 0 1 1 1 1 2 2 2 2 2 2 0 0 2 2 2 2 2 2 2 2 2 2 0 0 2 2 2 2
1 1 1 1 1 1 0 10 1 1 1 1 2 2 2 2 2 2 0 0 2 2 2 2 2 2 2 2 2 2 0 0 2 2 2 2
1 1 1 1 1 1 1 1 10 0 1 1 2 2 2 2 2 2 2 2 0 0 2 2 2 2 2 2 2 2 2 2 0 0 2 2
1 1 1 1 1 1 1 1 0 10 1 1 2 2 2 2 2 2 2 2 0 0 2 2 2 2 2 2 2 2 2 2 0 0 2 2
1 1 1 1 1 1 1 1 1 1 10 0 2 2 2 2 2 2 2 2 2 2 0 0 2 2 2 2 2 2 2 2 2 2 0 0
1 1 1 1 1 1 1 1 1 1 0 10 2 2 2 2 2 2 2 2 2 2 0 0 2 2 2 2 2 2 2 2 2 2 0 0
0 0 2 2 2 2 2 2 2 2 2 2 10 0 1 1 1 1 1 1 1 1 1 1 0 0 2 2 2 2 2 2 2 2 2 2
0 0 2 2 2 2 2 2 2 2 2 2 0 10 1 1 1 1 1 1 1 1 1 1 0 0 2 2 2 2 2 2 2 2 2 2
2 2 0 0 2 2 2 2 2 2 2 2 1 1 10 0 1 1 1 1 1 1 1 1 2 2 0 0 2 2 2 2 2 2 2 2
2 2 0 0 2 2 2 2 2 2 2 2 1 1 0 10 1 1 1 1 1 1 1 1 2 2 0 0 2 2 2 2 2 2 2 2
2 2 2 2 0 0 2 2 2 2 2 2 1 1 1 1 10 0 1 1 1 1 1 1 2 2 2 2 0 0 2 2 2 2 2 2
2 2 2 2 0 0 2 2 2 2 2 2 1 1 1 1 0 10 1 1 1 1 1 1 2 2 2 2 0 0 2 2 2 2 2 2
2 2 2 2 2 2 0 0 2 2 2 2 1 1 1 1 1 1 10 0 1 1 1 1 2 2 2 2 2 2 0 0 2 2 2 2
2 2 2 2 2 2 0 0 2 2 2 2 1 1 1 1 1 1 0 10 1 1 1 1 2 2 2 2 2 2 0 0 2 2 2 2
2 2 2 2 2 2 2 2 0 0 2 2 1 1 1 1 1 1 1 1 10 0 1 1 2 2 2 2 2 2 2 2 0 0 2 2
2 2 2 2 2 2 2 2 0 0 2 2 1 1 1 1 1 1 1 1 0 10 1 1 2 2 2 2 2 2 2 2 0 0 2 2
2 2 2 2 2 2 2 2 2 2 0 0 1 1 1 1 1 1 1 1 1 1 10 0 2 2 2 2 2 2 2 2 2 2 0 0
2 2 2 2 2 2 2 2 2 2 0 0 1 1 1 1 1 1 1 1 1 1 0 10 2 2 2 2 2 2 2 2 2 2 0 0
0 0 2 2 2 2 2 2 2 2 2 2 0 0 2 2 2 2 2 2 2 2 2 2 10 0 1 1 1 1 1 1 1 1 1 1
0 0 2 2 2 2 2 2 2 2 2 2 0 0 2 2 2 2 2 2 2 2 2 2 0 10 1 1 1 1 1 1 1 1 1 1
2 2 0 0 2 2 2 2 2 2 2 2 2 2 0 0 2 2 2 2 2 2 2 2 1 1 10 0 1 1 1 1 1 1 1 1
2 2 0 0 2 2 2 2 2 2 2 2 2 2 0 0 2 2 2 2 2 2 2 2 1 1 0 10 1 1 1 1 1 1 1 1
2 2 2 2 0 0 2 2 2 2 2 2 2 2 2 2 0 0 2 2 2 2 2 2 1 1 1 1 10 0 1 1 1 1 1 1
2 2 2 2 0 0 2 2 2 2 2 2 2 2 2 2 0 0 2 2 2 2 2 2 1 1 1 1 0 10 1 1 1 1 1 1
2 2 2 2 2 2 0 0 2 2 2 2 2 2 2 2 2 2 0 0 2 2 2 2 1 1 1 1 1 1 10 0 1 1 1 1
2 2 2 2 2 2 0 0 2 2 2 2 2 2 2 2 2 2 0 0 2 2 2 2 1 1 1 1 1 1 0 10 1 1 1 1
2 2 2 2 2 2 2 2 0 0 2 2 2 2 2 2 2 2 2 2 0 0 2 2 1 1 1 1 1 1 1 1 10 0 1 1
2 2 2 2 2 2 2 2 0 0 2 2 2 2 2 2 2 2 2 2 0 0 2 2 1 1 1 1 1 1 1 1 0 10 1 1
2 2 2 2 2 2 2 2 2 2 0 0 2 2 2 2 2 2 2 2 2 2 0 0 1 1 1 1 1 1 1 1 1 1 10 0
2 2 2 2 2 2 2 2 2 2 0 0 2 2 2 2 2 2 2 2 2 2 0 0 1 1 1 1 1 1 1 1 1 1 0 10
0 2
0 3
0 4
0 5
0 6
0 7
0 8
0 9
0 10
0 11
1 2
1 3
1 4
1 5
1 6
1 7
1 8
1 9
1 10
1 11
2 4
2 5
2 6
2 7
2 8
2 9
2 10
2 11
3 4
3 5
3 6
3 7
3 8
3 9
3 10
3 11
4 6
4 7
4 8
4 9
4 10
4 11
5 6
5 7
5 8
5 9
5 10
5 11
6 8
6 9
6 10
6 11
7 8
7 9
7 10
7 11
8 10
8 11
9 10
9 11
0 2
0 3
0 4
0 5
0 6
0 7
0 8
0 9
0 10
0 11
1 2
1 3
1 4
1 5
1 6
1 7
1 8
1 9
1 10
1 11
2 4
2 5
2 6
2 7
2 8
2 9
2 10
2 11
3 4
3 5
3 6
3 7
3 8
3 9
3 10
3 11
4 6
4 7
4 8
4 9
4 10
4 11
5 6
5 7
5 8
5 9
5 10
5 11
6 8
6 9
6 10
6 11
7 8
7 9
7 10
7 11
8 10
8 11
9 10
9 11
0 2
0 3
0 4
0 5
0 6
0 7
0 8
0 9
0 10
0 11
1 2
1 3
1 4
1 5
1 6
1 7
1 8
1 9
1 10
1 11
2 4
2 5
2 6
2 7
2 8
2 9
2 10
2 11
3 4
3 5
3 6
3 7
3 8
3 9
3 10
3 11
4 6
4 7
4 8
4 9
4 10
4 11
5 6
5 7
5 8
5 9
5 10
5 11
6 8
6 9
6 10
6 11
7 8
7 9
7 10
7 11
8 10
8 11
9 10
9 11
1435813299650833694 6144
45 36 49 40 15 33 56 18 41 43 54 28 7 57 24 21 51 35 34 52 32 14 44 19 8 55 39 6 37 58 50 42 17 12 30 59 38 26 1 47 0 11 9 13 31 23 16 48 27 10 46 29 2 22 53 20 4 25 3 5
15 45 34 4 24 28 56 29 22 37 43 55 59 10 50 58 2 48 0 21 8 57 9 39 31 14 13 51 6 38 12 42 26 16 18 5 33 23 46 27 52 49 53 32 41 20 54 35 3 40 25 44 47 30 1 17 19 36 7 11
34 37 50 30 46 24 27 58 35 43 54 48 59 52 41 11 9 23 53 20 5 17 4 3 13 38 49 57 19 55 16 7 40 51 36 32 26 25 33 2 44 15 28 14 42 0 18 1 12 29 6 39 8 21 56 47 45 22 10 31
43 17 33 41 10 50 47 23 52 32 57 27 49 3 53 25 34 20 18 37 26 36 44 59 55 14 2 15 56 45 28 13 12 38 48 42 6 19 35 31 0 54 58 16 11 51 30 24 22 8 21 29 40 46 1 4 5 39 7 9
11539117781296610289 6144
50 24 59 52 23 12 18 22 27 33 0 40 21 35 57 31 20 46 42 53 47 2 10 44 34 36 48 43 39 54 1 9 13 3 11 25 29 6 32 37 51 41 58 26 49 14 16 45 19 55 7 38 30 56 28 15 5 4 17 8
12 30 0 53 39 31 58 47 52 38 48 6 15 7 37 26 27 50 21 45 25 56 8 59 42 5 40 9 14 44 41 18 36 19 32 43 57 10 54 35 33 28 11 23 34 24 51 4 13 22 20 29 3 2 17 16 1 49 46 55
38 48 34 54 29 25 14 33 40 6 42 59 27 30 50 10 53 2 57 39 9 58 44 13 18 35 23 36 52 37 55 17 1 46 19 4 7 16 41 22 31 15 26 3 32 51 0 45 47 12 5 56 49 8 28 43 21 20 24 11
56 43 54 28 58 38 41 48 0 49 20 50 51 33 2 46 21 55 12 37 35 15 47 30 42 13 40 7 57 17 6 59 36 18 44 32 26 22 10 5 39 31 19 52 8 24 23 4 25 34 45 27 11 3 9 16 1 53 14 29
11590151399517110866 6144
55 34 49 23 45 28 46 13 4 19 56 47 35 39 31 44 20 58 14 25 30 27 52 9 11 3 10 43 7 54 18 38 37 29 42 8 24 57 0 53 40 48 26 16 1 51 5 33 12 41 21 15 22 50 2 17 59 32 6 36
56 43 1 34 47 40 32 14 2 53 51 0 52 8 33 30 23 54 28 41 57 4 12 58 3 37 55 48 31 13 49 9 24 18 45 38 46 20 50 27 7 17 36 6 59 39 10 26 15 16 25 5 19 21 44 22 11 42 29 35
17 24 4 38 29 27 2 54 43 47 41 33 55 30 26 34 49 37 13 3 56 5 51 6 42 36 19 58 7 57 59 28 40 46 20 15 12 14 11 8 25 22 0 32 35 50 53 31 1 21 52 48 18 10 45 39 16 23 9 44
54 46 29 57 27 14 34 7 33 2 53 36 24 58 47 6 28 26 43 22 4 51 19 40 18 44 45 37 16 31 3 59 12 30 23 49 48 9 55 15 17 38 8 11 5 10 20 52 39 35 32 50 25 41 56 1 21 13 42 0
4552456721549338081 6144
59 4 25 40 35 44 55 34 42 10 48 41 5 17 21 32 14 51 31 33 19 47 37 27 43 58 12 2 50 54 18 49 11 20 3 52 24 26 38 1 16 30 0 46 39 23 57 7 29 8 45 56 53 9 6 15 22 13 36 28
5 46 44 12 43 58 26 30 10 28 42 17 56 25 34 47 33 57 2 38 59 32 27 14 13 40 52 49 0 53 48 11 8 3 51 36 19 6 54 15 31 7 24 22 4 35 29 55 9 45 50 1 41 37 20 18 39 23 21 16
55 46 30 13 22 16 26 28 4 25 19 36 58 21 7 51 35 38 43 24 56 53 8 15 2 49 45 52 27 48 44 39 5 0 18 12 37 23 59 3 32 14 33 9 40 54 17 1 57 34 47 41 42 11 20 29 6 31 10 50
31 57 7 51 38 22 3 56 33 46 50 13 28 49 58 45 52 27 1 55 32 19 23 44 4 47 36 17 39 8 29 34 41 14 59 5 26 9 30 54 15 24 6 10 25 16 20 35 37 42 0 11 18 12 48 53 21 40 43 2
9771949062711787016 6144
39 18 2 58 21 20 9 28 54 6 57 25 29 30 50 26 55 36 45 12 38 46 17 37 52 47 16 51 5 59 42 48 44 13 41 32 33 49 35 19 22 4 8 27 14 31 3 24 15 40 23 10 1 34 11 0 56 43 7 53
7 42 21 32 38 53 50 15 16 36 12 3 48 4 25 34 37 51 27 6 18 54 56 26 35 22 43 44 59 23 11 8 55 49 45 52 31 57 0 1 17 28 19 14 24 39 33 47 2 9 46 58 13 40 41 5 20 10 30 29
42 31 56 51 41 24 11 22 2 25 45 36 37 52 26 1 4 29 54 48 5 18 15 39 40 9 16 32 14 58 7 44 47 59 55 46 34 10 3 19 30 53 6 35 20 43 0 33 57 50 21 17 49 23 28 12 27 8 13 38
16 40 30 14 25 51 20 27 31 28 26 45 41 34 44 39 32 55 38 23 4 7 57 18 11 56 42 3 59 15 46 9 53 5 47 49 0 54 22 10 58 43 19 29 8 1 36 48 2 12 37 33 35 13 6 52 17 21 50 24
12490682301281971227 6144
31 46 24 57 19 39 11 37 14 27 48 35 54 17 28 26 59 49 36 30 2 45 6 3 18 38 55 47 15 23 44 13 52 20 7 4 10 41 9 51 32 34 25 5 33 56 0 12 29 58 40 42 22 1 16 43 50 8 21 53
24 52 35 23 41 55 7 28 45 36 42 15 39 56 0 26 20 47 34 43 54 4 11 27 1 51 6 58 25 9 17 50 46 14 8 32 57 30 48 18 12 59 13 44 31 16 33 10 40 21 49 22 38 2 53 3 19 37 5 29
23 59 51 26 38 31 28 54 36 35 55 7 33 20 56 29 12 34 50 43 18 8 17 30 48 2 39 13 42 52 5 57 3 37 16 40 41 6 49 24 25 0 10 58 27 14 4 32 47 11 44 53 46 9 15 21 1 19 45 22
20 23 58 44 29 37 26 30 17 38 47 50 11 48 40 24 35 43 36 7 5 39 32 16 46 12 18 51 57 6 34 2 13 9 42 53 52 21 4 8 45 54 59 10 15 27 0 14 22 3 19 25 49 33 56 1 55 28 31 41
1964350223447390248 6144
53 59 54 46 17 28 51 1 12 21 40 41 11 57 29 45 22 55 3 37 39 23 48 9 44 10 31 50 5 14 42 7 13 6 56 30 16 25 34 58 19 0 2 32 8 49 35 52 26 20 4 38 15 18 24 27 36 33 47 43
41 44 11 10 20 50 45 36 51 23 56 21 7 1 29 35 46 24 14 38 52 59 13 33 28 3 54 49 17 26 40 27 34 55 2 6 43 8 37 30 25 57 32 16 42 39 53 22 5 19 9 58 18 47 48 12 0 15 31 4
39 15 29 55 28 46 21 57 23 12 5 45 27 48 16 20 41 10 38 32 2 40 54 47 35 44 19 1 34 3 36 11 8 37 13 22 51 24 18 53 58 4 6 33 14 30 31 26 0 9 56 59 25 50 7 52 42 43 49 17
15 47 39 22 56 29 51 37 44 31 35 48 52 54 57 23 34 36 25 14 50 4 53 6 13 21 2 38 41 10 3 58 43 16 49 59 27 8 30 1 0 42 55 17 24 9 32 45 40 7 11 28 19 18 46 20 12 5 33 26
5174715924892970683 6144
22 2 55 34 33 18 10 43 35 44 47 59 56 54 8 32 42 21 20 37 39 50 24 48 11 52 15 3 58 14 57 51 13 12 16 26 19 29 36 49 31 6 38 25 5 9 17 27 41 28 46 45 23 40 4 7 1 53 0 30
16 45 6 31 38 35 50 26 2 33 51 54 40 44 23 49 34 17 56 39 36 24 55 21 37 46 28 5 19 59 20 8 52 22 14 3 58 18 15 1 0 57 9 25 47 30 43 48 29 27 32 42 41 7 11 12 4 10 53 13
38 5 30 1 41 46 21 18 23 25 28 58 43 56 3 57 37 34 4 10 22 9 17 44 36 54 53 16 24 6 45 15 47 51 50 12 8 19 27 39 31 52 59 14 11 26 48 49 20 55 32 35 7 0 40 29 33 2 13 42
31 57 50 45 33 17 54 23 42 20 56 47 28 30 32 13 21 37 49 36 11 22 18 9 41 4 53 46 5 55 14 40 12 8 39 7 25 24 58 19 6 35 0 59 51 3 26 52 27 44 38 43 34 16 48 2 1 15 29 10
1267214077256401566 6144
53 0 49 41 52 46 20 57 42 11 23 47 17 24 35 8 28 25 22 59 44 6 51 29 9 4 37 13 27 58 39 12 43 30 16 5 15 1 38 40 10 48 21 19 50 26 33 32 34 2 31 3 55 14 7 45 18 56 54 36
22 45 42 58 8 1 6 28 24 47 51 4 38 23 52 40 12 26 7 43 54 15 17 44 3 41 13 50 49 56 9 53 2 18 20 59 32 34 30 37 14 5 57 19 27 48 31 39 21 25 36 11 0 46 55 33 35 16 29 10
43 28 58 4 34 57 21 37 35 23 42 0 53 24 10 44 30 41 31 38 40 56 17 12 55 25 48 32 6 49 8 54 39 14 16 29 51 59 1 13 27 22 3 11 15 26 2 19 18 52 45 33 47 20 7 5 36 9 46 50
34 51 22 25 3 38 53 57 45 47 9 39 46 15 24 26 32 59 30 33 52 13 18 44 4 36 58 2 29 55 40 1 50 42 49 16 28 6 27 5 54 7 48 41 56 11 0 31 21 10 35 17 19 8 43 20 12 37 23 14
5600718820878290422 6144
46 48 25 37 26 57 50 31 16 17 52 43 42 22 58 33 35 59 20 6 55 34 41 45 38 36 49 10 56 9 14 27 30 2 39 21 12 8 5 44 15 51 11 47 7 4 24 53 19 54 29 0 13 28 1 40 3 32 23 18
38 24 18 26 17 37 42 47 49 27 29 39 35 33 9 56 15 22 23 25 7 48 59 19 8 55 44 36 58 53 40 3 2 50 31 5 32 45 41 0 43 28 57 11 30 10 51 12 21 1 4 6 34 46 20 16 54 13 14 52
57 21 56 37 48 36 45 29 30 33 39 52 53 22 1 8 51 23 46 44 47 19 58 38 54 7 49 15 17 16 26 18 3 42 59 9 28 6 20 34 5 24 13 43 4 40 35 50 27 41 0 2 11 55 10 25 12 31 32 14
53 49 22 24 28 1 47 31 41 21 52 39 32 55 56 13 42 46 25 8 2 45 3 26 54 36 14 48 9 50 44 37 35 16 58 43 27 57 6 18 11 19 29 59 23 51 38 7 15 10 40 33 34 0 17 30 4 12 5 20
3011995732601921328 6144
48 40 27 23 38 6 54 22 5 7 19 36 32 13 41 51 20 50 29 26 31 59 2 9 53 46 12 44 11 47 15 18 14 0 42 56 49 16 4 43 25 28 57 33 52 39 24 30 8 1 34 10 21 37 55 58 35 3 45 17
2 33 21 16 30 25 27 40 32 54 37 26 10 43 59 39 50 24 9 45 58 49 51 44 29 8 23 55 20 5 13 31 47 53 17 12 1 56 52 34 14 4 35 19 18 41 42 57 28 46 6 38 11 3 48 7 15 22 36 0
46 49 57 33 35 47 2 43 36 52 50 44 30 27 34 24 21 37 59 7 5 23 19 40 51 28 55 38 0 41 31 11 12 45 4 54 22 56 18 58 15 25 8 48 53 9 17 42 6 13 20 16 29 3 32 39 1 10 26 14
59 26 14 43 56 2 33 23 30 38 58 15 10 34 41 21 18 1 52 36 54 49 32 44 12 19 0 5 42 16 45 7 55 51 40 13 6 25 48 11 47 9 39 35 8 3 24 4 27 50 17 28 31 57 46 20 22 53 37 29
5921306664687662010 6144
40 41 33 26 24 2 19 44 43 0 11 38 6 59 49 29 15 37 53 10 51 7 57 17 45 39 14 31 23 34 47 25 56 42 4 13 58 5 20 18 28 54 21 50 32 55 16 22 36 9 1 12 35 46 27 48 52 8 3 30
24 45 14 31 42 35 28 54 18 2 37 17 52 23 41 3 29 33 21 22 7 34 58 59 27 8 47 56 16 5 11 38 50 40 9 39 51 46 55 6 4 10 49 12 57 0 13 15 26 48 53 32 20 25 44 1 36 43 30 19
51 41 55 33 21 6 58 10 35 16 38 29 30 50 7 31 24 43 20 22 12 53 13 25 4 57 15 34 0 49 40 18 11 14 44 39 32 36 46 9 17 5 3 19 56 27 2 52 28 54 45 59 47 26 8 37 1 23 48 42
45 57 10 42 41 31 21 35 37 22 28 53 9 16 27 24 54 29 48 13 23 18 56 58 55 36 39 6 52 33 20 12 46 51 7 15 19 34 50 30 44 49 32 25 4 5 26 47 59 17 2 3 11 43 1 8 14 38 40 0
10180364129723024270 6144
49 2 28 27 21 37 46 36 24 34 40 57 42 55 6 39 25 31 8 33 7 18 43 44 13 9 45 52 41 53 56 19 51 50 17 14 58 16 5 10 48 22 30 54 11 4 15 0 1 59 12 20 38 26 29 3 35 23 32 47
46 52 14 4 40 58 24 35 59 45 54 21 49 44 50 27 48 41 38 31 51 16 47 18 28 42 5 2 7 36 17 12 33 3 22 57 1 29 26 19 15 20 56 11 9 0 32 53 13 34 25 55 30 23 6 39 37 8 43 10
49 2 28 27 21 37 46 36 24 18 40 55 42 57 6 39 25 31 8 33 7 34 43 20 13 9 45 52 41 53 56 19 51 50 17 14 58 16 5 10 48 22 30 54 11 4 15 0 1 59 12 44 38 26 29 3 35 23 32 47
46 52 14 4 40 58 24 35 59 45 54 21 49 44 50 27 48 41 38 31 51 16 47 18 28 42 5 2 7 36 17 12 33 3 22 57 1 29 26 19 15 20 56 11 9 0 32 53 13 34 25 55 30 23 6 39 37 8 43 10
16443542583828323656 6144
44 34 40 59 0 39 24 55 48 42 47 53 22 56 14 57 2 31 45 33 19 10 1 18 25 3 37 16 52 8 32 5 50 12 13 36 41 23 11 49 4 15 35 29 43 51 17 58 54 46 7 38 28 6 30 20 21 9 26 27
30 45 4 37 57 28 20 44 35 53 55 40 52 24 41 50 39 9 14 21 13 58 26 49 47 36 23 3 17 15 19 8 46 54 6 32 33 1 31 0 59 51 7 56 34 42 25 11 38 10 29 48 18 43 16 27 5 22 2 12
44 34 40 8 10 39 24 55 48 42 59 53 22 56 14 27 28 31 45 38 19 32 1 18 25 6 37 3 52 47 13 35 50 12 23 36 41 0 11 49 4 15 5 30 43 51 17 58 54 46 7 33 20 16 29 2 57 9 26 21
26 45 4 37 57 41 34 21 19 53 55 40 2 24 28 58 39 51 14 29 47 50 18 49 13 36 52 32 17 15 9 12 46 54 38 6 33 23 30 0 59 48 7 56 35 42 25 11 3 10 44 20 16 43 1 27 5 22 31 8
1557995939683382357 6144
1 14 53 48 39 35 22 13 47 38 7 59 25 21 50 3 28 51 58 55 42 18 44 37 41 29 23 49 40 4 43 6 34 57 52 10 20 9 56 15 19 31 33 17 0 8 5 16 27 11 46 2 24 26 12 45 32 36 30 54
59 58 55 13 35 25 38 50 1 22 31 42 40 53 48 33 26 2 24 21 16 51 41 44 28 18 17 30 19 6 8 36 15 54 32 43 7 56 34 57 49 5 46 3 4 20 27 52 14 10 23 11 9 29 37 12 45 0 47 39
54 41 57 5 33 25 11 42 22 45 49 46 59 17 16 38 37 27 35 44 39 24 14 13 3 12 56 32 23 31 58 2 40 51 43 4 26 34 47 52 15 36 6 19 10 8 48 30 29 53 21 55 50 1 9 20 7 0 28 18
12 14 23 29 37 59 44 18 2 4 27 53 10 48 41 25 8 33 40 5 1 56 58 51 55 54 13 42 57 9 3 46 52 43 39 26 50 7 36 34 15 32 11 31 0 22 47 17 16 21 49 24 28 38 6 19 30 20 35 45
13602111302662532969 6144
4 42 58 40 24 41 49 35 30 27 34 51 3 1 37 50 23 17 39 38 43 14 56 57 47 28 52 45 59 55 25 11 18 54 8 36 12 6 5 16 10 53 44 7 48 22 29 15 31 19 0 33 26 20 46 32 9 21 13 2
25 44 22 55 51 52 14 2 39 43 53 10 41 42 32 28 36 47 1 31 7 56 9 13 37 19 5 34 50 59 38 48 45 18 16 3 0 35 27 40 57 29 33 54 8 11 4 20 26 21 46 12 6 58 24 17 30 23 15 49
16 42 33 59 37 25 50 31 10 20 56 48 24 1 39 35 36 21 30 43 51 49 46 29 0 28 7 15 54 5 45 12 41 8 58 32 9 14 23 19 52 18 27 26 38 57 22 53 17 55 11 4 47 34 3 44 13 6 40 2
50 38 23 2 32 55 27 46 39 49 17 40 22 51 28 44 36 47 11 33 6 34 4 37 16 19 45 41 7 26 18 48 43 53 14 3 35 58 8 42 57 31 13 56 5 30 15 25 29 20 24 9 59 12 0 10 54 21 1 52
