FACTOR_PERMUTATION_V1 12 16 1024 1 3.25
10 0 1 1 1 1 1 1 1 1 1 1 0 0 2 2 2 2 2 2 2 2 2 2 0 0 2 2 2 2 2 2 2 2 2 2
0 10 1 1 1 1 1 1 1 1 1 1 0 0 2 2 2 2 2 2 2 2 2 2 0 0 2 2 2 2 2 2 2 2 2 2
1 1 10 0 1 1 1 1 1 1 1 1 2 2 0 0 2 2 2 2 2 2 2 2 2 2 0 0 2 2 2 2 2 2 2 2
1 1 0 10 1 1 1 1 1 1 1 1 2 2 0 0 2 2 2 2 2 2 2 2 2 2 0 0 2 2 2 2 2 2 2 2
1 1 1 1 10 0 1 1 1 1 1 1 2 2 2 2 0 0 2 2 2 2 2 2 2 2 2 2 0 0 2 2 2 2 2 2
1 1 1 1 0 10 1 1 1 1 1 1 2 2 2 2 0 0 2 2 2 2 2 2 2 2 2 2 0 0 2 2 2 2 2 2
1 1 1 1 1 1 10 0 1 1 1 1 2 2 2 2 2 2 0 0 2 2 2 2 2 2 2 2 2 2 0 0 2 2 2 2
1 1 1 1 1 1 0 10 1 1 1 1 2 2 2 2 2 2 0 0 2 2 2 2 2 2 2 2 2 2 0 0 2 2 2 2
1 1 1 1 1 1 1 1 10 0 1 1 2 2 2 2 2 2 2 2 0 0 2 2 2 2 2 2 2 2 2 2 0 0 2 2
1 1 1 1 1 1 1 1 0 10 1 1 2 2 2 2 2 2 2 2 0 0 2 2 2 2 2 2 2 2 2 2 0 0 2 2
1 1 1 1 1 1 1 1 1 1 10 0 2 2 2 2 2 2 2 2 2 2 0 0 2 2 2 2 2 2 2 2 2 2 0 0
1 1 1 1 1 1 1 1 1 1 0 10 2 2 2 2 2 2 2 2 2 2 0 0 2 2 2 2 2 2 2 2 2 2 0 0
0 0 2 2 2 2 2 2 2 2 2 2 10 0 1 1 1 1 1 1 1 1 1 1 0 0 2 2 2 2 2 2 2 2 2 2
0 0 2 2 2 2 2 2 2 2 2 2 0 10 1 1 1 1 1 1 1 1 1 1 0 0 2 2 2 2 2 2 2 2 2 2
2 2 0 0 2 2 2 2 2 2 2 2 1 1 10 0 1 1 1 1 1 1 1 1 2 2 0 0 2 2 2 2 2 2 2 2
2 2 0 0 2 2 2 2 2 2 2 2 1 1 0 10 1 1 1 1 1 1 1 1 2 2 0 0 2 2 2 2 2 2 2 2
2 2 2 2 0 0 2 2 2 2 2 2 1 1 1 1 10 0 1 1 1 1 1 1 2 2 2 2 0 0 2 2 2 2 2 2
2 2 2 2 0 0 2 2 2 2 2 2 1 1 1 1 0 10 1 1 1 1 1 1 2 2 2 2 0 0 2 2 2 2 2 2
2 2 2 2 2 2 0 0 2 2 2 2 1 1 1 1 1 1 10 0 1 1 1 1 2 2 2 2 2 2 0 0 2 2 2 2
2 2 2 2 2 2 0 0 2 2 2 2 1 1 1 1 1 1 0 10 1 1 1 1 2 2 2 2 2 2 0 0 2 2 2 2
2 2 2 2 2 2 2 2 0 0 2 2 1 1 1 1 1 1 1 1 10 0 1 1 2 2 2 2 2 2 2 2 0 0 2 2
2 2 2 2 2 2 2 2 0 0 2 2 1 1 1 1 1 1 1 1 0 10 1 1 2 2 2 2 2 2 2 2 0 0 2 2
2 2 2 2 2 2 2 2 2 2 0 0 1 1 1 1 1 1 1 1 1 1 10 0 2 2 2 2 2 2 2 2 2 2 0 0
2 2 2 2 2 2 2 2 2 2 0 0 1 1 1 1 1 1 1 1 1 1 0 10 2 2 2 2 2 2 2 2 2 2 0 0
0 0 2 2 2 2 2 2 2 2 2 2 0 0 2 2 2 2 2 2 2 2 2 2 10 0 1 1 1 1 1 1 1 1 1 1
0 0 2 2 2 2 2 2 2 2 2 2 0 0 2 2 2 2 2 2 2 2 2 2 0 10 1 1 1 1 1 1 1 1 1 1
2 2 0 0 2 2 2 2 2 2 2 2 2 2 0 0 2 2 2 2 2 2 2 2 1 1 10 0 1 1 1 1 1 1 1 1
2 2 0 0 2 2 2 2 2 2 2 2 2 2 0 0 2 2 2 2 2 2 2 2 1 1 0 10 1 1 1 1 1 1 1 1
2 2 2 2 0 0 2 2 2 2 2 2 2 2 2 2 0 0 2 2 2 2 2 2 1 1 1 1 10 0 1 1 1 1 1 1
2 2 2 2 0 0 2 2 2 2 2 2 2 2 2 2 0 0 2 2 2 2 2 2 1 1 1 1 0 10 1 1 1 1 1 1
2 2 2 2 2 2 0 0 2 2 2 2 2 2 2 2 2 2 0 0 2 2 2 2 1 1 1 1 1 1 10 0 1 1 1 1
2 2 2 2 2 2 0 0 2 2 2 2 2 2 2 2 2 2 0 0 2 2 2 2 1 1 1 1 1 1 0 10 1 1 1 1
2 2 2 2 2 2 2 2 0 0 2 2 2 2 2 2 2 2 2 2 0 0 2 2 1 1 1 1 1 1 1 1 10 0 1 1
2 2 2 2 2 2 2 2 0 0 2 2 2 2 2 2 2 2 2 2 0 0 2 2 1 1 1 1 1 1 1 1 0 10 1 1
2 2 2 2 2 2 2 2 2 2 0 0 2 2 2 2 2 2 2 2 2 2 0 0 1 1 1 1 1 1 1 1 1 1 10 0
2 2 2 2 2 2 2 2 2 2 0 0 2 2 2 2 2 2 2 2 2 2 0 0 1 1 1 1 1 1 1 1 1 1 0 10
0 2
0 3
0 4
0 5
0 6
0 7
0 8
0 9
0 10
0 11
1 2
1 3
1 4
1 5
1 6
1 7
1 8
1 9
1 10
1 11
2 4
2 5
2 6
2 7
2 8
2 9
2 10
2 11
3 4
3 5
3 6
3 7
3 8
3 9
3 10
3 11
4 6
4 7
4 8
4 9
4 10
4 11
5 6
5 7
5 8
5 9
5 10
5 11
6 8
6 9
6 10
6 11
7 8
7 9
7 10
7 11
8 10
8 11
9 10
9 11
0 2
0 3
0 4
0 5
0 6
0 7
0 8
0 9
0 10
0 11
1 2
1 3
1 4
1 5
1 6
1 7
1 8
1 9
1 10
1 11
2 4
2 5
2 6
2 7
2 8
2 9
2 10
2 11
3 4
3 5
3 6
3 7
3 8
3 9
3 10
3 11
4 6
4 7
4 8
4 9
4 10
4 11
5 6
5 7
5 8
5 9
5 10
5 11
6 8
6 9
6 10
6 11
7 8
7 9
7 10
7 11
8 10
8 11
9 10
9 11
0 2
0 3
0 4
0 5
0 6
0 7
0 8
0 9
0 10
0 11
1 2
1 3
1 4
1 5
1 6
1 7
1 8
1 9
1 10
1 11
2 4
2 5
2 6
2 7
2 8
2 9
2 10
2 11
3 4
3 5
3 6
3 7
3 8
3 9
3 10
3 11
4 6
4 7
4 8
4 9
4 10
4 11
5 6
5 7
5 8
5 9
5 10
5 11
6 8
6 9
6 10
6 11
7 8
7 9
7 10
7 11
8 10
8 11
9 10
9 11
17951641924834997535 3072
26 37 50 34 46 57 27 48 35 43 54 52 58 32 59 56 21 20 53 51 5 17 29 3 55 38 22 24 19 30 16 7 40 8 36 49 2 33 25 9 44 15 23 13 42 0 18 4 11 41 6 39 12 10 28 47 14 1 45 31
43 58 6 24 10 50 47 23 37 32 42 27 39 3 36 4 34 41 21 13 26 54 59 55 12 14 17 38 52 2 28 46 20 44 48 18 0 19 1 31 15 29 9 16 35 51 30 53 22 45 11 56 5 40 33 25 57 49 7 8
34 37 50 30 46 24 27 58 35 43 54 48 59 52 41 11 9 23 53 20 5 17 4 3 13 38 49 57 19 55 16 7 40 51 36 32 26 25 33 2 44 15 28 14 42 0 18 1 12 29 6 39 8 21 56 47 45 22 10 31
43 17 33 41 10 50 47 23 52 32 57 27 49 3 53 25 34 20 18 37 26 36 44 59 55 14 2 15 56 45 28 13 12 38 48 42 6 19 35 31 0 54 58 16 11 51 30 24 22 8 21 29 40 46 1 4 5 39 7 9
9268372538283579769 3072
55 2 16 49 38 21 41 18 6 31 46 57 33 32 26 42 53 20 39 48 9 58 44 17 8 45 36 12 37 56 59 15 50 52 43 7 30 47 13 5 54 25 27 19 14 3 0 23 40 35 4 11 34 22 1 28 29 24 10 51
17 53 34 54 42 6 37 23 2 47 32 49 59 41 45 56 35 18 22 20 24 1 55 50 43 13 12 16 46 14 3 57 28 40 26 38 7 51 15 9 44 30 19 21 31 25 5 36 0 52 11 58 8 27 33 39 4 10 48 29
48 27 36 5 55 33 50 14 30 45 39 22 52 37 21 47 28 57 44 11 29 26 3 40 9 41 49 13 53 16 59 18 46 4 2 32 34 6 17 54 19 51 56 24 35 42 25 58 43 1 0 10 8 31 38 7 15 20 12 23
16 53 46 59 28 54 27 21 36 31 9 39 26 32 29 25 55 30 43 18 15 7 58 14 3 56 40 48 11 51 13 37 19 50 0 47 6 1 22 5 52 17 34 35 49 8 23 20 4 41 24 57 44 38 10 2 33 42 45 12
3167967650054667244 3072
16 56 54 20 29 27 2 35 36 31 41 45 23 37 26 49 42 38 10 3 50 5 44 52 51 9 46 58 32 7 17 4 40 19 25 15 12 28 6 21 53 59 55 18 24 34 30 39 1 43 57 48 33 0 11 47 8 22 13 14
44 5 33 10 54 41 26 42 29 38 53 46 24 40 47 2 51 34 52 32 12 9 11 27 8 43 49 22 15 30 57 59 31 36 50 58 6 14 23 7 19 1 18 17 4 48 56 55 39 35 45 20 3 37 28 25 16 13 21 0
16 56 54 21 41 44 55 45 36 31 33 38 47 5 26 49 18 35 3 52 50 34 59 25 37 9 2 58 15 17 7 43 46 19 13 22 40 32 4 29 53 6 27 51 57 23 30 39 1 48 12 42 11 0 24 28 8 10 20 14
36 12 33 15 58 27 38 21 29 32 42 26 30 59 47 2 51 10 52 44 23 14 11 5 18 45 7 40 54 57 43 41 6 37 1 49 16 9 31 50 0 20 8 17 4 28 56 55 39 35 25 24 34 19 46 53 22 13 48 3
5542737208097025949 3072
51 40 20 53 19 47 11 8 42 44 59 5 58 24 49 21 15 36 38 13 18 17 2 52 22 29 6 3 35 56 57 0 41 12 14 25 50 16 27 7 43 31 46 55 9 30 37 32 28 26 1 33 4 34 39 48 45 54 23 10
45 53 52 22 51 11 38 21 4 26 6 40 29 56 34 58 37 27 57 42 50 55 23 19 5 16 48 1 49 30 20 39 35 46 28 9 18 25 10 36 31 17 24 3 54 59 14 15 2 12 43 7 47 8 33 41 13 44 32 0
55 46 30 13 22 16 26 28 4 25 19 36 58 21 7 51 35 38 43 24 56 53 8 15 2 49 45 52 27 48 44 39 5 0 18 12 37 23 59 3 32 14 33 9 40 54 17 1 57 34 47 41 42 11 20 29 6 31 10 50
31 57 7 51 38 22 3 56 33 46 50 13 28 49 58 45 52 27 1 55 32 19 23 44 4 47 36 17 39 8 29 34 41 14 59 5 26 9 30 54 15 24 6 10 25 16 20 35 37 42 0 11 18 12 48 53 21 40 43 2
2548106333118935483 3072
45 42 56 30 51 5 21 11 36 39 54 27 53 44 10 32 50 2 29 17 34 9 35 6 52 16 49 13 43 58 59 8 55 37 14 48 23 12 1 41 7 22 57 19 20 15 0 33 38 46 24 3 25 4 28 31 18 40 26 47
18 57 19 58 25 28 41 20 31 44 46 45 43 48 33 26 38 56 51 22 49 52 2 35 21 55 3 17 8 0 9 36 14 4 37 30 53 50 6 10 47 24 34 7 54 32 11 15 27 29 12 39 40 13 16 59 23 1 42 5
30 45 42 57 27 32 46 3 26 52 53 18 25 59 47 41 28 1 22 20 51 12 5 39 7 34 44 21 15 2 40 24 35 55 9 49 16 8 33 48 6 11 29 14 54 56 31 4 0 50 17 58 13 23 43 38 37 10 36 19
53 51 26 22 46 41 8 59 48 0 55 29 34 23 17 32 9 47 36 58 3 50 16 52 40 39 1 15 49 25 57 45 42 6 5 12 7 54 19 4 38 24 56 35 13 31 43 33 27 10 30 2 44 18 20 14 11 37 21 28
11968397667063519991 3072
41 55 24 9 26 39 13 36 54 6 37 7 33 40 38 48 22 10 30 43 56 29 51 25 52 3 17 15 42 49 19 57 1 46 2 50 53 8 5 16 0 21 34 58 27 14 23 32 47 12 44 18 28 59 11 20 35 45 4 31
8 37 20 32 40 9 22 30 59 23 47 48 1 54 58 27 35 43 38 25 5 51 0 42 14 31 3 12 7 26 49 16 41 13 17 44 11 53 46 57 4 50 15 10 28 39 55 45 19 24 29 34 18 36 56 6 33 52 2 21
36 44 24 59 47 0 18 1 58 53 49 31 51 10 37 8 46 11 22 52 54 13 16 57 42 9 56 20 15 5 17 45 19 50 12 4 3 39 2 27 48 33 41 23 30 14 55 6 34 26 28 21 40 29 32 35 25 43 7 38
32 50 57 4 25 59 51 15 27 28 58 46 37 49 12 34 52 26 22 0 39 31 21 42 8 47 16 55 35 53 38 41 14 3 5 24 23 10 30 11 13 7 9 18 19 40 45 36 44 2 17 56 20 48 1 6 43 33 29 54
17601389339353866858 3072
39 15 48 55 28 47 21 57 23 8 9 45 27 16 13 20 49 17 38 32 29 58 5 46 35 41 19 10 42 3 56 7 34 37 6 22 33 24 18 4 2 53 44 51 14 30 31 26 0 54 59 36 1 11 40 52 50 43 25 12
19 47 39 7 56 37 51 42 27 31 52 26 48 35 59 33 54 36 22 4 14 50 45 6 13 21 2 53 8 10 3 41 43 16 49 44 17 46 30 1 55 29 15 25 32 9 34 38 40 58 11 28 24 57 0 20 12 5 23 18
39 15 48 55 28 47 21 57 23 8 9 3 27 16 13 20 49 34 38 32 29 58 4 46 35 41 19 10 42 45 56 7 17 37 6 22 33 24 18 5 2 53 44 14 51 30 31 26 0 54 59 36 1 11 40 52 50 43 25 12
19 39 5 7 56 37 51 42 27 31 52 26 48 35 59 33 54 36 10 4 14 50 45 6 13 21 2 53 8 22 3 41 43 16 49 44 17 46 30 1 55 29 15 25 0 9 34 38 40 58 11 28 24 57 32 20 12 47 23 18
4426300008119095339 3072
41 5 30 1 38 31 21 18 27 25 39 58 22 56 3 4 37 34 57 10 49 7 17 44 36 54 53 6 24 16 45 15 47 51 50 12 8 19 23 0 46 52 59 14 11 26 48 43 20 55 32 35 9 28 40 29 33 2 13 42
31 57 50 45 11 17 55 23 42 20 56 14 28 22 32 13 21 37 49 36 47 30 18 9 59 4 53 46 5 15 33 40 12 3 39 7 25 24 58 19 6 35 0 27 51 8 26 52 41 44 38 43 34 16 48 2 1 54 29 10
38 5 30 1 41 46 21 18 23 25 28 58 43 56 3 57 37 34 4 10 22 9 17 44 36 54 53 16 24 6 45 15 47 51 50 12 8 19 27 39 31 52 59 14 11 26 48 49 20 55 32 35 7 0 40 29 33 2 13 42
31 57 50 45 33 17 54 23 42 20 56 47 28 30 32 13 21 37 49 36 11 22 18 9 41 4 53 46 5 55 14 40 12 8 39 7 25 24 58 19 6 35 0 59 51 3 26 52 27 44 38 43 34 16 48 2 1 15 29 10
11495296184066715841 3072
54 36 33 47 10 1 3 29 48 18 38 42 26 51 46 17 41 31 39 55 53 0 8 58 30 19 43 16 2 15 37 9 7 22 44 28 32 14 52 34 35 12 6 24 11 40 5 59 50 57 27 25 20 45 56 21 49 23 13 4
59 34 37 57 35 38 49 8 13 24 52 23 40 51 33 26 7 27 42 28 9 5 46 22 58 39 11 14 19 45 44 12 54 2 36 4 20 32 29 30 25 56 50 18 15 43 0 31 1 10 55 17 41 47 3 6 16 21 48 53
45 56 28 52 47 16 40 35 24 19 37 9 42 14 11 48 44 23 39 49 43 6 8 46 22 50 12 2 32 41 36 7 17 54 31 27 53 1 51 10 18 26 33 57 55 30 0 58 34 3 38 25 20 59 13 29 5 15 21 4
52 8 56 22 35 41 33 43 13 53 16 29 27 24 49 34 51 40 42 28 58 39 46 7 3 0 5 36 59 18 57 9 37 38 45 4 1 54 20 30 48 55 26 2 19 15 17 14 12 6 23 47 32 10 11 44 31 21 50 25
17690175342187956304 3072
0 41 50 58 44 29 54 4 5 24 40 48 28 55 39 8 23 1 52 21 53 34 33 47 3 18 17 37 16 14 31 6 26 19 2 49 51 56 30 43 59 7 27 9 36 12 25 32 38 13 15 10 11 22 42 20 46 45 57 35
38 32 8 43 25 41 20 39 35 1 27 54 18 33 36 49 57 52 10 31 23 4 45 5 37 46 12 55 14 59 3 26 15 53 44 2 29 28 56 42 16 50 48 24 58 22 7 13 9 34 6 40 47 19 11 17 30 0 21 51
57 21 56 37 48 36 45 29 30 33 39 52 53 22 1 8 51 23 46 44 47 19 58 38 54 7 49 15 17 16 26 18 3 42 59 9 28 6 20 34 5 24 13 43 4 40 35 50 27 41 0 2 11 55 10 25 12 31 32 14
53 49 22 24 28 1 47 31 41 21 52 39 32 55 56 13 42 46 25 8 2 45 3 26 54 36 14 48 9 50 44 37 35 16 58 43 27 57 6 18 11 19 29 59 23 51 38 7 15 10 40 33 34 0 17 30 4 12 5 20
17641817206782740129 3072
46 7 57 33 27 11 2 43 28 48 42 8 59 3 23 44 15 32 49 35 25 54 16 19 51 40 53 9 22 12 45 24 41 50 55 5 18 47 4 58 1 52 56 34 31 21 17 36 6 20 38 29 0 37 30 39 13 10 26 14
59 38 29 43 0 17 34 31 32 26 46 42 25 35 58 10 5 57 56 36 30 48 4 44 12 39 21 54 15 18 2 7 55 6 40 13 23 16 24 11 45 9 3 8 14 27 51 53 28 50 19 52 47 22 1 20 49 41 37 33
40 28 22 54 27 44 12 43 49 48 42 8 57 16 23 58 41 25 13 37 20 35 45 19 51 4 52 5 39 6 55 46 30 7 24 36 18 47 3 11 1 53 50 33 31 21 17 9 56 32 38 29 0 15 2 34 59 10 26 14
59 41 54 44 0 56 10 31 33 51 34 45 25 35 58 29 5 57 36 38 30 48 4 52 12 39 13 21 50 14 47 8 24 40 2 6 17 16 27 3 49 9 26 7 18 55 23 37 28 15 43 11 19 22 32 20 46 53 1 42
1296787156463963426 3072
59 20 41 54 17 2 52 15 42 46 44 53 50 38 33 47 56 30 19 0 31 37 4 48 21 51 12 11 55 9 34 45 16 43 25 14 36 10 18 6 24 58 13 49 5 40 3 57 27 35 32 7 29 8 39 22 1 26 23 28
48 56 31 59 42 46 11 20 23 22 55 50 53 7 27 15 3 14 38 24 9 16 2 51 18 29 39 37 12 25 19 33 43 8 47 49 26 41 34 30 10 13 32 17 52 36 0 54 28 45 58 40 21 44 1 57 35 4 6 5
51 41 55 33 21 6 58 10 35 16 38 29 30 50 7 31 24 43 20 22 12 53 13 25 4 57 15 34 0 49 40 18 11 14 44 39 32 36 46 9 17 5 3 19 56 27 2 52 28 54 45 59 47 26 8 37 1 23 48 42
45 57 10 42 41 31 21 35 37 22 28 53 9 16 27 24 54 29 48 13 23 18 56 58 55 36 39 6 52 33 20 12 46 51 7 15 19 34 50 30 44 49 32 25 4 5 26 47 59 17 2 3 11 43 1 8 14 38 40 0
7488648548895036987 3072
20 41 57 51 25 33 54 36 30 31 39 52 23 4 32 38 35 46 9 58 7 56 44 55 14 50 5 43 45 53 18 3 40 17 48 22 0 34 59 19 16 1 47 11 28 15 24 12 13 8 42 37 26 49 29 10 2 27 21 6
12 21 10 32 47 40 35 55 33 37 51 57 17 20 2 34 38 0 42 23 6 26 16 3 9 25 46 49 5 18 39 59 44 45 43 8 56 24 30 54 22 14 52 53 50 19 1 48 27 31 58 7 15 11 13 29 28 36 4 41
20 41 12 51 25 33 47 22 53 30 55 54 23 15 32 38 35 29 9 58 6 56 44 39 14 50 5 1 45 17 18 3 28 52 48 36 11 8 49 19 16 13 0 59 37 4 46 57 43 34 42 40 26 31 24 10 2 21 27 7
53 16 26 32 47 12 27 40 33 44 28 57 17 41 45 34 55 52 42 23 9 5 48 11 46 25 58 36 8 21 39 59 51 13 54 7 56 22 3 14 35 49 6 43 50 19 1 30 24 31 10 18 38 4 0 29 37 15 2 20
6492904976747352061 3072
12 25 37 53 13 27 28 0 56 50 54 38 23 9 45 11 4 43 32 24 20 30 17 52 19 42 51 35 18 33 41 40 44 47 3 14 6 16 49 26 57 39 34 58 48 46 5 10 31 55 21 7 1 8 22 29 59 2 15 36
23 36 24 50 45 38 14 29 2 28 49 9 54 30 12 43 21 27 37 33 51 8 42 11 7 52 58 57 1 17 40 59 48 5 31 25 26 16 55 13 19 4 53 0 35 34 39 41 3 32 6 44 56 47 10 22 20 15 18 46
39 29 4 24 11 31 40 43 51 27 42 22 23 59 20 58 47 52 3 34 41 18 6 8 14 33 50 37 55 19 53 12 46 56 32 48 44 16 49 35 17 45 57 54 38 9 0 30 26 21 28 7 2 13 25 1 5 10 15 36
23 9 21 25 54 45 51 34 6 36 46 50 17 41 42 35 40 27 53 44 10 58 57 26 29 4 38 32 56 43 12 7 14 37 13 20 1 19 55 39 22 49 48 0 8 30 31 15 33 5 24 3 52 16 18 2 59 47 28 11
15020619077531721165 3072
36 5 38 23 50 2 22 11 59 42 6 46 31 34 17 55 44 20 52 37 57 27 25 29 15 19 4 3 0 49 12 56 43 9 13 32 39 51 58 47 14 18 30 10 54 33 24 7 16 26 21 1 8 35 45 53 28 41 48 40
2 4 30 47 48 59 46 35 38 27 51 33 28 58 21 52 43 55 42 16 54 23 14 13 53 49 36 32 56 9 44 20 41 12 31 57 26 11 19 50 25 37 39 40 1 5 10 29 34 15 7 17 0 24 8 3 18 6 45 22
54 41 57 5 33 25 11 42 22 45 49 46 59 17 16 38 37 27 35 44 39 24 14 13 3 12 56 32 23 31 58 2 40 51 43 4 26 34 47 52 15 36 6 19 10 8 48 30 29 53 21 55 50 1 9 20 7 0 28 18
12 14 23 29 37 59 44 18 2 4 27 53 10 48 41 25 8 33 40 5 1 56 58 51 55 54 13 42 57 9 3 46 52 43 39 26 50 7 36 34 15 32 11 31 0 22 47 17 16 21 49 24 28 38 6 19 30 20 35 45
13890178419162706982 3072
0 50 52 42 27 40 29 31 10 13 43 57 34 20 45 3 41 26 5 49 54 56 8 39 12 51 58 23 2 48 53 47 55 4 17 18 35 1 30 37 15 59 19 33 14 7 28 6 25 38 24 11 16 46 22 32 44 36 9 21
52 44 26 42 34 35 50 40 53 7 38 43 22 58 55 59 48 37 29 1 9 5 20 39 51 46 21 49 57 18 3 23 13 36 14 30 17 45 54 31 16 2 24 4 10 27 15 33 47 19 41 56 28 32 0 12 8 25 6 11
19 50 48 52 27 40 29 31 3 36 43 58 35 20 45 16 41 24 7 14 25 56 42 33 37 18 6 9 0 51 2 47 55 4 39 23 54 17 8 12 15 53 59 32 49 5 28 10 13 38 34 11 1 46 22 57 44 26 30 21
52 44 34 0 47 41 37 59 49 30 8 48 22 58 55 28 31 21 29 53 4 19 26 46 51 20 39 12 18 33 25 7 13 36 54 57 32 45 23 50 17 2 24 43 10 27 15 38 35 9 11 40 56 16 1 5 42 3 6 14
