FACTOR_PERMUTATION_V1 12 16 1024 1 3.25
10 0 1 1 1 1 1 1 1 1 1 1 0 0 2 2 2 2 2 2 2 2 2 2 0 0 2 2 2 2 2 2 2 2 2 2
0 10 1 1 1 1 1 1 1 1 1 1 0 0 2 2 2 2 2 2 2 2 2 2 0 0 2 2 2 2 2 2 2 2 2 2
1 1 10 0 1 1 1 1 1 1 1 1 2 2 0 0 2 2 2 2 2 2 2 2 2 2 0 0 2 2 2 2 2 2 2 2
1 1 0 10 1 1 1 1 1 1 1 1 2 2 0 0 2 2 2 2 2 2 2 2 2 2 0 0 2 2 2 2 2 2 2 2
1 1 1 1 10 0 1 1 1 1 1 1 2 2 2 2 0 0 2 2 2 2 2 2 2 2 2 2 0 0 2 2 2 2 2 2
1 1 1 1 0 10 1 1 1 1 1 1 2 2 2 2 0 0 2 2 2 2 2 2 2 2 2 2 0 0 2 2 2 2 2 2
1 1 1 1 1 1 10 0 1 1 1 1 2 2 2 2 2 2 0 0 2 2 2 2 2 2 2 2 2 2 0 0 2 2 2 2
1 1 1 1 1 1 0 10 1 1 1 1 2 2 2 2 2 2 0 0 2 2 2 2 2 2 2 2 2 2 0 0 2 2 2 2
1 1 1 1 1 1 1 1 10 0 1 1 2 2 2 2 2 2 2 2 0 0 2 2 2 2 2 2 2 2 2 2 0 0 2 2
1 1 1 1 1 1 1 1 0 10 1 1 2 2 2 2 2 2 2 2 0 0 2 2 2 2 2 2 2 2 2 2 0 0 2 2
1 1 1 1 1 1 1 1 1 1 10 0 2 2 2 2 2 2 2 2 2 2 0 0 2 2 2 2 2 2 2 2 2 2 0 0
1 1 1 1 1 1 1 1 1 1 0 10 2 2 2 2 2 2 2 2 2 2 0 0 2 2 2 2 2 2 2 2 2 2 0 0
0 0 2 2 2 2 2 2 2 2 2 2 10 0 1 1 1 1 1 1 1 1 1 1 0 0 2 2 2 2 2 2 2 2 2 2
0 0 2 2 2 2 2 2 2 2 2 2 0 10 1 1 1 1 1 1 1 1 1 1 0 0 2 2 2 2 2 2 2 2 2 2
2 2 0 0 2 2 2 2 2 2 2 2 1 1 10 0 1 1 1 1 1 1 1 1 2 2 0 0 2 2 2 2 2 2 2 2
2 2 0 0 2 2 2 2 2 2 2 2 1 1 0 10 1 1 1 1 1 1 1 1 2 2 0 0 2 2 2 2 2 2 2 2
2 2 2 2 0 0 2 2 2 2 2 2 1 1 1 1 10 0 1 1 1 1 1 1 2 2 2 2 0 0 2 2 2 2 2 2
2 2 2 2 0 0 2 2 2 2 2 2 1 1 1 1 0 10 1 1 1 1 1 1 2 2 2 2 0 0 2 2 2 2 2 2
2 2 2 2 2 2 0 0 2 2 2 2 1 1 1 1 1 1 10 0 1 1 1 1 2 2 2 2 2 2 0 0 2 2 2 2
2 2 2 2 2 2 0 0 2 2 2 2 1 1 1 1 1 1 0 10 1 1 1 1 2 2 2 2 2 2 0 0 2 2 2 2
2 2 2 2 2 2 2 2 0 0 2 2 1 1 1 1 1 1 1 1 10 0 1 1 2 2 2 2 2 2 2 2 0 0 2 2
2 2 2 2 2 2 2 2 0 0 2 2 1 1 1 1 1 1 1 1 0 10 1 1 2 2 2 2 2 2 2 2 0 0 2 2
2 2 2 2 2 2 2 2 2 2 0 0 1 1 1 1 1 1 1 1 1 1 10 0 2 2 2 2 2 2 2 2 2 2 0 0
2 2 2 2 2 2 2 2 2 2 0 0 1 1 1 1 1 1 1 1 1 1 0 10 2 2 2 2 2 2 2 2 2 2 0 0
0 0 2 2 2 2 2 2 2 2 2 2 0 0 2 2 2 2 2 2 2 2 2 2 10 0 1 1 1 1 1 1 1 1 1 1
0 0 2 2 2 2 2 2 2 2 2 2 0 0 2 2 2 2 2 2 2 2 2 2 0 10 1 1 1 1 1 1 1 1 1 1
2 2 0 0 2 2 2 2 2 2 2 2 2 2 0 0 2 2 2 2 2 2 2 2 1 1 10 0 1 1 1 1 1 1 1 1
2 2 0 0 2 2 2 2 2 2 2 2 2 2 0 0 2 2 2 2 2 2 2 2 1 1 0 10 1 1 1 1 1 1 1 1
2 2 2 2 0 0 2 2 2 2 2 2 2 2 2 2 0 0 2 2 2 2 2 2 1 1 1 1 10 0 1 1 1 1 1 1
2 2 2 2 0 0 2 2 2 2 2 2 2 2 2 2 0 0 2 2 2 2 2 2 1 1 1 1 0 10 1 1 1 1 1 1
2 2 2 2 2 2 0 0 2 2 2 2 2 2 2 2 2 2 0 0 2 2 2 2 1 1 1 1 1 1 10 0 1 1 1 1
2 2 2 2 2 2 0 0 2 2 2 2 2 2 2 2 2 2 0 0 2 2 2 2 1 1 1 1 1 1 0 10 1 1 1 1
2 2 2 2 2 2 2 2 0 0 2 2 2 2 2 2 2 2 2 2 0 0 2 2 1 1 1 1 1 1 1 1 10 0 1 1
2 2 2 2 2 2 2 2 0 0 2 2 2 2 2 2 2 2 2 2 0 0 2 2 1 1 1 1 1 1 1 1 0 10 1 1
2 2 2 2 2 2 2 2 2 2 0 0 2 2 2 2 2 2 2 2 2 2 0 0 1 1 1 1 1 1 1 1 1 1 10 0
2 2 2 2 2 2 2 2 2 2 0 0 2 2 2 2 2 2 2 2 2 2 0 0 1 1 1 1 1 1 1 1 1 1 0 10
0 2
0 3
0 4
0 5
0 6
0 7
0 8
0 9
0 10
0 11
1 2
1 3
1 4
1 5
1 6
1 7
1 8
1 9
1 10
1 11
2 4
2 5
2 6
2 7
2 8
2 9
2 10
2 11
3 4
3 5
3 6
3 7
3 8
3 9
3 10
3 11
4 6
4 7
4 8
4 9
4 10
4 11
5 6
5 7
5 8
5 9
5 10
5 11
6 8
6 9
6 10
6 11
7 8
7 9
7 10
7 11
8 10
8 11
9 10
9 11
0 2
0 3
0 4
0 5
0 6
0 7
0 8
0 9
0 10
0 11
1 2
1 3
1 4
1 5
1 6
1 7
1 8
1 9
1 10
1 11
2 4
2 5
2 6
2 7
2 8
2 9
2 10
2 11
3 4
3 5
3 6
3 7
3 8
3 9
3 10
3 11
4 6
4 7
4 8
4 9
4 10
4 11
5 6
5 7
5 8
5 9
5 10
5 11
6 8
6 9
6 10
6 11
7 8
7 9
7 10
7 11
8 10
8 11
9 10
9 11
0 2
0 3
0 4
0 5
0 6
0 7
0 8
0 9
0 10
0 11
1 2
1 3
1 4
1 5
1 6
1 7
1 8
1 9
1 10
1 11
2 4
2 5
2 6
2 7
2 8
2 9
2 10
2 11
3 4
3 5
3 6
3 7
3 8
3 9
3 10
3 11
4 6
4 7
4 8
4 9
4 10
4 11
5 6
5 7
5 8
5 9
5 10
5 11
6 8
6 9
6 10
6 11
7 8
7 9
7 10
7 11
8 10
8 11
9 10
9 11
7992658662776394817 5120
42 32 50 11 53 41 27 36 37 25 19 7 9 40 20 13 22 35 54 52 56 17 43 46 15 6 38 4 48 8 18 21 59 5 47 12 58 26 14 10 1 55 30 57 34 23 0 24 3 29 44 39 16 33 49 28 31 45 2 51
52 59 16 5 3 54 41 27 33 40 32 55 31 56 23 58 18 48 10 13 4 51 11 53 20 26 49 39 25 45 44 9 43 50 17 35 12 34 47 21 36 7 8 2 14 37 19 46 24 1 29 22 57 28 42 38 6 30 15 0
34 37 50 30 46 24 27 58 35 43 54 48 59 52 41 11 9 23 53 20 5 17 4 3 13 38 49 57 19 55 16 7 40 51 36 32 26 25 33 2 44 15 28 14 42 0 18 1 12 29 6 39 8 21 56 47 45 22 10 31
43 17 33 41 10 50 47 23 52 32 57 27 49 3 53 25 34 20 18 37 26 36 44 59 55 14 2 15 56 45 28 13 12 38 48 42 6 19 35 31 0 54 58 16 11 51 30 24 22 8 21 29 40 46 1 4 5 39 7 9
13146254849028266776 5120
5 32 50 25 11 29 14 33 21 6 38 43 17 3 57 10 53 2 30 20 44 13 39 41 8 35 58 49 54 37 40 22 1 46 19 36 7 16 59 23 31 15 26 45 48 51 4 27 47 12 0 56 34 18 28 9 55 52 24 42
30 43 49 28 39 34 27 47 52 20 18 12 51 33 2 46 21 37 32 25 53 15 9 29 42 5 40 7 58 48 6 59 36 0 44 41 26 22 10 13 57 31 23 19 8 24 54 4 55 56 45 11 3 35 17 16 1 38 14 50
38 48 34 54 29 25 14 33 40 6 42 59 27 30 50 10 53 2 57 39 9 58 44 13 18 35 23 36 52 37 55 17 1 46 19 4 7 16 41 22 31 15 26 3 32 51 0 45 47 12 5 56 49 8 28 43 21 20 24 11
56 43 54 28 58 38 41 48 0 49 20 50 51 33 2 46 21 55 12 37 35 15 47 30 42 13 40 7 57 17 6 59 36 18 44 32 26 22 10 5 39 31 19 52 8 24 23 4 25 34 45 27 11 3 9 16 1 53 14 29
1744946144588228118 5120
46 58 57 23 21 30 37 9 38 3 48 32 15 45 31 26 47 12 6 14 13 16 39 59 51 56 2 52 55 19 24 40 42 28 41 5 17 49 1 53 34 36 54 18 7 27 4 35 8 50 29 20 0 33 11 44 43 25 22 10
45 52 30 59 18 34 22 14 0 33 40 13 56 49 39 44 23 35 55 10 48 47 1 25 19 37 54 42 58 4 41 17 6 51 2 32 9 20 12 27 53 43 24 28 31 7 38 15 46 16 21 8 3 5 57 26 11 50 29 36
17 24 4 38 29 27 2 54 43 47 41 33 55 30 26 34 49 37 13 3 56 5 51 6 42 36 19 58 7 57 59 28 40 46 20 15 12 14 11 8 25 22 0 32 35 50 53 31 1 21 52 48 18 10 45 39 16 23 9 44
54 46 29 57 27 14 34 7 33 2 53 36 24 58 47 6 28 26 43 22 4 51 19 40 18 44 45 37 16 31 3 59 12 30 23 49 48 9 55 15 17 38 8 11 5 10 20 52 39 35 32 50 25 41 56 1 21 13 42 0
10930550227492086278 5120
50 28 7 53 35 47 20 43 46 26 48 36 6 3 41 0 21 15 54 32 1 14 18 44 59 33 2 34 31 9 16 58 8 25 38 52 24 57 19 30 45 13 27 56 49 51 23 29 4 17 40 39 10 12 11 22 55 5 42 37
45 50 51 35 38 33 57 26 49 29 36 25 34 27 3 56 4 46 44 43 59 32 10 2 13 42 52 11 8 14 48 37 31 12 21 19 40 6 28 15 23 55 53 22 54 0 7 24 20 58 9 1 47 17 41 16 18 39 5 30
55 46 30 13 22 16 26 28 4 25 19 36 58 21 7 51 35 38 43 24 56 53 8 15 2 49 45 52 27 48 44 39 5 0 18 12 37 23 59 3 32 14 33 9 40 54 17 1 57 34 47 41 42 11 20 29 6 31 10 50
31 57 7 51 38 22 3 56 33 46 50 13 28 49 58 45 52 27 1 55 32 19 23 44 4 47 36 17 39 8 29 34 41 14 59 5 26 9 30 54 15 24 6 10 25 16 20 35 37 42 0 11 18 12 48 53 21 40 43 2
2101726083647921108 5120
40 46 38 25 9 34 12 22 58 53 52 36 43 48 26 35 27 31 44 30 3 17 54 13 50 2 16 57 10 32 49 37 23 59 47 5 29 8 55 51 1 4 6 19 28 15 0 33 45 20 24 14 56 7 39 21 42 41 18 11
17 48 6 15 29 40 49 44 20 34 26 12 27 33 57 45 37 55 53 16 58 5 25 32 43 9 42 4 59 10 38 3 51 23 2 7 46 41 18 13 52 30 19 35 8 56 21 50 47 14 28 0 1 39 24 54 11 22 31 36
42 31 56 51 41 24 11 22 2 25 45 36 37 52 26 1 4 29 54 48 5 18 15 39 40 9 16 32 14 58 7 44 47 59 55 46 34 10 3 19 30 53 6 35 20 43 0 33 57 50 21 17 49 23 28 12 27 8 13 38
16 40 30 14 25 51 20 27 31 28 26 45 41 34 44 39 32 55 38 23 4 7 57 18 11 56 42 3 59 15 46 9 53 5 47 49 0 54 22 10 58 43 19 29 8 1 36 48 2 12 37 33 35 13 6 52 17 21 50 24
8024294635734084420 5120
49 53 27 35 19 3 54 39 21 44 48 58 24 46 11 41 20 43 32 22 31 18 17 16 0 47 37 52 14 57 29 5 9 26 42 2 8 6 50 12 7 30 28 40 59 4 56 15 33 51 55 1 45 34 23 36 38 13 10 25
55 34 15 16 20 27 22 46 7 30 47 17 23 5 51 44 9 40 58 42 13 56 8 43 36 48 18 37 57 4 12 3 54 14 24 53 52 50 1 32 28 2 59 26 31 0 29 39 21 45 35 6 19 33 38 25 10 11 49 41
23 59 51 26 38 31 28 54 36 35 55 7 33 20 56 29 12 34 50 43 18 8 17 30 48 2 39 13 42 52 5 57 3 37 16 40 41 6 49 24 25 0 10 58 27 14 4 32 47 11 44 53 46 9 15 21 1 19 45 22
20 23 58 44 29 37 26 30 17 38 47 50 11 48 40 24 35 43 36 7 5 39 32 16 46 12 18 51 57 6 34 2 13 9 42 53 52 21 4 8 45 54 59 10 15 27 0 14 22 3 19 25 49 33 56 1 55 28 31 41
6202235782661296358 5120
49 55 54 33 17 36 23 28 27 44 15 46 48 50 45 47 20 35 52 39 26 41 29 56 8 32 13 53 3 22 42 59 38 37 16 30 57 25 51 58 1 24 9 14 19 5 21 7 34 40 10 31 43 11 0 12 6 18 2 4
13 44 7 57 47 8 22 36 18 31 56 9 51 52 21 34 45 15 41 1 16 48 0 2 40 58 53 11 59 17 49 27 37 26 29 38 12 39 5 30 23 4 25 10 35 28 54 50 46 19 32 3 24 42 43 33 14 20 6 55
39 15 29 55 28 46 21 57 23 12 5 45 27 48 16 20 41 10 38 32 2 40 54 47 35 44 19 1 34 3 36 11 8 37 13 22 51 24 18 53 58 4 6 33 14 30 31 26 0 9 56 59 25 50 7 52 42 43 49 17
15 47 39 22 56 29 51 37 44 31 35 48 52 54 57 23 34 36 25 14 50 4 53 6 13 21 2 38 41 10 3 58 43 16 49 59 27 8 30 1 0 42 55 17 24 9 32 45 40 7 11 28 19 18 46 20 12 5 33 26
15873084135988517506 5120
49 38 55 34 21 39 27 33 43 40 23 44 41 7 32 1 58 54 19 10 46 11 56 18 35 52 4 3 8 15 51 20 13 50 31 59 45 48 0 9 14 53 6 37 24 47 36 26 5 28 25 12 22 29 17 57 2 30 16 42
40 29 27 49 48 19 52 22 30 2 59 55 18 31 39 24 1 44 21 32 17 56 42 25 3 4 14 50 57 51 28 8 0 26 12 5 54 35 36 15 6 58 43 34 10 38 33 16 46 23 7 11 41 9 13 53 20 47 37 45
38 5 30 1 41 46 21 18 23 25 28 58 43 56 3 57 37 34 4 10 22 9 17 44 36 54 53 16 24 6 45 15 47 51 50 12 8 19 27 39 31 52 59 14 11 26 48 49 20 55 32 35 7 0 40 29 33 2 13 42
31 57 50 45 33 17 54 23 42 20 56 47 28 30 32 13 21 37 49 36 11 22 18 9 41 4 53 46 5 55 14 40 12 8 39 7 25 24 58 19 6 35 0 59 51 3 26 52 27 44 38 43 34 16 48 2 1 15 29 10
5118261935974448261 5120
52 4 8 28 38 57 21 42 29 23 45 50 53 24 43 44 26 41 37 47 40 56 12 5 9 25 48 14 32 49 58 54 31 6 16 35 51 13 1 11 27 22 3 59 15 30 46 19 18 10 2 33 39 34 7 20 36 55 17 0
33 58 22 57 2 7 53 34 54 44 9 39 55 23 20 26 32 59 30 50 52 15 19 16 4 36 42 37 49 56 47 1 8 24 14 29 17 6 27 5 10 3 48 46 35 13 25 31 21 45 38 28 18 11 43 51 0 12 41 40
43 28 58 4 34 57 21 37 35 23 42 0 53 24 10 44 30 41 31 38 40 56 17 12 55 25 48 32 6 49 8 54 39 14 16 29 51 59 1 13 27 22 3 11 15 26 2 19 18 52 45 33 47 20 7 5 36 9 46 50
34 51 22 25 3 38 53 57 45 47 9 39 46 15 24 26 32 59 30 33 52 13 18 44 4 36 58 2 29 55 40 1 50 42 49 16 28 6 27 5 54 7 48 41 56 11 0 31 21 10 35 17 19 8 43 20 12 37 23 14
1240864220508430217 5120
46 37 30 16 25 12 34 38 45 35 32 44 6 31 56 27 54 47 49 22 55 1 41 2 40 48 14 3 43 9 8 19 51 10 39 36 24 33 50 17 4 7 59 21 42 0 58 53 11 13 29 18 15 26 57 5 52 20 23 28
54 57 48 51 5 17 30 10 35 45 2 13 58 27 39 4 47 32 29 25 7 55 11 19 50 43 49 36 14 53 26 52 40 56 42 16 59 46 0 41 24 22 3 6 34 33 12 18 38 9 31 44 21 37 20 28 23 15 1 8
57 21 56 37 48 36 45 29 30 33 39 52 53 22 1 8 51 23 46 44 47 19 58 38 54 7 49 15 17 16 26 18 3 42 59 9 28 6 20 34 5 24 13 43 4 40 35 50 27 41 0 2 11 55 10 25 12 31 32 14
53 49 22 24 28 1 47 31 41 21 52 39 32 55 56 13 42 46 25 8 2 45 3 26 54 36 14 48 9 50 44 37 35 16 58 43 27 57 6 18 11 19 29 59 23 51 38 7 15 10 40 33 34 0 17 30 4 12 5 20
14421633283968392785 5120
14 26 57 23 32 39 42 56 41 0 31 20 34 12 29 36 49 35 7 51 22 40 46 45 37 38 16 44 52 58 53 47 2 54 4 11 30 18 19 3 1 59 48 33 55 15 24 5 9 27 10 17 21 8 43 6 28 50 13 25
46 59 53 35 54 20 27 41 4 38 39 14 29 34 44 57 50 31 25 24 56 7 15 13 37 18 21 30 9 52 3 58 33 23 40 49 6 36 1 51 48 10 11 19 22 16 2 45 26 47 17 28 8 0 32 42 43 12 55 5
46 49 57 33 35 47 2 43 36 52 50 44 30 27 34 24 21 37 59 7 5 23 19 40 51 28 55 38 0 41 31 11 12 45 4 54 22 56 18 58 15 25 8 48 53 9 17 42 6 13 20 16 29 3 32 39 1 10 26 14
59 26 14 43 56 2 33 23 30 38 58 15 10 34 41 21 18 1 52 36 54 49 32 44 12 19 0 5 42 16 45 7 55 51 40 13 6 25 48 11 47 9 39 35 8 3 24 4 27 50 17 28 31 57 46 20 22 53 37 29
12321412763673207118 5120
55 53 1 18 31 45 26 27 43 34 6 2 51 22 40 56 41 30 39 13 57 3 0 17 36 54 14 33 28 59 38 35 52 42 11 24 23 16 25 19 50 7 48 44 15 4 5 10 29 58 49 37 46 12 9 32 47 8 20 21
11 41 35 28 57 53 23 7 50 42 38 30 51 40 37 10 46 8 27 25 54 49 58 31 24 3 45 2 17 56 9 39 22 16 47 43 21 26 12 48 33 52 13 29 55 0 20 4 34 36 6 32 18 14 44 59 1 15 5 19
51 41 55 33 21 6 58 10 35 16 38 29 30 50 7 31 24 43 20 22 12 53 13 25 4 57 15 34 0 49 40 18 11 14 44 39 32 36 46 9 17 5 3 19 56 27 2 52 28 54 45 59 47 26 8 37 1 23 48 42
45 57 10 42 41 31 21 35 37 22 28 53 9 16 27 24 54 29 48 13 23 18 56 58 55 36 39 6 52 33 20 12 46 51 7 15 19 34 50 30 44 49 32 25 4 5 26 47 59 17 2 3 11 43 1 8 14 38 40 0
8965533273737450184 5120
13 0 52 27 47 31 18 36 6 53 16 9 58 51 57 45 41 22 38 34 30 46 2 28 49 37 33 55 40 25 10 19 32 42 43 5 44 59 1 15 23 14 35 11 12 7 48 3 21 26 17 39 56 29 4 24 54 20 50 8
10 28 47 46 23 58 49 31 38 20 18 45 1 17 30 52 25 41 0 44 36 16 21 13 51 48 5 2 22 59 53 42 15 8 29 56 50 7 26 9 14 24 57 32 40 55 43 4 6 54 39 34 19 12 35 37 33 3 27 11
20 41 12 51 25 33 47 22 53 30 55 54 23 15 32 38 35 29 9 58 6 56 44 39 14 50 5 1 45 17 18 3 28 52 48 36 11 8 49 19 16 13 0 59 37 4 46 57 43 34 42 40 26 31 24 10 2 21 27 7
53 16 26 32 47 12 27 40 33 44 28 57 17 41 45 34 55 52 42 23 9 5 48 11 46 25 58 36 8 21 39 59 51 13 54 7 56 22 3 14 35 49 6 43 50 19 1 30 24 31 10 18 38 4 0 29 37 15 2 20
9918116532129521059 5120
44 39 32 20 55 21 1 51 11 50 59 17 24 56 14 29 38 43 26 2 5 49 0 35 42 12 37 3 54 47 7 40 34 28 52 36 41 8 53 30 4 19 23 58 15 9 18 48 6 46 45 33 22 16 57 13 27 10 31 25
45 44 36 30 57 41 34 22 40 53 51 28 47 24 20 58 55 29 52 49 46 50 38 3 0 54 12 32 21 15 43 59 16 37 26 6 10 23 2 33 35 39 7 1 17 13 48 11 31 27 8 19 18 56 4 25 14 42 9 5
12 42 37 53 57 26 28 27 34 49 54 38 25 9 24 11 4 43 41 45 29 30 59 44 20 36 5 33 50 35 32 7 40 17 3 52 6 51 47 0 56 55 2 58 48 46 16 10 31 18 21 39 13 19 23 8 15 14 22 1
13 49 24 50 57 53 23 26 43 28 59 9 46 30 42 58 34 27 37 33 51 6 10 11 7 4 2 52 1 17 40 47 14 5 44 18 25 29 55 15 20 45 54 0 12 21 35 36 3 32 8 19 56 39 38 22 31 48 16 41
7192680156757676808 5120
55 42 56 38 3 19 26 50 23 46 5 57 7 54 30 52 28 22 13 10 16 17 18 37 36 29 44 48 31 49 40 39 43 8 41 51 27 9 34 59 1 33 32 25 15 47 6 4 2 12 58 53 35 0 11 45 14 21 24 20
40 7 30 55 46 23 38 11 6 48 31 43 56 9 47 17 26 10 50 45 0 58 41 44 36 53 5 54 16 15 14 35 59 3 37 22 25 33 52 28 39 19 4 8 27 32 42 24 1 57 21 12 18 20 29 2 49 34 13 51
54 41 57 5 33 25 11 42 22 45 49 46 59 17 16 38 37 27 35 44 39 24 14 13 3 12 56 32 23 31 58 2 40 51 43 4 26 34 47 52 15 36 6 19 10 8 48 30 29 53 21 55 50 1 9 20 7 0 28 18
12 14 23 29 37 59 44 18 2 4 27 53 10 48 41 25 8 33 40 5 1 56 58 51 55 54 13 42 57 9 3 46 52 43 39 26 50 7 36 34 15 32 11 31 0 22 47 17 16 21 49 24 28 38 6 19 30 20 35 45
5800187062649292536 5120
16 42 33 48 37 25 50 31 10 20 56 59 24 1 39 35 36 21 30 43 51 49 46 29 0 28 7 15 54 5 3 12 22 8 58 32 9 14 23 19 52 18 27 26 40 57 41 53 17 55 11 4 47 34 45 44 13 38 6 2
50 57 23 2 32 55 27 46 39 49 17 40 22 51 28 44 36 47 11 33 6 34 4 37 16 19 45 41 7 26 18 48 43 53 14 3 35 58 8 42 38 31 13 56 5 30 15 25 29 20 24 9 59 12 0 10 54 21 1 52
16 42 33 48 37 25 50 31 10 28 56 59 24 1 39 35 36 21 30 43 51 49 46 29 0 20 7 15 19 5 3 12 22 8 58 32 9 14 23 54 52 18 27 26 40 57 41 53 17 55 11 4 47 34 45 44 13 38 6 2
50 57 23 2 32 55 27 46 39 49 17 40 22 51 28 44 36 47 11 33 6 34 4 37 16 19 45 41 7 26 18 48 43 53 14 3 35 58 8 42 38 31 13 56 5 30 15 25 29 20 24 9 59 12 0 10 54 21 1 52
