FACTOR_PERMUTATION_V1 12 16 1024 1 1
10 0 1 1 1 1 1 1 1 1 1 1 0 0 2 2 2 2 2 2 2 2 2 2 0 1 1 2 2 2 2 2 2 2 2 2
0 10 1 1 1 1 1 1 1 1 1 1 0 0 2 2 2 2 2 2 2 2 2 2 1 0 2 2 1 2 2 2 2 2 2 2
1 1 10 0 1 1 1 1 1 1 1 1 2 2 0 0 2 2 2 2 2 2 2 2 1 2 0 1 2 2 2 2 2 2 2 2
1 1 0 10 1 1 1 1 1 1 1 1 2 2 0 0 2 2 2 2 2 2 2 2 2 2 1 0 2 1 2 2 2 2 2 2
1 1 1 1 10 0 1 1 1 1 1 1 2 2 2 2 0 1 1 2 2 2 2 2 2 1 2 2 0 1 2 2 2 2 2 2
1 1 1 1 0 10 1 1 1 1 1 1 2 2 2 2 1 0 2 1 2 2 2 2 2 2 2 1 1 0 2 2 2 2 2 2
1 1 1 1 1 1 10 0 1 1 1 1 2 2 2 2 1 2 0 1 2 2 2 2 2 2 2 2 2 2 0 1 1 2 2 2
1 1 1 1 1 1 0 10 1 1 1 1 2 2 2 2 2 1 1 0 2 2 2 2 2 2 2 2 2 2 1 0 2 1 2 2
1 1 1 1 1 1 1 1 10 0 1 1 2 2 2 2 2 2 2 2 0 1 1 2 2 2 2 2 2 2 1 2 0 1 2 2
1 1 1 1 1 1 1 1 0 10 1 1 2 2 2 2 2 2 2 2 1 0 2 1 2 2 2 2 2 2 2 1 1 0 2 2
1 1 1 1 1 1 1 1 1 1 10 0 2 2 2 2 2 2 2 2 1 2 0 1 2 2 2 2 2 2 2 2 2 2 0 0
1 1 1 1 1 1 1 1 1 1 0 10 2 2 2 2 2 2 2 2 2 1 1 0 2 2 2 2 2 2 2 2 2 2 0 0
0 0 2 2 2 2 2 2 2 2 2 2 10 0 1 1 1 1 1 1 1 1 1 1 0 1 1 2 2 2 2 2 2 2 2 2
0 0 2 2 2 2 2 2 2 2 2 2 0 10 1 1 1 1 1 1 1 1 1 1 1 0 2 2 1 2 2 2 2 2 2 2
2 2 0 0 2 2 2 2 2 2 2 2 1 1 10 0 1 1 1 1 1 1 1 1 1 2 0 1 2 2 2 2 2 2 2 2
2 2 0 0 2 2 2 2 2 2 2 2 1 1 0 10 1 1 1 1 1 1 1 1 2 2 1 0 2 1 2 2 2 2 2 2
2 2 2 2 0 1 1 2 2 2 2 2 1 1 1 1 10 1 0 1 1 1 1 1 2 1 2 2 0 2 1 2 2 2 2 2
2 2 2 2 1 0 2 1 2 2 2 2 1 1 1 1 1 10 1 0 1 1 1 1 2 2 2 1 2 0 2 1 2 2 2 2
2 2 2 2 1 2 0 1 2 2 2 2 1 1 1 1 0 1 10 1 1 1 1 1 2 2 2 2 1 2 0 2 1 2 2 2
2 2 2 2 2 1 1 0 2 2 2 2 1 1 1 1 1 0 1 10 1 1 1 1 2 2 2 2 2 1 2 0 2 1 2 2
2 2 2 2 2 2 2 2 0 1 1 2 1 1 1 1 1 1 1 1 10 1 0 1 2 2 2 2 2 2 1 2 0 2 1 2
2 2 2 2 2 2 2 2 1 0 2 1 1 1 1 1 1 1 1 1 1 10 1 0 2 2 2 2 2 2 2 1 2 0 2 1
2 2 2 2 2 2 2 2 1 2 0 1 1 1 1 1 1 1 1 1 0 1 10 1 2 2 2 2 2 2 2 2 1 2 0 1
2 2 2 2 2 2 2 2 2 1 1 0 1 1 1 1 1 1 1 1 1 0 1 10 2 2 2 2 2 2 2 2 2 1 1 0
0 1 1 2 2 2 2 2 2 2 2 2 0 1 1 2 2 2 2 2 2 2 2 2 10 1 0 1 1 1 1 1 1 1 1 1
1 0 2 2 1 2 2 2 2 2 2 2 1 0 2 2 1 2 2 2 2 2 2 2 1 10 1 1 0 1 1 1 1 1 1 1
1 2 0 1 2 2 2 2 2 2 2 2 1 2 0 1 2 2 2 2 2 2 2 2 0 1 10 1 1 1 1 1 1 1 1 1
2 2 1 0 2 1 2 2 2 2 2 2 2 2 1 0 2 1 2 2 2 2 2 2 1 1 1 10 1 0 1 1 1 1 1 1
2 1 2 2 0 1 2 2 2 2 2 2 2 1 2 2 0 2 1 2 2 2 2 2 1 0 1 1 10 1 1 1 1 1 1 1
2 2 2 1 1 0 2 2 2 2 2 2 2 2 2 1 2 0 2 1 2 2 2 2 1 1 1 0 1 10 1 1 1 1 1 1
2 2 2 2 2 2 0 1 1 2 2 2 2 2 2 2 1 2 0 2 1 2 2 2 1 1 1 1 1 1 10 1 0 1 1 1
2 2 2 2 2 2 1 0 2 1 2 2 2 2 2 2 2 1 2 0 2 1 2 2 1 1 1 1 1 1 1 10 1 0 1 1
2 2 2 2 2 2 1 2 0 1 2 2 2 2 2 2 2 2 1 2 0 2 1 2 1 1 1 1 1 1 0 1 10 1 1 1
2 2 2 2 2 2 2 1 1 0 2 2 2 2 2 2 2 2 2 1 2 0 2 1 1 1 1 1 1 1 1 0 1 10 1 1
2 2 2 2 2 2 2 2 2 2 0 0 2 2 2 2 2 2 2 2 1 2 0 1 1 1 1 1 1 1 1 1 1 1 10 0
2 2 2 2 2 2 2 2 2 2 0 0 2 2 2 2 2 2 2 2 2 1 1 0 1 1 1 1 1 1 1 1 1 1 0 10
0 2
0 3
0 4
0 5
0 6
0 7
0 8
0 9
0 10
0 11
1 2
1 3
1 4
1 5
1 6
1 7
1 8
1 9
1 10
1 11
2 4
2 5
2 6
2 7
2 8
2 9
2 10
2 11
3 4
3 5
3 6
3 7
3 8
3 9
3 10
3 11
4 6
4 7
4 8
4 9
4 10
4 11
5 6
5 7
5 8
5 9
5 10
5 11
6 8
6 9
6 10
6 11
7 8
7 9
7 10
7 11
8 10
8 11
9 10
9 11
0 2
0 3
0 4
0 5
0 6
0 7
0 8
0 9
0 10
0 11
1 2
1 3
1 4
1 5
1 6
1 7
1 8
1 9
1 10
1 11
2 4
2 5
2 6
2 7
2 8
2 9
2 10
2 11
3 4
3 5
3 6
3 7
3 8
3 9
3 10
3 11
4 5
4 7
4 8
4 9
4 10
4 11
5 6
5 8
5 9
5 10
5 11
6 7
6 8
6 9
6 10
6 11
7 8
7 9
7 10
7 11
8 9
8 11
9 10
10 11
0 1
0 3
0 4
0 5
0 6
0 7
0 8
0 9
0 10
0 11
1 2
1 3
1 5
1 6
1 7
1 8
1 9
1 10
1 11
2 3
2 4
2 5
2 6
2 7
2 8
2 9
2 10
2 11
3 4
3 6
3 7
3 8
3 9
3 10
3 11
4 5
4 6
4 7
4 8
4 9
4 10
4 11
5 6
5 7
5 8
5 9
5 10
5 11
6 7
6 9
6 10
6 11
7 8
7 10
7 11
8 9
8 10
8 11
9 10
9 11
10845089576693994843 2048
41 49 35 38 8 26 3 27 44 32 4 21 34 0 51 56 23 55 16 40 46 58 10 39 54 11 47 43 17 48 45 12 50 52 9 37 53 24 7 42 5 15 31 18 28 59 22 14 57 6 36 25 30 13 1 2 33 19 20 29
49 12 56 53 43 59 34 5 24 22 8 57 4 37 27 28 50 44 32 14 16 51 52 46 20 38 0 54 30 17 7 26 45 41 36 6 29 3 15 25 58 21 55 18 9 19 42 33 10 47 2 39 1 13 23 31 48 35 11 40
12 49 35 38 8 26 3 27 44 32 4 21 34 0 51 56 23 55 16 40 46 58 10 39 54 11 47 43 17 48 45 41 30 52 9 37 53 24 7 42 5 15 31 18 28 59 22 14 57 6 36 25 50 13 1 2 33 19 20 29
49 43 56 53 12 18 34 5 24 22 51 57 4 37 27 28 50 44 32 14 16 38 52 46 20 8 0 54 30 17 7 26 45 41 36 6 29 3 15 25 58 21 55 59 9 19 42 33 10 47 2 39 1 13 23 31 48 35 11 40
15096169033625834831 2048
48 11 6 41 51 58 37 54 44 25 40 12 53 21 36 26 49 35 32 2 7 52 46 55 18 28 23 4 59 56 57 39 3 45 5 47 17 34 27 13 50 16 0 14 15 30 33 9 31 8 38 10 1 24 19 43 22 29 42 20
53 57 54 44 26 3 25 28 38 36 40 30 46 50 9 24 18 48 55 21 31 22 0 41 42 13 43 32 5 7 35 56 39 14 4 15 23 59 1 27 10 49 16 47 8 20 11 52 51 33 34 45 17 12 29 19 37 2 58 6
48 11 6 41 51 58 37 54 44 25 40 12 53 21 36 26 49 35 32 2 7 52 46 55 18 28 23 4 59 56 57 39 3 45 5 47 17 34 27 13 50 16 0 14 15 30 33 9 31 8 38 10 1 24 19 43 22 29 42 20
53 57 54 44 26 3 25 28 38 36 40 30 46 50 9 24 18 48 55 21 31 22 0 41 42 13 43 32 5 7 35 56 39 14 4 15 23 59 1 27 10 49 16 47 8 20 11 52 51 33 34 45 17 12 29 19 37 2 58 6
14860566267676483379 2048
31 55 52 42 7 59 10 30 56 20 8 44 57 22 19 39 28 21 27 32 17 48 23 46 49 2 38 13 9 40 3 54 51 24 1 14 26 25 0 34 29 47 58 12 11 5 53 6 33 16 41 45 18 35 4 43 36 37 15 50
59 12 48 54 31 5 40 17 36 44 42 27 39 7 30 56 47 50 32 24 33 18 46 38 43 2 0 49 15 53 8 28 4 52 37 35 41 13 34 3 55 6 16 51 23 29 10 58 9 21 26 14 25 22 45 1 11 20 57 19
31 55 52 42 7 59 10 30 56 20 8 44 57 22 19 39 28 21 27 32 17 48 23 46 49 2 38 13 9 40 3 54 51 24 11 14 26 25 0 34 29 47 58 12 1 5 53 6 33 16 41 45 18 35 4 43 36 37 15 50
59 22 48 54 31 5 40 17 36 44 42 27 39 7 30 56 47 50 32 24 33 18 46 38 43 2 0 49 15 53 8 28 4 52 37 35 41 13 34 3 55 6 16 51 23 29 10 58 9 21 26 14 25 12 45 1 11 20 57 19
14739212330950546225 2048
28 54 3 48 19 33 42 25 29 24 43 51 34 39 56 10 55 30 38 36 53 8 44 37 27 50 35 4 6 32 41 47 17 45 14 5 26 57 59 52 12 13 21 11 22 15 7 58 16 1 23 0 9 40 49 18 2 31 20 46
13 17 54 41 44 58 26 38 24 43 18 47 37 52 19 42 28 56 25 3 46 2 40 57 48 45 36 30 50 7 8 32 51 14 23 6 59 11 15 4 1 55 49 53 0 22 12 29 5 34 31 16 21 27 9 20 39 35 33 10
28 54 3 48 19 33 42 25 29 24 43 51 34 39 56 10 55 30 38 36 53 8 44 37 27 50 35 4 6 32 41 47 17 45 14 5 26 57 59 52 12 13 21 11 22 15 7 58 16 1 23 0 9 40 49 18 2 31 20 46
13 17 54 41 44 58 26 38 24 43 18 47 37 52 19 42 28 56 25 3 46 2 40 57 48 45 36 30 50 7 8 32 51 14 23 6 59 11 15 4 1 55 49 53 0 22 12 29 5 34 31 16 21 27 9 20 39 35 33 10
2450728406338056743 2048
42 56 31 18 0 45 23 33 9 38 59 52 46 24 11 39 49 20 5 36 55 53 57 29 28 47 19 8 17 26 35 14 54 50 37 3 2 4 6 10 44 34 58 41 13 1 48 22 12 43 25 30 27 7 32 16 51 21 40 15
37 48 7 10 56 29 41 50 44 45 49 17 8 59 42 47 6 14 30 24 36 31 0 9 40 18 25 12 33 57 20 55 21 46 4 39 51 26 23 3 16 54 5 53 58 15 1 22 34 27 35 32 11 28 38 2 43 13 19 52
42 56 31 18 0 45 23 33 9 38 59 52 46 24 11 39 49 20 5 36 55 53 57 29 28 47 19 8 17 26 35 14 54 50 37 3 2 4 6 10 44 34 58 41 13 1 48 22 12 43 25 30 27 7 32 16 51 21 40 15
37 48 7 10 56 29 41 50 44 45 49 17 8 59 42 47 6 14 30 24 36 31 0 9 40 18 25 12 33 57 20 55 21 46 4 39 51 26 23 3 16 54 5 53 58 15 1 22 34 27 35 32 11 28 38 2 43 13 19 52
10584732948325186834 2048
40 27 46 25 49 45 3 16 30 38 11 52 57 34 56 47 50 41 20 21 44 48 9 39 53 15 55 4 12 7 43 18 51 5 13 31 26 6 23 58 8 14 24 59 19 0 17 36 2 29 35 54 10 28 22 32 1 33 37 42
12 15 8 48 31 32 20 43 51 29 57 35 42 25 17 34 23 22 6 46 55 5 44 9 26 1 39 16 54 40 27 36 18 50 49 52 7 19 13 47 30 21 59 0 33 41 10 38 53 11 37 2 28 58 56 45 3 4 24 14
40 57 46 25 49 47 3 16 30 38 11 53 27 34 56 45 50 41 20 21 44 48 9 39 52 15 55 4 12 7 43 18 51 5 13 31 26 6 23 58 8 14 24 59 19 0 17 36 2 29 35 54 10 28 22 32 1 33 37 42
12 15 8 48 31 47 20 43 50 29 57 17 42 25 35 34 23 22 6 14 55 5 44 9 26 1 39 16 54 40 27 36 32 51 49 38 7 19 13 18 30 21 59 0 33 41 10 52 53 11 37 2 28 58 56 45 3 4 24 46
4618561720868507244 2048
47 52 51 32 21 35 43 41 20 58 57 39 30 53 24 54 10 45 42 38 26 28 19 3 18 36 5 13 44 1 16 59 2 50 9 14 15 6 55 8 11 23 27 17 46 48 37 25 34 7 49 29 22 12 56 40 33 4 0 31
51 0 24 59 58 38 8 43 28 42 45 56 32 33 47 41 54 23 6 22 14 53 34 25 49 9 35 31 18 57 39 29 27 40 16 5 26 48 19 1 4 52 15 10 36 11 7 2 3 37 30 17 21 44 46 55 20 12 50 13
47 52 51 32 21 35 43 41 20 58 57 39 30 53 24 54 10 45 42 38 26 28 19 3 18 36 5 13 44 1 16 59 2 50 9 14 15 6 55 8 11 23 27 17 46 48 37 25 34 7 49 29 22 12 56 40 33 4 0 31
51 0 24 59 25 38 8 43 28 42 45 56 32 33 47 41 54 23 6 22 14 53 34 58 49 9 35 31 18 57 39 29 27 40 16 5 26 48 19 55 4 52 15 10 36 11 7 2 3 37 30 17 21 44 12 1 20 46 50 13
10175875671177888272 2048
39 46 34 23 24 45 47 0 28 35 55 50 56 59 21 12 29 15 32 49 4 30 16 40 53 8 3 36 17 57 42 1 20 58 52 54 31 43 27 37 51 10 26 33 11 48 44 5 6 41 19 2 9 22 25 14 18 38 7 13
34 2 23 57 12 36 33 53 49 15 22 45 19 30 58 56 4 28 18 6 51 5 14 44 40 55 31 25 50 39 27 41 10 13 52 0 38 9 43 47 11 7 8 46 54 26 16 29 59 1 21 37 17 48 20 32 42 35 3 24
39 46 34 23 38 45 47 0 28 35 55 50 56 59 21 12 29 15 32 49 4 30 16 40 53 8 3 36 17 57 42 1 20 58 52 54 31 43 27 37 51 10 26 33 14 48 44 5 6 41 19 2 9 22 25 11 18 24 7 13
34 2 23 57 12 36 33 53 49 15 22 45 19 30 58 56 42 28 18 6 47 5 14 44 40 39 31 25 50 55 27 41 10 13 52 0 38 8 43 51 11 7 9 46 54 26 16 29 59 1 21 37 17 48 20 32 4 35 3 24
18179384101107157450 2048
40 24 22 16 39 30 59 43 3 31 49 19 1 25 57 44 54 21 53 36 41 9 18 17 20 42 52 55 45 7 33 51 37 15 26 48 5 58 6 38 35 10 27 32 47 34 14 50 29 8 13 11 2 12 46 0 56 4 28 23
45 14 56 51 16 43 29 47 22 40 9 23 54 44 21 50 58 28 20 31 3 11 59 17 48 53 38 52 2 36 6 41 46 4 18 25 34 24 39 26 49 32 8 7 27 15 55 5 10 33 37 42 57 19 0 35 30 12 1 13
40 24 22 16 39 30 59 43 3 31 49 19 1 25 57 44 54 21 53 36 41 9 18 17 20 42 52 55 45 7 33 51 37 15 26 48 5 58 6 38 35 10 27 32 47 34 14 50 29 8 13 11 2 12 46 0 56 4 28 23
45 14 56 51 16 43 29 47 22 40 9 23 54 44 21 50 58 28 20 31 3 11 59 17 48 53 38 52 2 36 6 41 46 4 18 25 34 24 39 26 49 32 8 7 27 15 55 5 10 33 37 42 57 19 0 35 30 12 1 13
14049156427293854349 2048
29 26 39 41 59 10 13 47 6 30 57 11 52 54 0 43 20 27 44 34 51 33 46 58 37 9 38 22 24 56 12 55 3 36 4 53 18 45 49 8 23 7 32 25 50 14 2 15 35 5 31 21 1 28 48 40 19 42 17 16
49 36 53 24 45 17 27 9 43 32 54 48 19 51 39 35 3 22 52 50 46 41 28 7 13 12 25 38 59 10 47 31 8 56 16 2 55 0 11 34 15 42 6 33 37 30 29 58 5 26 40 14 57 18 4 23 20 21 44 1
29 26 39 41 59 10 13 47 6 30 57 11 52 54 0 43 20 34 44 48 51 33 46 58 37 9 38 22 24 56 12 55 3 36 4 53 18 45 49 8 23 7 32 25 50 14 2 15 35 5 31 21 1 28 27 40 19 42 17 16
49 36 53 24 45 17 27 9 43 32 54 48 19 51 39 35 3 22 52 50 46 41 28 7 13 12 25 38 59 10 47 31 8 56 16 2 55 0 11 34 15 42 6 33 37 30 29 58 5 26 40 14 57 18 4 23 20 21 44 1
15517706049989580880 2048
57 1 23 27 29 38 49 43 36 37 50 46 41 5 24 25 34 44 33 39 7 8 52 13 51 2 21 12 32 48 53 9 40 14 17 54 45 11 47 26 35 4 58 28 10 18 6 30 19 55 0 16 20 42 59 56 15 3 31 22
35 53 57 15 16 46 26 41 55 36 54 22 19 44 39 40 45 17 31 9 4 58 11 50 13 30 43 56 52 5 34 38 37 18 49 12 23 59 33 42 0 32 24 51 14 29 25 2 3 8 47 48 7 6 1 10 27 28 20 21
57 1 23 27 29 38 49 43 36 37 50 46 41 5 24 25 34 44 21 39 7 8 52 13 51 2 33 12 32 48 53 9 40 14 17 54 45 11 47 26 28 4 58 35 10 18 6 30 19 55 0 16 20 42 59 56 15 3 31 22
35 53 57 15 16 46 26 41 55 36 54 22 19 44 39 40 45 17 31 9 4 58 11 50 13 30 43 56 52 5 34 38 37 18 49 12 23 59 33 42 0 32 24 51 14 29 25 2 3 8 47 48 7 6 1 10 27 28 20 21
4774188448804938965 2048
41 8 24 52 44 35 33 40 22 48 13 25 55 32 27 50 47 21 37 7 14 46 54 6 9 39 11 43 56 12 57 45 2 51 42 15 18 28 4 5 26 17 3 19 30 58 49 23 59 1 53 36 10 31 38 0 29 20 16 34
22 54 55 40 50 30 2 44 32 43 59 13 26 48 41 7 27 46 3 31 8 52 11 45 35 37 15 25 12 5 9 20 33 17 38 49 23 57 24 29 39 47 18 56 16 19 4 0 42 58 21 1 34 6 10 36 14 53 28 51
41 8 24 52 44 22 33 40 35 48 13 25 55 32 27 50 47 21 37 7 14 46 54 6 9 39 11 43 56 12 57 45 2 51 42 15 18 28 4 5 26 17 0 19 30 58 49 23 59 1 53 36 10 31 38 3 29 20 16 34
22 54 55 40 50 30 2 44 32 43 59 13 26 48 41 7 27 46 3 31 8 52 11 45 35 37 15 25 12 5 9 20 33 17 38 49 23 57 24 29 39 47 18 56 16 19 4 0 42 58 21 1 34 6 10 36 14 53 28 51
552596022755984086 2048
55 44 21 9 27 50 37 54 32 30 17 31 51 48 23 46 28 26 43 39 58 57 42 56 45 3 47 6 52 8 16 59 22 5 36 12 41 0 35 11 7 24 33 20 13 38 53 34 49 40 18 1 2 29 10 15 19 25 4 14
41 49 4 31 38 53 33 24 43 55 44 40 19 25 48 39 7 47 6 14 29 5 26 57 35 58 16 28 0 8 45 3 30 51 27 52 59 15 50 34 37 46 56 18 54 36 22 13 12 11 20 23 21 17 32 1 10 2 9 42
17 44 21 9 27 50 37 54 32 30 55 31 51 48 23 46 28 26 43 39 58 57 42 56 45 3 47 6 52 8 16 59 22 5 36 12 41 0 35 11 7 24 33 20 13 38 53 34 49 40 18 1 2 29 10 15 19 25 4 14
41 49 4 31 38 53 33 24 43 55 44 40 19 25 48 39 7 47 6 14 29 5 26 57 35 58 16 28 0 8 45 3 30 51 27 52 59 15 50 34 37 46 56 18 54 36 22 13 12 11 20 23 21 17 32 1 10 2 9 42
5761002362067908492 2048
58 15 43 50 22 23 1 40 39 29 46 8 31 56 34 25 12 42 53 48 54 20 35 57 47 14 6 36 17 38 3 49 41 52 55 33 44 32 51 19 4 26 18 27 10 5 30 37 7 45 24 16 11 59 13 2 9 21 28 0
41 45 25 43 38 33 37 29 17 4 50 49 51 56 6 35 26 11 21 23 1 55 14 39 18 47 42 31 30 54 46 8 3 16 52 15 59 22 2 44 24 12 7 13 48 9 58 20 19 40 0 28 34 10 36 57 32 27 5 53
57 15 43 50 22 23 1 40 39 29 55 8 31 56 34 25 12 42 53 48 54 20 35 58 47 14 6 36 17 38 3 49 41 52 46 33 44 32 9 19 4 26 18 27 10 5 30 37 7 45 24 16 11 59 13 2 51 21 28 0
41 45 25 43 38 33 37 29 17 4 50 49 51 56 6 35 26 11 5 23 1 55 14 39 18 47 42 31 30 54 46 8 3 16 52 15 59 7 2 44 24 12 22 13 48 9 58 20 19 40 0 28 34 10 36 57 32 27 21 53
3120871629921076835 2048
47 2 58 57 19 32 21 23 37 42 43 31 22 26 6 44 59 29 55 12 46 49 39 40 18 38 0 52 9 17 10 7 36 54 48 56 50 34 15 25 13 20 35 28 41 8 4 53 30 3 45 24 51 16 27 5 33 1 11 14
59 32 0 30 44 25 41 40 13 21 20 51 17 48 12 34 31 58 23 33 4 50 6 43 16 47 46 28 36 27 37 56 53 3 7 49 19 9 26 54 52 45 18 38 8 22 55 15 5 10 39 57 24 42 11 1 35 14 29 2
47 2 58 57 19 32 21 23 37 42 43 31 22 26 6 44 59 29 55 12 46 49 39 40 18 38 0 52 9 17 10 7 36 54 48 56 50 34 15 25 13 20 35 28 41 8 4 53 30 3 45 24 51 16 27 5 33 1 11 14
59 32 49 30 44 25 34 40 13 21 20 51 17 48 12 41 31 58 23 33 4 50 6 43 16 47 46 28 36 27 37 56 14 3 7 0 19 9 26 54 52 45 18 38 8 22 55 15 5 10 39 57 24 42 11 1 35 53 29 2
1115756949009419943 2048
56 55 34 47 11 26 3 31 20 42 28 45 54 25 1 41 27 49 52 22 9 39 46 58 43 50 14 5 33 18 16 36 12 51 44 6 21 19 53 38 4 48 32 8 30 10 7 29 23 59 2 37 17 0 57 24 35 40 13 15
37 5 51 57 55 32 26 20 45 15 34 58 44 42 23 8 52 9 39 33 49 53 38 21 41 3 48 18 0 54 46 59 6 29 22 35 2 24 50 11 30 25 1 40 7 27 31 13 17 16 47 19 28 12 10 36 43 14 56 4
56 55 34 47 1 26 3 31 20 42 28 45 54 25 11 41 27 49 52 22 9 39 46 58 43 50 14 5 33 18 16 36 12 51 44 6 21 19 53 38 4 48 32 8 30 10 7 29 23 59 2 37 17 0 57 24 35 40 13 15
37 5 51 57 55 32 26 20 45 15 34 48 44 42 23 8 52 9 39 33 49 53 38 21 41 3 58 18 0 54 46 59 6 29 22 35 2 24 50 11 30 25 1 40 7 27 31 13 17 16 47 19 28 12 10 36 43 14 56 4
