FACTOR_PERMUTATION_V1 12 16 1024 1 1
10 0 1 1 1 1 1 1 1 1 1 1 0 0 2 2 2 2 2 2 2 2 2 2 0 1 1 2 2 2 2 2 2 2 2 2
0 10 1 1 1 1 1 1 1 1 1 1 0 0 2 2 2 2 2 2 2 2 2 2 1 0 2 2 1 2 2 2 2 2 2 2
1 1 10 0 1 1 1 1 1 1 1 1 2 2 0 0 2 2 2 2 2 2 2 2 1 2 0 1 2 2 2 2 2 2 2 2
1 1 0 10 1 1 1 1 1 1 1 1 2 2 0 0 2 2 2 2 2 2 2 2 2 2 1 0 2 1 2 2 2 2 2 2
1 1 1 1 10 0 1 1 1 1 1 1 2 2 2 2 0 1 1 2 2 2 2 2 2 1 2 2 0 1 2 2 2 2 2 2
1 1 1 1 0 10 1 1 1 1 1 1 2 2 2 2 1 0 2 1 2 2 2 2 2 2 2 1 1 0 2 2 2 2 2 2
1 1 1 1 1 1 10 0 1 1 1 1 2 2 2 2 1 2 0 1 2 2 2 2 2 2 2 2 2 2 0 1 1 2 2 2
1 1 1 1 1 1 0 10 1 1 1 1 2 2 2 2 2 1 1 0 2 2 2 2 2 2 2 2 2 2 1 0 2 1 2 2
1 1 1 1 1 1 1 1 10 0 1 1 2 2 2 2 2 2 2 2 0 1 1 2 2 2 2 2 2 2 1 2 0 1 2 2
1 1 1 1 1 1 1 1 0 10 1 1 2 2 2 2 2 2 2 2 1 0 2 1 2 2 2 2 2 2 2 1 1 0 2 2
1 1 1 1 1 1 1 1 1 1 10 0 2 2 2 2 2 2 2 2 1 2 0 1 2 2 2 2 2 2 2 2 2 2 0 0
1 1 1 1 1 1 1 1 1 1 0 10 2 2 2 2 2 2 2 2 2 1 1 0 2 2 2 2 2 2 2 2 2 2 0 0
0 0 2 2 2 2 2 2 2 2 2 2 10 0 1 1 1 1 1 1 1 1 1 1 0 1 1 2 2 2 2 2 2 2 2 2
0 0 2 2 2 2 2 2 2 2 2 2 0 10 1 1 1 1 1 1 1 1 1 1 1 0 2 2 1 2 2 2 2 2 2 2
2 2 0 0 2 2 2 2 2 2 2 2 1 1 10 0 1 1 1 1 1 1 1 1 1 2 0 1 2 2 2 2 2 2 2 2
2 2 0 0 2 2 2 2 2 2 2 2 1 1 0 10 1 1 1 1 1 1 1 1 2 2 1 0 2 1 2 2 2 2 2 2
2 2 2 2 0 1 1 2 2 2 2 2 1 1 1 1 10 1 0 1 1 1 1 1 2 1 2 2 0 2 1 2 2 2 2 2
2 2 2 2 1 0 2 1 2 2 2 2 1 1 1 1 1 10 1 0 1 1 1 1 2 2 2 1 2 0 2 1 2 2 2 2
2 2 2 2 1 2 0 1 2 2 2 2 1 1 1 1 0 1 10 1 1 1 1 1 2 2 2 2 1 2 0 2 1 2 2 2
2 2 2 2 2 1 1 0 2 2 2 2 1 1 1 1 1 0 1 10 1 1 1 1 2 2 2 2 2 1 2 0 2 1 2 2
2 2 2 2 2 2 2 2 0 1 1 2 1 1 1 1 1 1 1 1 10 1 0 1 2 2 2 2 2 2 1 2 0 2 1 2
2 2 2 2 2 2 2 2 1 0 2 1 1 1 1 1 1 1 1 1 1 10 1 0 2 2 2 2 2 2 2 1 2 0 2 1
2 2 2 2 2 2 2 2 1 2 0 1 1 1 1 1 1 1 1 1 0 1 10 1 2 2 2 2 2 2 2 2 1 2 0 1
2 2 2 2 2 2 2 2 2 1 1 0 1 1 1 1 1 1 1 1 1 0 1 10 2 2 2 2 2 2 2 2 2 1 1 0
0 1 1 2 2 2 2 2 2 2 2 2 0 1 1 2 2 2 2 2 2 2 2 2 10 1 0 1 1 1 1 1 1 1 1 1
1 0 2 2 1 2 2 2 2 2 2 2 1 0 2 2 1 2 2 2 2 2 2 2 1 10 1 1 0 1 1 1 1 1 1 1
1 2 0 1 2 2 2 2 2 2 2 2 1 2 0 1 2 2 2 2 2 2 2 2 0 1 10 1 1 1 1 1 1 1 1 1
2 2 1 0 2 1 2 2 2 2 2 2 2 2 1 0 2 1 2 2 2 2 2 2 1 1 1 10 1 0 1 1 1 1 1 1
2 1 2 2 0 1 2 2 2 2 2 2 2 1 2 2 0 2 1 2 2 2 2 2 1 0 1 1 10 1 1 1 1 1 1 1
2 2 2 1 1 0 2 2 2 2 2 2 2 2 2 1 2 0 2 1 2 2 2 2 1 1 1 0 1 10 1 1 1 1 1 1
2 2 2 2 2 2 0 1 1 2 2 2 2 2 2 2 1 2 0 2 1 2 2 2 1 1 1 1 1 1 10 1 0 1 1 1
2 2 2 2 2 2 1 0 2 1 2 2 2 2 2 2 2 1 2 0 2 1 2 2 1 1 1 1 1 1 1 10 1 0 1 1
2 2 2 2 2 2 1 2 0 1 2 2 2 2 2 2 2 2 1 2 0 2 1 2 1 1 1 1 1 1 0 1 10 1 1 1
2 2 2 2 2 2 2 1 1 0 2 2 2 2 2 2 2 2 2 1 2 0 2 1 1 1 1 1 1 1 1 0 1 10 1 1
2 2 2 2 2 2 2 2 2 2 0 0 2 2 2 2 2 2 2 2 1 2 0 1 1 1 1 1 1 1 1 1 1 1 10 0
2 2 2 2 2 2 2 2 2 2 0 0 2 2 2 2 2 2 2 2 2 1 1 0 1 1 1 1 1 1 1 1 1 1 0 10
0 2
0 3
0 4
0 5
0 6
0 7
0 8
0 9
0 10
0 11
1 2
1 3
1 4
1 5
1 6
1 7
1 8
1 9
1 10
1 11
2 4
2 5
2 6
2 7
2 8
2 9
2 10
2 11
3 4
3 5
3 6
3 7
3 8
3 9
3 10
3 11
4 6
4 7
4 8
4 9
4 10
4 11
5 6
5 7
5 8
5 9
5 10
5 11
6 8
6 9
6 10
6 11
7 8
7 9
7 10
7 11
8 10
8 11
9 10
9 11
0 2
0 3
0 4
0 5
0 6
0 7
0 8
0 9
0 10
0 11
1 2
1 3
1 4
1 5
1 6
1 7
1 8
1 9
1 10
1 11
2 4
2 5
2 6
2 7
2 8
2 9
2 10
2 11
3 4
3 5
3 6
3 7
3 8
3 9
3 10
3 11
4 5
4 7
4 8
4 9
4 10
4 11
5 6
5 8
5 9
5 10
5 11
6 7
6 8
6 9
6 10
6 11
7 8
7 9
7 10
7 11
8 9
8 11
9 10
10 11
0 1
0 3
0 4
0 5
0 6
0 7
0 8
0 9
0 10
0 11
1 2
1 3
1 5
1 6
1 7
1 8
1 9
1 10
1 11
2 3
2 4
2 5
2 6
2 7
2 8
2 9
2 10
2 11
3 4
3 6
3 7
3 8
3 9
3 10
3 11
4 5
4 6
4 7
4 8
4 9
4 10
4 11
5 6
5 7
5 8
5 9
5 10
5 11
6 7
6 9
6 10
6 11
7 8
7 10
7 11
8 9
8 10
8 11
9 10
9 11
16746934453932550970 0
3 44 59 50 8 13 11 15 33 26 7 31 38 9 12 18 23 16 27 40 46 51 10 34 30 19 2 4 37 17 45 28 54 43 41 24 56 21 49 0 29 53 52 35 47 55 42 14 57 1 36 25 48 32 6 58 39 20 22 5
56 48 12 35 46 44 33 28 37 43 14 24 2 26 8 39 50 29 32 30 45 4 5 21 7 6 38 53 27 42 41 55 51 10 36 31 49 57 11 1 58 47 18 20 9 0 22 34 15 59 17 3 40 16 52 54 19 23 25 13
3 44 59 50 8 13 11 15 33 26 7 31 38 9 12 18 23 16 27 40 46 51 10 34 30 19 2 4 37 17 45 28 54 43 41 24 56 21 49 0 29 53 52 35 47 55 42 14 57 1 36 25 48 32 6 58 39 20 22 5
56 48 12 35 46 44 33 28 37 43 14 24 2 26 8 39 50 29 32 30 45 4 5 21 7 6 38 53 27 42 41 55 51 10 36 31 49 57 11 1 58 47 18 20 9 0 22 34 15 59 17 3 40 16 52 54 19 23 25 13
18384425891159828063 0
7 11 36 24 19 5 2 31 13 18 49 48 53 39 4 21 50 14 45 42 59 46 9 26 57 41 6 22 35 38 12 44 20 3 52 47 16 56 27 15 40 1 30 23 43 58 33 51 0 29 28 54 8 10 32 55 34 37 17 25
53 48 54 44 32 59 2 25 50 36 30 11 21 37 29 28 40 4 17 19 22 24 0 41 42 27 14 46 49 16 51 23 33 39 18 57 56 12 58 26 55 9 35 5 34 52 1 43 6 10 7 38 20 13 15 3 47 8 31 45
7 11 36 24 19 5 2 31 13 18 49 48 53 39 4 21 50 14 45 42 59 46 9 26 57 41 6 22 35 38 12 44 20 3 52 47 16 56 27 15 40 1 30 23 43 58 33 51 0 29 28 54 8 10 32 55 34 37 17 25
53 48 54 44 32 59 2 25 50 36 30 11 21 37 29 28 40 4 17 19 22 24 0 41 42 27 14 46 49 16 51 23 33 39 18 57 56 12 58 26 55 9 35 5 34 52 1 43 6 10 7 38 20 13 15 3 47 8 31 45
2789053674871398351 0
11 9 53 30 52 28 14 22 20 3 27 37 4 15 25 46 19 55 18 36 26 0 31 51 56 45 16 2 17 40 1 41 5 58 12 50 33 49 13 44 47 24 23 57 35 48 21 6 32 59 34 8 43 38 29 39 42 10 54 7
59 8 9 48 44 2 49 38 39 17 29 27 41 6 23 13 24 31 50 32 26 18 22 54 30 58 33 3 56 55 40 0 11 4 1 7 35 57 42 28 47 43 14 15 52 34 5 46 20 51 45 36 37 53 12 19 16 25 10 21
11 9 53 30 52 28 14 22 20 3 27 37 4 15 25 46 19 55 18 36 26 0 31 51 56 45 16 2 17 40 1 41 5 58 12 50 33 49 13 44 47 24 23 57 35 48 21 6 32 59 34 8 43 38 29 39 42 10 54 7
59 8 9 48 44 2 49 38 39 17 29 27 41 6 23 13 24 31 50 32 26 18 22 54 30 58 33 3 56 55 40 0 11 4 1 7 35 57 42 28 47 43 14 15 52 34 5 46 20 51 45 36 37 53 12 19 16 25 10 21
2529463499515990024 0
12 54 8 59 14 30 40 28 5 29 43 23 41 4 47 6 21 2 32 44 31 38 25 37 27 20 45 48 34 16 22 56 52 57 26 50 18 7 36 17 3 58 0 49 39 11 24 46 35 1 15 10 55 9 19 42 13 53 33 51
16 32 58 46 24 55 53 41 48 51 33 22 31 26 40 47 35 57 28 3 49 11 21 18 13 9 44 30 7 45 0 5 20 27 17 59 23 12 43 2 14 34 1 50 52 37 56 6 39 4 10 15 29 19 42 54 38 8 36 25
12 54 8 59 14 30 40 28 5 29 43 23 41 4 47 6 21 2 32 44 31 38 25 37 27 20 45 48 34 16 22 56 52 57 26 50 18 7 36 17 3 58 0 49 39 11 24 46 35 1 15 10 55 9 19 42 13 53 33 51
16 32 58 46 24 55 53 41 48 51 33 22 31 26 40 47 35 57 28 3 49 11 21 18 13 9 44 30 7 45 0 5 20 27 17 59 23 12 43 2 14 34 1 50 52 37 56 6 39 4 10 15 29 19 42 54 38 8 36 25
10473423020102944179 0
10 9 59 53 21 48 7 33 16 30 56 43 42 1 29 26 3 49 6 45 32 37 35 38 14 2 36 50 51 39 22 25 12 28 57 54 11 15 31 18 44 52 47 17 19 27 40 55 4 8 20 5 41 24 0 23 13 34 46 58
13 29 51 20 56 4 18 50 26 58 49 17 38 55 1 23 3 47 39 24 36 19 5 9 41 15 43 31 25 2 11 42 12 32 7 10 6 44 21 30 59 52 16 14 37 27 48 8 34 28 35 45 57 53 40 33 46 54 0 22
10 9 59 53 21 48 7 33 16 30 56 43 42 1 29 26 3 49 6 45 32 37 35 38 14 2 36 50 51 39 22 25 12 28 57 54 11 15 31 18 44 52 47 17 19 27 40 55 4 8 20 5 41 24 0 23 13 34 46 58
13 29 51 20 56 4 18 50 26 58 49 17 38 55 1 23 3 47 39 24 36 19 5 9 41 15 43 31 25 2 11 42 12 32 7 10 6 44 21 30 59 52 16 14 37 27 48 8 34 28 35 45 57 53 40 33 46 54 0 22
272007730275786225 0
13 32 4 26 48 30 45 20 47 40 33 35 23 54 39 14 50 43 7 10 17 6 9 0 1 24 11 49 38 56 41 18 51 5 19 31 25 12 22 27 3 58 55 59 46 52 15 2 29 36 44 53 28 16 42 8 34 57 37 21
6 19 8 36 31 47 35 14 33 1 58 46 32 24 34 10 55 51 26 29 0 43 49 20 23 7 5 21 53 45 3 28 37 57 39 38 42 27 13 44 41 9 48 52 50 12 11 15 56 22 59 30 2 54 18 4 16 40 25 17
13 32 4 26 48 30 45 20 47 40 33 35 23 54 39 14 50 43 7 10 17 6 9 0 1 24 11 49 38 56 41 18 51 5 19 31 25 12 22 27 3 58 55 59 46 52 15 2 29 36 44 53 28 16 42 8 34 57 37 21
6 19 8 36 31 47 35 14 33 1 58 46 32 24 34 10 55 51 26 29 0 43 49 20 23 7 5 21 53 45 3 28 37 57 39 38 42 27 13 44 41 9 48 52 50 12 11 15 56 22 59 30 2 54 18 4 16 40 25 17
7398312548276559557 0
1 44 51 50 14 33 13 55 21 26 41 19 47 53 49 11 34 24 35 59 39 0 6 5 31 58 36 3 42 38 25 17 27 37 4 45 48 2 40 8 12 28 30 29 43 22 10 16 15 56 46 7 20 54 32 57 52 18 9 23
53 58 28 59 36 52 51 15 20 55 4 6 13 50 43 33 8 17 45 0 1 25 35 29 16 32 44 31 14 22 39 27 21 40 11 57 42 7 38 2 18 23 5 49 26 46 12 9 47 10 54 24 19 48 34 41 56 3 37 30
1 44 51 50 14 33 13 55 21 26 41 19 47 53 49 11 34 24 35 59 39 0 6 5 31 58 36 3 42 38 25 17 27 37 4 45 48 2 40 8 12 28 30 29 43 22 10 16 15 56 46 7 20 54 32 57 52 18 9 23
53 58 28 59 36 52 51 15 20 55 4 6 13 50 43 33 8 17 45 0 1 25 35 29 16 32 44 31 14 22 39 27 21 40 11 57 42 7 38 2 18 23 5 49 26 46 12 9 47 10 54 24 19 48 34 41 56 3 37 30
3342168999209339336 0
46 56 15 49 19 58 30 50 41 20 13 1 43 59 57 5 6 37 4 7 42 44 34 38 28 10 3 16 17 36 24 40 9 31 0 11 23 51 32 27 45 54 52 53 29 48 14 22 25 18 47 2 8 39 26 21 35 33 12 55
1 58 43 29 10 49 35 14 45 15 32 53 39 50 41 47 27 2 18 38 6 4 7 55 5 22 8 3 21 44 34 23 33 0 25 12 13 51 48 26 54 57 31 17 19 36 28 11 42 59 30 56 52 40 20 37 9 46 16 24
46 56 15 49 19 58 30 50 41 20 13 1 43 59 57 5 6 37 4 7 42 44 34 38 28 10 3 16 17 36 24 40 9 31 0 11 23 51 32 27 45 54 52 53 29 48 14 22 25 18 47 2 8 39 26 21 35 33 12 55
1 58 43 29 10 49 35 14 45 15 32 53 39 50 41 47 27 2 18 38 6 4 7 55 5 22 8 3 21 44 34 23 33 0 25 12 13 51 48 26 54 57 31 17 19 36 28 11 42 59 30 56 52 40 20 37 9 46 16 24
13314421568211464246 0
34 24 15 18 6 32 3 19 45 26 31 35 1 14 21 7 29 44 33 5 42 50 40 23 0 36 13 41 47 2 27 54 4 17 25 48 10 52 57 8 20 9 58 43 49 53 39 30 46 38 22 28 12 11 37 55 56 59 51 16
6 47 56 9 27 15 34 13 17 35 51 5 8 3 54 11 52 29 20 40 44 36 45 19 41 53 48 49 37 57 46 0 32 4 43 39 50 55 38 25 26 1 31 21 42 10 18 24 2 7 23 28 16 22 30 58 33 12 59 14
34 24 15 18 6 32 3 19 45 26 31 35 1 14 21 7 29 44 33 5 42 50 40 23 0 36 13 41 47 2 27 54 4 17 25 48 10 52 57 8 20 9 58 43 49 53 39 30 46 38 22 28 12 11 37 55 56 59 51 16
6 47 56 9 27 15 34 13 17 35 51 5 8 3 54 11 52 29 20 40 44 36 45 19 41 53 48 49 37 57 46 0 32 4 43 39 50 55 38 25 26 1 31 21 42 10 18 24 2 7 23 28 16 22 30 58 33 12 59 14
3122661113009227202 0
29 41 51 26 46 10 27 47 12 21 38 35 48 18 11 5 13 55 58 40 2 3 15 17 33 9 39 16 37 32 59 54 53 1 4 25 44 57 31 24 30 20 50 49 19 56 8 22 42 34 7 23 28 43 45 6 14 36 0 52
49 36 42 20 56 4 12 30 17 32 23 10 40 1 14 39 35 22 15 11 46 28 31 50 53 29 25 18 24 58 9 57 13 45 27 55 51 59 48 19 16 52 38 41 37 47 0 43 6 33 26 34 7 3 2 44 54 21 8 5
29 41 51 26 46 10 27 47 12 21 38 35 48 18 11 5 13 55 58 40 2 3 15 17 33 9 39 16 37 32 59 54 53 1 4 25 44 57 31 24 30 20 50 49 19 56 8 22 42 34 7 23 28 43 45 6 14 36 0 52
49 36 42 20 56 4 12 30 17 32 23 10 40 1 14 39 35 22 15 11 46 28 31 50 53 29 25 18 24 58 9 57 13 45 27 55 51 59 48 19 16 52 38 41 37 47 0 43 6 33 26 34 7 3 2 44 54 21 8 5
8158013130322471350 0
0 10 19 27 58 31 49 59 50 8 13 11 3 57 48 46 42 1 24 25 7 9 52 55 6 2 38 12 36 39 34 53 37 32 15 54 41 14 23 45 28 43 56 30 21 5 33 44 20 35 16 18 47 51 29 40 22 26 17 4
51 33 57 16 58 11 26 7 3 31 54 40 8 53 48 42 17 4 28 27 0 29 15 44 49 24 52 6 22 12 47 10 38 18 43 5 23 30 36 35 13 55 19 21 37 39 46 2 32 50 59 34 45 56 41 14 20 1 25 9
0 10 19 27 58 31 49 59 50 8 13 11 3 57 48 46 42 1 24 25 7 9 52 55 6 2 38 12 36 39 34 53 37 32 15 54 41 14 23 45 28 43 56 30 21 5 33 44 20 35 16 18 47 51 29 40 22 26 17 4
51 33 57 16 58 11 26 7 3 31 54 40 8 53 48 42 17 4 28 27 0 29 15 44 49 24 52 6 22 12 47 10 38 18 43 5 23 30 36 35 13 55 19 21 37 39 46 2 32 50 59 34 45 56 41 14 20 1 25 9
11035514332407745525 0
39 54 48 3 11 22 12 8 41 52 21 42 19 5 27 50 49 58 43 7 15 57 28 26 40 24 17 14 56 2 31 36 23 1 51 32 53 44 47 9 59 18 38 46 33 4 30 25 0 37 34 35 13 45 6 55 29 20 16 10
25 17 24 8 33 56 36 45 18 0 14 42 19 59 41 48 27 26 52 46 1 11 40 57 35 53 44 50 21 4 3 9 31 13 22 10 30 51 37 5 38 2 32 23 49 34 20 15 29 58 7 47 54 6 55 39 28 43 16 12
39 54 48 3 11 22 12 8 41 52 21 42 19 5 27 50 49 58 43 7 15 57 28 26 40 24 17 14 56 2 31 36 23 1 51 32 53 44 47 9 59 18 38 46 33 4 30 25 0 37 34 35 13 45 6 55 29 20 16 10
25 17 24 8 33 56 36 45 18 0 14 42 19 59 41 48 27 26 52 46 1 11 40 57 35 53 44 50 21 4 3 9 31 13 22 10 30 51 37 5 38 2 32 23 49 34 20 15 29 58 7 47 54 6 55 39 28 43 16 12
3475904226012994149 0
13 59 58 39 32 50 48 11 10 3 56 40 28 33 17 1 19 30 44 42 20 29 22 15 38 36 52 55 57 34 21 47 18 6 51 24 37 8 5 54 2 49 16 45 27 0 12 41 26 31 25 4 23 53 46 35 9 43 7 14
25 12 7 4 33 22 48 24 35 13 42 31 21 39 9 41 14 23 38 36 45 53 56 11 16 58 51 28 18 59 47 44 55 32 15 8 6 57 27 34 20 10 54 40 43 0 2 3 30 19 29 52 37 49 46 50 1 17 5 26
13 59 58 39 32 50 48 11 10 3 56 40 28 33 17 1 19 30 44 42 20 29 22 15 38 36 52 55 57 34 21 47 18 6 51 24 37 8 5 54 2 49 16 45 27 0 12 41 26 31 25 4 23 53 46 35 9 43 7 14
25 12 7 4 33 22 48 24 35 13 42 31 21 39 9 41 14 23 38 36 45 53 56 11 16 58 51 28 18 59 47 44 55 32 15 8 6 57 27 34 20 10 54 40 43 0 2 3 30 19 29 52 37 49 46 50 1 17 5 26
1533565708567658942 0
26 27 39 48 22 20 30 10 1 29 13 2 43 56 44 40 57 4 35 58 17 23 15 0 24 25 54 19 36 12 16 51 37 31 50 7 21 46 9 33 55 3 42 32 18 11 53 41 14 47 8 52 45 59 49 34 28 38 5 6
3 35 25 59 37 30 45 38 39 15 50 1 56 51 13 58 24 47 14 19 20 21 43 53 29 54 18 31 16 40 46 5 10 6 9 0 26 22 28 44 48 52 12 27 36 2 42 49 23 33 17 41 4 11 55 57 32 8 34 7
26 27 39 48 22 20 30 10 1 29 13 2 43 56 44 40 57 4 35 58 17 23 15 0 24 25 54 19 36 12 16 51 37 31 50 7 21 46 9 33 55 3 42 32 18 11 53 41 14 47 8 52 45 59 49 34 28 38 5 6
3 35 25 59 37 30 45 38 39 15 50 1 56 51 13 58 24 47 14 19 20 21 43 53 29 54 18 31 16 40 46 5 10 6 9 0 26 22 28 44 48 52 12 27 36 2 42 49 23 33 17 41 4 11 55 57 32 8 34 7
9151734927234913569 0
51 48 58 56 57 53 21 24 50 31 41 8 2 45 27 0 46 13 35 25 54 23 34 22 15 52 47 40 36 4 17 49 43 28 37 9 38 32 20 6 44 3 42 16 18 10 26 59 39 11 19 5 55 29 14 30 7 1 12 33
14 51 58 43 40 42 57 13 10 22 20 21 37 16 15 3 32 55 31 2 4 50 6 33 56 47 27 34 24 59 38 46 48 41 49 17 44 9 18 7 52 11 53 45 8 19 23 35 5 29 39 25 28 12 26 1 36 54 0 30
51 48 58 56 57 53 21 24 50 31 41 8 2 45 27 0 46 13 35 25 54 23 34 22 15 52 47 40 36 4 17 49 43 28 37 9 38 32 20 6 44 3 42 16 18 10 26 59 39 11 19 5 55 29 14 30 7 1 12 33
14 51 58 43 40 42 57 13 10 22 20 21 37 16 15 3 32 55 31 2 4 50 6 33 56 47 27 34 24 59 38 46 48 41 49 17 44 9 18 7 52 11 53 45 8 19 23 35 5 29 39 25 28 12 26 1 36 54 0 30
695110672879281413 0
52 9 38 51 3 25 41 35 32 42 28 45 1 29 18 39 46 43 55 15 17 40 7 37 58 21 24 12 33 26 4 23 0 6 44 56 49 36 16 13 20 10 31 19 30 8 53 22 14 34 5 48 50 59 47 54 2 11 27 57
1 43 40 46 55 41 23 4 29 14 22 38 15 24 57 17 13 9 32 39 51 36 8 45 26 5 50 18 54 0 33 2 20 37 7 35 6 25 58 28 53 27 10 59 16 12 31 3 56 52 30 42 48 21 47 44 11 19 34 49
52 9 38 51 3 25 41 35 32 42 28 45 1 29 18 39 46 43 55 15 17 40 7 37 58 21 24 12 33 26 4 23 0 6 44 56 49 36 16 13 20 10 31 19 30 8 53 22 14 34 5 48 50 59 47 54 2 11 27 57
1 43 40 46 55 41 23 4 29 14 22 38 15 24 57 17 13 9 32 39 51 36 8 45 26 5 50 18 54 0 33 2 20 37 7 35 6 25 58 28 53 27 10 59 16 12 31 3 56 52 30 42 48 21 47 44 11 19 34 49
