FACTOR_PERMUTATION_V1 12 16 1024 1 1
10 0 1 1 1 1 1 1 1 1 1 1 0 0 2 2 2 2 2 2 2 2 2 2 0 1 1 2 2 2 2 2 2 2 2 2
0 10 1 1 1 1 1 1 1 1 1 1 0 0 2 2 2 2 2 2 2 2 2 2 1 0 2 2 1 2 2 2 2 2 2 2
1 1 10 0 1 1 1 1 1 1 1 1 2 2 0 0 2 2 2 2 2 2 2 2 1 2 0 1 2 2 2 2 2 2 2 2
1 1 0 10 1 1 1 1 1 1 1 1 2 2 0 0 2 2 2 2 2 2 2 2 2 2 1 0 2 1 2 2 2 2 2 2
1 1 1 1 10 0 1 1 1 1 1 1 2 2 2 2 0 1 1 2 2 2 2 2 2 1 2 2 0 1 2 2 2 2 2 2
1 1 1 1 0 10 1 1 1 1 1 1 2 2 2 2 1 0 2 1 2 2 2 2 2 2 2 1 1 0 2 2 2 2 2 2
1 1 1 1 1 1 10 0 1 1 1 1 2 2 2 2 1 2 0 1 2 2 2 2 2 2 2 2 2 2 0 1 1 2 2 2
1 1 1 1 1 1 0 10 1 1 1 1 2 2 2 2 2 1 1 0 2 2 2 2 2 2 2 2 2 2 1 0 2 1 2 2
1 1 1 1 1 1 1 1 10 0 1 1 2 2 2 2 2 2 2 2 0 1 1 2 2 2 2 2 2 2 1 2 0 1 2 2
1 1 1 1 1 1 1 1 0 10 1 1 2 2 2 2 2 2 2 2 1 0 2 1 2 2 2 2 2 2 2 1 1 0 2 2
1 1 1 1 1 1 1 1 1 1 10 0 2 2 2 2 2 2 2 2 1 2 0 1 2 2 2 2 2 2 2 2 2 2 0 0
1 1 1 1 1 1 1 1 1 1 0 10 2 2 2 2 2 2 2 2 2 1 1 0 2 2 2 2 2 2 2 2 2 2 0 0
0 0 2 2 2 2 2 2 2 2 2 2 10 0 1 1 1 1 1 1 1 1 1 1 0 1 1 2 2 2 2 2 2 2 2 2
0 0 2 2 2 2 2 2 2 2 2 2 0 10 1 1 1 1 1 1 1 1 1 1 1 0 2 2 1 2 2 2 2 2 2 2
2 2 0 0 2 2 2 2 2 2 2 2 1 1 10 0 1 1 1 1 1 1 1 1 1 2 0 1 2 2 2 2 2 2 2 2
2 2 0 0 2 2 2 2 2 2 2 2 1 1 0 10 1 1 1 1 1 1 1 1 2 2 1 0 2 1 2 2 2 2 2 2
2 2 2 2 0 1 1 2 2 2 2 2 1 1 1 1 10 1 0 1 1 1 1 1 2 1 2 2 0 2 1 2 2 2 2 2
2 2 2 2 1 0 2 1 2 2 2 2 1 1 1 1 1 10 1 0 1 1 1 1 2 2 2 1 2 0 2 1 2 2 2 2
2 2 2 2 1 2 0 1 2 2 2 2 1 1 1 1 0 1 10 1 1 1 1 1 2 2 2 2 1 2 0 2 1 2 2 2
2 2 2 2 2 1 1 0 2 2 2 2 1 1 1 1 1 0 1 10 1 1 1 1 2 2 2 2 2 1 2 0 2 1 2 2
2 2 2 2 2 2 2 2 0 1 1 2 1 1 1 1 1 1 1 1 10 1 0 1 2 2 2 2 2 2 1 2 0 2 1 2
2 2 2 2 2 2 2 2 1 0 2 1 1 1 1 1 1 1 1 1 1 10 1 0 2 2 2 2 2 2 2 1 2 0 2 1
2 2 2 2 2 2 2 2 1 2 0 1 1 1 1 1 1 1 1 1 0 1 10 1 2 2 2 2 2 2 2 2 1 2 0 1
2 2 2 2 2 2 2 2 2 1 1 0 1 1 1 1 1 1 1 1 1 0 1 10 2 2 2 2 2 2 2 2 2 1 1 0
0 1 1 2 2 2 2 2 2 2 2 2 0 1 1 2 2 2 2 2 2 2 2 2 10 1 0 1 1 1 1 1 1 1 1 1
1 0 2 2 1 2 2 2 2 2 2 2 1 0 2 2 1 2 2 2 2 2 2 2 1 10 1 1 0 1 1 1 1 1 1 1
1 2 0 1 2 2 2 2 2 2 2 2 1 2 0 1 2 2 2 2 2 2 2 2 0 1 10 1 1 1 1 1 1 1 1 1
2 2 1 0 2 1 2 2 2 2 2 2 2 2 1 0 2 1 2 2 2 2 2 2 1 1 1 10 1 0 1 1 1 1 1 1
2 1 2 2 0 1 2 2 2 2 2 2 2 1 2 2 0 2 1 2 2 2 2 2 1 0 1 1 10 1 1 1 1 1 1 1
2 2 2 1 1 0 2 2 2 2 2 2 2 2 2 1 2 0 2 1 2 2 2 2 1 1 1 0 1 10 1 1 1 1 1 1
2 2 2 2 2 2 0 1 1 2 2 2 2 2 2 2 1 2 0 2 1 2 2 2 1 1 1 1 1 1 10 1 0 1 1 1
2 2 2 2 2 2 1 0 2 1 2 2 2 2 2 2 2 1 2 0 2 1 2 2 1 1 1 1 1 1 1 10 1 0 1 1
2 2 2 2 2 2 1 2 0 1 2 2 2 2 2 2 2 2 1 2 0 2 1 2 1 1 1 1 1 1 0 1 10 1 1 1
2 2 2 2 2 2 2 1 1 0 2 2 2 2 2 2 2 2 2 1 2 0 2 1 1 1 1 1 1 1 1 0 1 10 1 1
2 2 2 2 2 2 2 2 2 2 0 0 2 2 2 2 2 2 2 2 1 2 0 1 1 1 1 1 1 1 1 1 1 1 10 0
2 2 2 2 2 2 2 2 2 2 0 0 2 2 2 2 2 2 2 2 2 1 1 0 1 1 1 1 1 1 1 1 1 1 0 10
0 2
0 3
0 4
0 5
0 6
0 7
0 8
0 9
0 10
0 11
1 2
1 3
1 4
1 5
1 6
1 7
1 8
1 9
1 10
1 11
2 4
2 5
2 6
2 7
2 8
2 9
2 10
2 11
3 4
3 5
3 6
3 7
3 8
3 9
3 10
3 11
4 6
4 7
4 8
4 9
4 10
4 11
5 6
5 7
5 8
5 9
5 10
5 11
6 8
6 9
6 10
6 11
7 8
7 9
7 10
7 11
8 10
8 11
9 10
9 11
0 2
0 3
0 4
0 5
0 6
0 7
0 8
0 9
0 10
0 11
1 2
1 3
1 4
1 5
1 6
1 7
1 8
1 9
1 10
1 11
2 4
2 5
2 6
2 7
2 8
2 9
2 10
2 11
3 4
3 5
3 6
3 7
3 8
3 9
3 10
3 11
4 5
4 7
4 8
4 9
4 10
4 11
5 6
5 8
5 9
5 10
5 11
6 7
6 8
6 9
6 10
6 11
7 8
7 9
7 10
7 11
8 9
8 11
9 10
10 11
0 1
0 3
0 4
0 5
0 6
0 7
0 8
0 9
0 10
0 11
1 2
1 3
1 5
1 6
1 7
1 8
1 9
1 10
1 11
2 3
2 4
2 5
2 6
2 7
2 8
2 9
2 10
2 11
3 4
3 6
3 7
3 8
3 9
3 10
3 11
4 5
4 6
4 7
4 8
4 9
4 10
4 11
5 6
5 7
5 8
5 9
5 10
5 11
6 7
6 9
6 10
6 11
7 8
7 10
7 11
8 9
8 10
8 11
9 10
9 11
16858078514024710424 3072
41 49 35 52 8 26 42 27 44 32 11 23 34 7 51 56 21 55 16 40 46 58 10 39 54 4 47 43 17 6 45 12 50 37 3 15 5 24 0 30 53 38 33 18 28 59 22 14 57 48 36 25 9 13 1 2 31 19 20 29
49 12 56 40 45 41 34 5 24 22 47 57 4 23 27 28 50 44 32 14 16 51 52 46 20 38 0 54 48 17 6 26 43 18 36 7 29 3 59 37 30 21 15 55 9 19 42 1 10 8 2 39 33 13 25 31 53 35 11 58
41 49 35 52 8 26 42 27 44 32 11 21 34 7 51 56 23 55 16 40 46 58 10 39 54 4 47 43 17 6 45 12 50 37 9 15 5 24 0 30 53 38 33 18 28 59 22 14 57 48 36 25 3 13 1 2 31 19 20 29
49 12 56 40 45 41 34 5 24 22 47 57 4 23 27 28 50 44 32 14 16 51 52 46 20 38 0 54 53 17 7 26 43 18 36 6 29 3 59 37 30 21 15 55 9 19 42 1 10 8 2 39 33 13 25 31 48 35 11 58
13579021001996317966 3072
48 11 6 28 50 56 37 54 36 25 59 12 53 21 44 26 49 35 32 2 7 52 46 55 18 41 42 4 40 58 57 39 3 45 5 47 17 34 27 13 51 16 24 14 15 30 33 9 31 1 38 10 0 8 19 43 22 29 23 20
53 57 54 13 26 3 25 28 38 36 40 30 46 50 6 24 18 48 55 21 31 14 0 41 42 45 43 32 5 7 35 56 39 22 4 15 23 59 1 27 10 49 16 47 8 2 19 52 51 33 34 44 17 12 29 11 37 20 58 9
48 11 6 41 51 58 37 54 44 25 40 12 53 21 36 26 49 35 32 2 7 52 46 55 18 28 23 4 59 56 57 39 3 45 5 47 17 34 27 13 50 16 0 14 15 30 33 9 31 8 38 10 1 24 19 43 22 29 42 20
53 57 54 44 26 3 25 28 38 36 40 30 46 50 9 24 18 48 55 21 31 22 0 41 42 13 43 32 5 7 35 56 39 14 4 15 23 59 1 27 10 49 16 47 8 20 11 52 51 33 34 45 17 12 29 19 37 2 58 6
1438918292005381107 3072
31 51 28 42 7 58 21 30 56 20 8 44 57 22 19 39 37 10 26 32 17 48 23 46 49 2 38 13 52 40 3 54 55 24 1 14 34 25 0 59 29 47 27 12 18 5 53 6 33 43 41 45 11 35 4 16 36 9 15 50
59 16 22 54 31 2 40 17 36 44 42 27 21 6 30 53 12 50 32 48 33 18 46 38 43 37 11 49 15 55 8 28 4 52 5 35 41 13 34 3 56 7 39 51 23 29 10 58 9 25 26 14 24 47 45 0 1 20 57 19
31 51 52 42 7 59 10 30 56 20 8 44 57 22 19 39 32 21 26 28 17 48 23 46 49 2 38 13 9 40 3 54 55 24 1 14 34 25 0 58 29 47 27 12 18 5 53 6 33 43 41 45 11 35 4 16 36 37 15 50
59 16 22 54 31 2 40 17 36 44 42 27 47 6 30 53 39 50 32 48 33 18 46 38 43 5 1 49 15 55 8 28 4 52 37 35 41 13 34 3 56 7 12 51 23 29 10 58 9 25 26 14 21 24 45 0 11 20 57 19
13433916199096239131 3072
28 54 3 48 19 33 42 25 23 24 43 51 34 39 56 10 55 30 38 36 53 27 44 40 8 50 29 4 6 32 41 21 17 45 14 5 0 57 35 12 52 13 47 11 22 15 7 58 16 1 59 26 9 37 49 18 2 31 20 46
44 28 54 41 22 32 26 38 42 43 18 47 9 52 19 46 37 56 25 3 17 7 40 57 48 45 36 30 50 15 8 49 34 23 14 6 59 11 21 29 1 55 58 53 0 10 12 4 5 35 31 16 24 27 2 20 39 51 33 13
28 54 3 48 19 33 42 25 23 24 43 51 34 39 56 10 55 30 38 36 53 27 44 40 8 50 29 4 6 32 41 21 17 45 14 5 0 57 35 12 52 13 47 11 22 15 7 58 16 1 59 26 9 37 49 18 2 31 20 46
44 28 54 41 22 32 26 38 42 43 18 47 9 52 19 46 37 56 25 3 17 7 40 57 48 45 36 30 50 15 8 49 34 23 14 6 59 11 21 29 1 55 58 53 0 10 12 4 5 35 31 16 24 27 2 20 39 51 33 13
719267534568050965 3072
42 56 31 18 2 45 55 33 9 38 59 52 35 24 11 39 49 20 5 36 23 53 57 29 13 47 19 8 17 14 46 26 54 50 37 3 0 22 6 10 44 34 58 41 28 1 48 30 12 43 25 4 7 27 32 16 51 21 40 15
37 48 7 10 56 29 41 50 44 45 49 17 15 59 42 47 6 14 30 24 31 36 0 9 46 18 25 12 33 57 8 55 21 2 4 39 51 26 23 3 16 54 5 53 58 40 1 22 34 27 35 32 11 28 38 20 43 13 19 52
42 56 31 18 0 45 55 33 9 38 59 52 35 24 11 39 49 20 5 36 23 53 57 29 13 47 19 8 17 14 46 26 54 50 37 3 2 22 6 10 44 34 58 41 28 1 48 4 12 43 25 30 7 27 32 16 51 21 40 15
37 48 7 10 56 29 41 50 44 45 49 17 15 59 42 47 6 14 30 24 36 31 0 9 46 18 25 12 33 57 8 55 21 40 4 39 51 26 23 3 16 54 5 53 58 20 1 22 34 27 35 32 11 28 38 2 43 13 19 52
122135880203020040 3072
40 57 46 25 49 45 3 16 30 38 11 58 27 34 56 47 50 41 21 20 44 48 9 39 53 15 52 4 12 7 43 55 51 26 13 31 18 6 23 5 8 14 24 59 19 0 37 36 2 29 35 54 10 28 22 32 33 1 17 42
12 45 8 48 31 38 20 43 51 29 57 3 32 25 17 34 23 22 6 46 13 5 44 9 26 1 39 16 54 40 27 42 18 50 49 52 7 19 15 41 30 21 59 36 33 47 10 55 53 11 37 2 28 58 56 0 35 4 24 14
40 57 46 25 49 45 3 16 30 38 11 58 27 34 56 47 50 41 20 21 44 48 9 39 53 15 52 4 12 7 43 55 51 26 13 31 18 6 23 5 8 14 24 59 19 0 37 36 2 29 35 54 10 28 22 32 33 1 17 42
12 45 8 48 31 38 20 43 51 29 57 3 32 25 17 34 23 22 6 46 42 5 44 9 26 1 39 16 54 40 27 15 18 50 49 52 7 19 13 41 30 21 59 36 33 47 10 55 53 11 37 2 28 58 56 0 35 4 24 14
14343480219329817918 3072
47 52 51 32 21 35 43 41 20 58 24 39 28 55 57 54 10 45 42 38 26 50 49 3 19 36 5 13 44 1 16 59 2 30 14 9 15 6 53 8 11 23 27 17 46 48 37 25 34 7 18 29 22 12 56 40 33 4 0 31
51 0 24 59 49 52 8 43 28 42 12 56 32 33 21 41 54 22 6 23 53 14 34 25 58 9 35 31 18 57 39 29 27 40 45 5 26 48 11 1 4 38 15 10 36 19 7 2 3 37 30 46 47 44 17 55 20 16 50 13
47 52 51 32 21 35 43 41 20 58 57 39 30 53 24 54 10 45 42 38 26 28 19 3 18 36 5 13 44 1 16 59 2 50 9 14 15 6 55 8 11 23 27 17 46 48 37 25 34 7 49 29 22 12 56 40 33 4 0 31
51 0 24 59 58 38 8 43 28 42 45 56 32 33 21 41 54 23 6 22 14 53 34 25 49 9 35 31 18 57 39 29 27 40 16 5 26 48 19 1 4 52 15 10 36 11 7 2 3 37 30 17 47 44 46 55 20 12 50 13
1204071984615653217 3072
39 46 8 23 24 45 47 22 28 31 55 50 56 59 21 12 29 15 32 49 0 30 16 26 53 34 3 36 17 57 42 1 20 58 37 54 35 43 27 2 51 10 40 33 11 4 44 6 5 41 19 7 9 14 25 38 18 48 52 13
34 2 30 57 12 36 33 53 49 24 22 45 19 23 58 56 4 28 18 6 48 5 14 44 40 39 31 25 50 55 27 41 10 13 52 0 38 9 43 47 11 7 8 46 54 26 16 29 59 1 42 37 17 51 20 32 21 35 3 15
39 46 8 23 24 45 47 22 28 35 55 50 56 59 21 12 29 15 32 49 0 30 16 26 53 34 3 36 17 57 42 1 20 58 37 54 31 43 27 2 51 10 40 33 11 4 44 6 5 41 19 7 9 14 25 38 18 48 52 13
34 2 30 57 12 36 33 53 49 24 22 45 19 23 58 56 4 28 18 6 48 5 14 44 40 39 31 25 50 55 27 41 10 13 52 0 38 9 43 47 11 7 8 46 54 26 16 29 59 1 42 37 17 51 20 32 21 35 3 15
10892332580749951751 3072
40 24 22 16 39 30 59 44 21 31 49 19 28 33 57 43 46 26 53 36 6 9 8 17 2 42 52 55 45 7 47 41 37 54 3 48 5 58 25 38 35 13 27 32 15 34 14 50 29 11 10 18 20 12 51 0 56 4 1 23
45 14 53 51 16 43 29 47 22 40 9 21 54 56 20 50 58 28 23 31 3 52 59 17 48 33 38 11 15 36 6 2 46 4 41 25 34 24 7 26 49 5 8 1 27 18 55 32 10 39 42 37 57 19 0 35 30 12 44 13
40 24 22 16 39 30 59 44 3 31 49 19 28 33 57 43 46 26 53 36 6 9 8 17 2 42 52 55 45 7 47 41 37 54 21 48 5 58 25 38 35 13 27 32 15 34 14 50 29 11 10 18 20 12 51 0 56 4 1 23
45 14 33 51 16 43 29 47 22 40 9 21 54 44 20 50 58 28 23 31 3 52 59 17 48 53 38 11 15 36 6 2 46 4 41 25 34 24 7 26 49 5 8 1 27 18 55 32 10 56 42 37 57 19 0 35 30 12 39 13
16180504726371545445 3072
29 26 39 41 59 25 13 47 6 30 7 11 52 54 0 43 20 27 44 34 51 32 3 58 37 9 38 22 24 56 12 55 46 36 4 53 18 45 49 8 23 57 33 10 50 14 2 15 35 42 31 21 1 28 48 40 19 5 17 16
49 36 53 24 12 50 27 9 43 32 54 48 19 51 39 35 45 22 31 25 46 17 28 3 13 41 7 52 59 10 47 38 8 56 16 2 55 0 11 30 15 42 6 33 37 4 29 58 5 26 40 14 57 18 34 23 20 21 44 1
29 26 39 41 59 25 13 47 6 30 57 11 52 54 0 43 20 27 44 34 51 32 7 58 37 9 38 22 24 56 12 55 46 36 4 53 18 45 49 8 23 3 33 10 50 14 2 15 35 42 31 21 1 28 48 40 19 5 17 16
49 36 53 24 12 50 27 9 43 32 54 48 19 51 39 35 45 22 38 25 46 17 28 3 13 41 7 52 59 10 47 31 8 56 16 2 55 0 11 30 15 42 6 33 37 4 29 58 5 26 40 14 57 18 34 23 20 21 44 1
4294687456203965998 3072
57 49 23 27 35 38 1 43 36 53 50 46 41 5 24 25 34 47 33 30 7 42 52 13 51 2 21 12 32 48 17 9 40 8 15 54 45 11 44 26 39 4 58 28 10 18 6 29 19 55 0 16 20 14 59 56 37 3 31 22
35 53 57 15 16 46 50 41 55 36 54 22 19 44 39 40 45 33 31 9 4 58 11 59 43 30 13 56 52 2 34 38 20 18 49 12 23 26 17 42 0 32 24 51 14 29 25 5 3 8 47 48 7 6 1 10 27 28 37 21
57 49 23 27 35 38 1 43 36 53 50 46 41 5 24 25 34 47 33 39 7 42 52 13 51 2 21 12 32 48 17 9 40 8 15 54 45 11 44 26 30 4 58 28 10 18 6 29 19 55 0 16 20 14 59 56 37 3 31 22
35 53 57 15 16 46 50 41 55 36 54 22 19 44 39 40 45 33 31 9 4 58 11 59 43 30 13 56 52 2 34 38 20 18 49 12 23 26 17 42 0 32 24 51 14 29 25 5 3 8 47 48 7 6 1 10 27 28 37 21
18446304490639243556 3072
41 3 57 52 44 35 33 40 22 48 43 25 46 32 27 50 47 21 37 7 49 55 54 6 59 39 17 13 56 12 24 45 2 51 42 15 18 28 4 5 26 14 8 10 30 58 9 23 11 1 53 36 19 31 38 0 29 20 16 34
22 54 55 40 50 30 2 44 32 43 59 42 26 51 37 7 27 12 46 31 8 52 11 45 35 41 15 25 16 5 9 20 33 17 38 49 23 57 24 29 39 47 18 56 14 19 4 0 3 58 21 1 34 6 10 36 13 53 28 48
41 3 57 52 44 35 33 40 22 48 43 25 46 32 27 50 47 21 37 7 49 55 54 6 59 39 17 13 56 12 24 45 2 51 42 15 18 28 4 5 26 14 8 10 30 58 9 23 11 1 53 36 19 31 38 0 29 20 16 34
22 54 55 40 50 30 2 44 32 43 59 42 26 51 37 7 27 12 46 31 8 52 11 45 35 41 15 25 13 5 9 20 33 17 38 49 23 57 24 29 39 47 18 56 14 19 4 0 3 58 21 1 34 6 10 36 16 53 28 48
3922257544054056120 3072
55 44 34 9 23 50 37 54 32 30 17 31 51 8 27 29 28 26 42 39 58 41 43 56 45 3 47 6 52 48 16 59 4 5 36 12 57 0 35 11 7 24 33 10 13 38 53 21 49 40 18 1 2 46 20 15 19 25 22 14
41 50 49 31 38 30 26 24 43 55 44 40 19 25 48 39 7 47 6 53 29 5 33 27 9 58 16 35 0 8 45 3 14 51 57 52 59 15 4 34 37 23 18 56 54 36 22 13 12 11 20 46 21 10 32 1 17 28 2 42
55 44 34 9 27 50 37 54 32 30 17 31 51 8 23 29 28 26 42 39 58 41 43 56 45 3 47 6 52 48 16 59 4 5 36 12 57 0 35 11 7 24 33 10 13 38 53 21 49 40 18 1 2 46 20 15 19 25 22 14
41 49 4 31 38 30 33 24 43 55 44 40 19 25 48 39 7 47 6 53 29 5 26 57 35 58 16 28 0 8 45 3 14 51 27 52 59 15 50 34 37 23 18 56 54 36 22 13 12 11 20 46 21 10 32 1 17 2 9 42
10372196497512754729 3072
6 29 48 38 22 23 34 59 44 55 46 21 31 56 45 25 12 42 37 50 54 20 35 19 47 14 58 36 17 4 57 49 41 52 15 11 39 32 51 3 9 26 18 27 10 5 30 53 7 1 24 16 33 40 13 2 8 43 28 0
41 45 25 43 38 31 37 29 17 16 30 49 51 56 7 35 26 18 21 23 8 55 14 39 11 47 42 6 53 54 46 1 2 28 52 15 59 22 3 44 24 12 34 9 48 13 58 20 19 40 0 4 57 10 36 33 32 27 5 50
6 29 48 38 22 23 34 59 44 55 46 21 31 56 45 25 12 42 37 50 54 20 35 19 47 14 58 36 17 8 57 49 41 52 15 33 39 32 51 3 9 26 18 27 10 5 30 53 7 1 24 16 11 40 13 2 4 43 28 0
41 45 25 43 38 31 37 29 17 4 30 49 51 56 7 35 26 18 21 23 8 55 14 39 11 47 42 6 53 54 46 1 2 28 52 15 59 22 3 44 24 12 34 9 48 13 58 20 19 40 0 16 57 10 36 33 32 27 5 50
8180323693587348316 3072
47 2 56 57 19 32 21 40 37 42 43 31 22 26 35 4 23 29 55 28 46 17 39 59 18 6 7 52 9 49 10 44 36 54 48 38 8 34 15 25 13 20 24 12 41 50 0 53 30 3 45 58 51 16 27 5 33 1 11 14
59 32 30 20 33 25 41 56 13 44 52 51 17 48 55 34 31 58 23 21 4 50 6 43 16 47 46 28 36 27 37 40 5 3 0 49 22 9 26 54 24 45 18 57 8 19 7 15 53 10 39 1 12 42 11 38 35 14 29 2
47 2 56 57 19 32 21 23 37 42 43 31 22 26 35 4 40 29 55 12 46 17 39 59 18 6 7 52 9 49 10 44 36 54 48 38 8 34 15 25 13 20 24 28 41 50 0 53 30 3 45 58 51 16 27 5 33 1 11 14
59 32 30 20 33 25 41 56 13 44 52 51 17 48 55 34 31 58 23 21 4 50 6 43 16 47 46 28 36 27 37 40 5 3 0 49 22 9 26 54 24 45 18 57 8 19 7 15 53 10 39 1 12 42 11 38 35 14 29 2
6175957015989258749 3072
56 55 34 47 11 26 3 31 20 44 28 59 54 25 33 41 27 49 52 42 9 58 46 48 43 50 12 5 1 18 6 36 14 51 39 16 21 19 53 38 4 22 57 2 30 24 7 29 23 45 8 37 17 0 32 10 35 40 13 15
15 29 51 57 58 32 26 20 43 36 55 0 19 42 23 8 52 47 39 33 49 53 3 21 41 38 48 18 46 54 37 59 22 5 10 45 2 24 50 1 30 25 11 40 7 27 31 6 17 16 9 44 28 12 13 34 35 14 56 4
56 55 34 47 11 26 3 31 20 44 28 45 54 25 33 41 27 49 52 42 9 48 46 58 43 50 12 5 1 18 6 36 14 51 39 16 21 19 53 38 4 22 57 2 30 24 7 29 23 59 8 37 17 0 32 10 35 40 13 15
15 29 51 57 58 32 26 20 43 36 55 0 19 42 23 8 52 47 39 33 49 53 3 21 41 38 48 18 46 54 37 59 22 5 10 45 2 24 50 1 30 25 11 40 7 27 31 6 17 16 9 44 28 12 13 34 35 14 56 4
