FACTOR_PERMUTATION_V1 12 16 1024 1 1
10 0 1 1 1 1 1 1 1 1 1 1 0 0 2 2 2 2 2 2 2 2 2 2 0 1 1 2 2 2 2 2 2 2 2 2
0 10 1 1 1 1 1 1 1 1 1 1 0 0 2 2 2 2 2 2 2 2 2 2 1 0 2 2 1 2 2 2 2 2 2 2
1 1 10 0 1 1 1 1 1 1 1 1 2 2 0 0 2 2 2 2 2 2 2 2 1 2 0 1 2 2 2 2 2 2 2 2
1 1 0 10 1 1 1 1 1 1 1 1 2 2 0 0 2 2 2 2 2 2 2 2 2 2 1 0 2 1 2 2 2 2 2 2
1 1 1 1 10 0 1 1 1 1 1 1 2 2 2 2 0 1 1 2 2 2 2 2 2 1 2 2 0 1 2 2 2 2 2 2
1 1 1 1 0 10 1 1 1 1 1 1 2 2 2 2 1 0 2 1 2 2 2 2 2 2 2 1 1 0 2 2 2 2 2 2
1 1 1 1 1 1 10 0 1 1 1 1 2 2 2 2 1 2 0 1 2 2 2 2 2 2 2 2 2 2 0 1 1 2 2 2
1 1 1 1 1 1 0 10 1 1 1 1 2 2 2 2 2 1 1 0 2 2 2 2 2 2 2 2 2 2 1 0 2 1 2 2
1 1 1 1 1 1 1 1 10 0 1 1 2 2 2 2 2 2 2 2 0 1 1 2 2 2 2 2 2 2 1 2 0 1 2 2
1 1 1 1 1 1 1 1 0 10 1 1 2 2 2 2 2 2 2 2 1 0 2 1 2 2 2 2 2 2 2 1 1 0 2 2
1 1 1 1 1 1 1 1 1 1 10 0 2 2 2 2 2 2 2 2 1 2 0 1 2 2 2 2 2 2 2 2 2 2 0 0
1 1 1 1 1 1 1 1 1 1 0 10 2 2 2 2 2 2 2 2 2 1 1 0 2 2 2 2 2 2 2 2 2 2 0 0
0 0 2 2 2 2 2 2 2 2 2 2 10 0 1 1 1 1 1 1 1 1 1 1 0 1 1 2 2 2 2 2 2 2 2 2
0 0 2 2 2 2 2 2 2 2 2 2 0 10 1 1 1 1 1 1 1 1 1 1 1 0 2 2 1 2 2 2 2 2 2 2
2 2 0 0 2 2 2 2 2 2 2 2 1 1 10 0 1 1 1 1 1 1 1 1 1 2 0 1 2 2 2 2 2 2 2 2
2 2 0 0 2 2 2 2 2 2 2 2 1 1 0 10 1 1 1 1 1 1 1 1 2 2 1 0 2 1 2 2 2 2 2 2
2 2 2 2 0 1 1 2 2 2 2 2 1 1 1 1 10 1 0 1 1 1 1 1 2 1 2 2 0 2 1 2 2 2 2 2
2 2 2 2 1 0 2 1 2 2 2 2 1 1 1 1 1 10 1 0 1 1 1 1 2 2 2 1 2 0 2 1 2 2 2 2
2 2 2 2 1 2 0 1 2 2 2 2 1 1 1 1 0 1 10 1 1 1 1 1 2 2 2 2 1 2 0 2 1 2 2 2
2 2 2 2 2 1 1 0 2 2 2 2 1 1 1 1 1 0 1 10 1 1 1 1 2 2 2 2 2 1 2 0 2 1 2 2
2 2 2 2 2 2 2 2 0 1 1 2 1 1 1 1 1 1 1 1 10 1 0 1 2 2 2 2 2 2 1 2 0 2 1 2
2 2 2 2 2 2 2 2 1 0 2 1 1 1 1 1 1 1 1 1 1 10 1 0 2 2 2 2 2 2 2 1 2 0 2 1
2 2 2 2 2 2 2 2 1 2 0 1 1 1 1 1 1 1 1 1 0 1 10 1 2 2 2 2 2 2 2 2 1 2 0 1
2 2 2 2 2 2 2 2 2 1 1 0 1 1 1 1 1 1 1 1 1 0 1 10 2 2 2 2 2 2 2 2 2 1 1 0
0 1 1 2 2 2 2 2 2 2 2 2 0 1 1 2 2 2 2 2 2 2 2 2 10 1 0 1 1 1 1 1 1 1 1 1
1 0 2 2 1 2 2 2 2 2 2 2 1 0 2 2 1 2 2 2 2 2 2 2 1 10 1 1 0 1 1 1 1 1 1 1
1 2 0 1 2 2 2 2 2 2 2 2 1 2 0 1 2 2 2 2 2 2 2 2 0 1 10 1 1 1 1 1 1 1 1 1
2 2 1 0 2 1 2 2 2 2 2 2 2 2 1 0 2 1 2 2 2 2 2 2 1 1 1 10 1 0 1 1 1 1 1 1
2 1 2 2 0 1 2 2 2 2 2 2 2 1 2 2 0 2 1 2 2 2 2 2 1 0 1 1 10 1 1 1 1 1 1 1
2 2 2 1 1 0 2 2 2 2 2 2 2 2 2 1 2 0 2 1 2 2 2 2 1 1 1 0 1 10 1 1 1 1 1 1
2 2 2 2 2 2 0 1 1 2 2 2 2 2 2 2 1 2 0 2 1 2 2 2 1 1 1 1 1 1 10 1 0 1 1 1
2 2 2 2 2 2 1 0 2 1 2 2 2 2 2 2 2 1 2 0 2 1 2 2 1 1 1 1 1 1 1 10 1 0 1 1
2 2 2 2 2 2 1 2 0 1 2 2 2 2 2 2 2 2 1 2 0 2 1 2 1 1 1 1 1 1 0 1 10 1 1 1
2 2 2 2 2 2 2 1 1 0 2 2 2 2 2 2 2 2 2 1 2 0 2 1 1 1 1 1 1 1 1 0 1 10 1 1
2 2 2 2 2 2 2 2 2 2 0 0 2 2 2 2 2 2 2 2 1 2 0 1 1 1 1 1 1 1 1 1 1 1 10 0
2 2 2 2 2 2 2 2 2 2 0 0 2 2 2 2 2 2 2 2 2 1 1 0 1 1 1 1 1 1 1 1 1 1 0 10
0 2
0 3
0 4
0 5
0 6
0 7
0 8
0 9
0 10
0 11
1 2
1 3
1 4
1 5
1 6
1 7
1 8
1 9
1 10
1 11
2 4
2 5
2 6
2 7
2 8
2 9
2 10
2 11
3 4
3 5
3 6
3 7
3 8
3 9
3 10
3 11
4 6
4 7
4 8
4 9
4 10
4 11
5 6
5 7
5 8
5 9
5 10
5 11
6 8
6 9
6 10
6 11
7 8
7 9
7 10
7 11
8 10
8 11
9 10
9 11
0 2
0 3
0 4
0 5
0 6
0 7
0 8
0 9
0 10
0 11
1 2
1 3
1 4
1 5
1 6
1 7
1 8
1 9
1 10
1 11
2 4
2 5
2 6
2 7
2 8
2 9
2 10
2 11
3 4
3 5
3 6
3 7
3 8
3 9
3 10
3 11
4 5
4 7
4 8
4 9
4 10
4 11
5 6
5 8
5 9
5 10
5 11
6 7
6 8
6 9
6 10
6 11
7 8
7 9
7 10
7 11
8 9
8 11
9 10
10 11
0 1
0 3
0 4
0 5
0 6
0 7
0 8
0 9
0 10
0 11
1 2
1 3
1 5
1 6
1 7
1 8
1 9
1 10
1 11
2 3
2 4
2 5
2 6
2 7
2 8
2 9
2 10
2 11
3 4
3 6
3 7
3 8
3 9
3 10
3 11
4 5
4 6
4 7
4 8
4 9
4 10
4 11
5 6
5 7
5 8
5 9
5 10
5 11
6 7
6 9
6 10
6 11
7 8
7 10
7 11
8 9
8 10
8 11
9 10
9 11
2046844835233910907 6144
41 46 30 52 8 26 13 22 44 32 19 23 34 3 57 56 21 53 48 40 55 17 10 49 54 4 31 43 58 6 45 12 50 38 14 37 5 24 0 35 7 16 33 18 28 59 27 47 51 15 36 25 1 42 9 2 39 11 20 29
49 41 57 40 45 11 34 5 24 22 44 56 4 23 27 28 50 47 32 54 0 51 37 46 20 38 16 14 48 53 2 26 43 18 7 25 29 3 59 52 17 21 15 55 8 19 12 1 10 33 6 39 9 13 36 31 30 35 42 58
41 46 30 52 8 26 13 22 44 32 19 23 34 3 57 56 21 53 48 40 55 58 10 49 54 4 31 43 17 6 45 12 50 38 14 37 5 24 0 35 7 16 33 18 28 59 27 47 51 15 36 25 1 42 9 2 39 11 20 29
49 41 57 40 45 11 34 5 24 22 44 56 4 23 27 28 50 47 32 54 0 51 37 46 20 38 16 14 48 53 2 26 43 18 7 25 29 3 59 52 17 21 15 55 8 19 12 1 10 33 6 39 9 13 36 31 30 35 42 58
17678630925905775390 6144
48 23 34 41 50 56 38 55 13 25 59 40 5 21 44 32 49 51 24 37 17 52 46 19 18 28 22 4 6 8 57 39 42 45 7 47 53 20 27 3 35 16 26 14 15 30 33 9 31 10 2 1 0 58 54 43 36 29 11 12
33 59 5 13 24 3 25 28 38 36 41 30 46 50 7 20 47 48 57 21 31 54 45 26 42 15 43 39 14 32 35 56 10 4 22 6 17 55 1 27 0 49 16 18 8 2 19 52 51 23 9 44 40 12 29 11 37 53 58 34
48 23 34 28 50 56 2 54 13 25 59 12 53 21 44 32 49 51 24 37 5 52 46 19 18 41 22 4 6 58 57 39 42 45 7 47 17 40 27 3 35 16 26 14 15 30 33 9 31 10 38 1 0 8 55 43 36 29 11 20
33 57 5 13 26 3 25 28 38 36 24 30 46 50 6 20 18 48 55 21 31 14 45 41 42 0 43 32 54 39 35 56 10 4 22 7 17 59 1 27 15 49 16 47 8 2 19 52 51 23 9 44 40 12 29 11 37 53 58 34
1060722905452341903 6144
28 31 18 42 7 59 21 30 56 20 8 44 57 22 35 38 55 37 10 1 17 6 23 46 49 2 48 13 47 40 3 58 51 24 19 16 54 25 4 34 29 52 14 32 26 9 53 27 33 43 41 45 11 12 0 39 36 5 15 50
59 16 22 54 31 2 40 17 36 44 42 27 25 6 30 33 12 50 34 52 53 18 46 15 43 37 11 49 56 55 8 28 4 5 48 35 41 13 32 3 38 1 39 51 23 29 24 58 9 21 10 14 26 47 45 0 7 20 57 19
28 31 18 42 7 54 21 30 56 20 8 44 57 22 35 38 55 37 10 1 17 6 23 46 49 2 48 13 47 40 3 58 51 24 19 14 59 25 0 34 29 52 16 32 26 9 53 27 33 43 41 45 11 12 4 39 36 5 15 50
59 16 22 54 31 2 40 17 36 44 42 27 25 6 30 33 12 50 32 52 53 18 46 15 43 37 11 49 56 55 8 28 4 48 5 35 41 13 34 3 38 1 39 51 23 29 24 58 9 21 10 14 26 47 45 0 7 20 57 19
17500324691294583402 6144
37 59 21 48 54 35 42 25 33 38 43 51 34 39 56 10 52 30 55 28 53 27 41 49 46 18 29 4 8 32 44 6 36 15 14 47 0 57 17 16 23 19 5 11 22 45 7 58 12 1 13 26 9 40 50 24 2 31 20 3
44 28 54 58 32 10 26 38 42 23 16 43 52 19 27 46 5 33 6 49 17 48 40 57 36 47 7 30 50 18 8 51 9 22 39 15 59 3 21 1 29 55 25 56 0 13 37 4 14 35 31 12 11 34 2 20 45 41 53 24
37 54 21 48 59 35 42 25 33 38 43 51 34 40 56 10 55 30 52 28 53 27 41 49 46 18 29 4 8 32 44 6 39 15 14 47 0 57 17 16 23 19 5 11 22 45 7 58 12 1 13 26 9 36 50 24 2 31 20 3
44 28 54 58 32 10 26 38 42 23 16 43 52 27 19 46 5 33 15 49 17 48 40 57 36 47 7 30 50 18 8 51 14 22 39 6 59 3 21 1 29 55 25 56 0 13 37 4 9 35 31 12 11 34 2 20 45 41 53 24
15085679453906601928 6144
42 56 31 18 41 45 54 35 25 38 59 52 33 24 23 29 4 50 37 36 19 11 53 39 13 47 9 8 17 51 46 26 55 20 3 5 0 22 57 6 44 34 58 2 28 1 48 49 12 43 10 30 7 27 32 16 14 21 40 15
37 48 7 10 56 29 41 50 44 45 36 17 31 59 42 47 25 46 30 24 52 49 33 9 58 18 15 12 26 57 2 55 21 14 4 39 51 8 23 3 16 54 5 53 0 40 1 22 34 27 35 32 28 11 20 38 43 13 19 6
42 56 31 18 41 45 54 35 25 38 59 52 33 24 23 29 4 50 37 36 19 11 53 39 13 47 9 8 17 51 46 26 55 20 3 5 0 22 57 6 44 34 58 2 28 1 48 49 12 43 10 30 7 27 32 16 14 21 40 15
37 48 7 10 56 29 41 50 44 45 36 17 31 59 42 47 25 46 30 24 52 49 26 9 58 18 15 12 33 57 2 55 21 14 4 39 51 8 23 3 16 54 5 53 0 40 1 22 34 27 35 32 28 11 20 38 43 13 19 6
13431311862567977614 6144
40 51 29 23 49 45 3 16 33 37 11 58 55 34 56 52 27 50 36 24 44 48 9 39 47 15 57 4 26 7 43 12 30 41 13 5 25 6 17 31 8 14 18 59 19 0 53 20 28 46 35 54 10 2 22 32 38 1 21 42
12 45 8 13 33 38 41 43 51 32 57 35 56 25 17 34 23 29 55 36 42 5 44 9 58 50 28 16 54 40 27 48 18 6 49 52 7 19 15 20 30 21 59 22 1 47 10 31 53 11 37 2 39 26 46 0 3 4 24 14
40 51 29 23 49 45 3 16 33 38 11 58 55 34 56 53 27 50 36 24 44 48 9 39 47 15 57 4 26 7 43 12 30 41 13 5 20 6 25 31 8 14 18 59 19 0 37 21 28 46 35 54 10 2 22 32 52 1 17 42
12 45 8 13 31 38 41 43 51 32 57 35 56 25 17 34 23 29 33 36 42 5 44 9 26 50 39 16 54 40 27 48 18 6 49 52 7 19 15 20 30 21 59 22 1 47 10 55 53 11 37 2 28 58 46 0 3 4 24 14
3266554279259524514 6144
53 54 42 32 21 28 33 41 0 48 24 39 49 5 34 47 10 45 51 38 26 50 2 3 19 36 9 14 8 1 43 7 12 30 13 55 52 35 57 23 11 58 27 16 46 17 15 25 59 18 44 29 22 20 56 40 37 4 6 31
29 0 24 59 58 52 8 43 28 45 42 56 32 33 10 41 54 22 6 5 53 14 46 25 39 18 38 31 49 57 2 51 23 40 12 26 27 50 11 44 9 35 15 21 36 20 7 4 3 34 30 16 47 1 17 55 19 37 48 13
47 52 51 32 21 35 44 41 20 58 24 39 49 55 57 54 10 45 42 38 26 50 2 3 19 36 9 13 43 1 16 59 28 30 14 5 15 6 8 23 11 33 27 17 46 48 37 25 34 18 7 29 22 12 56 40 53 4 0 31
51 0 24 59 49 52 8 43 28 42 45 56 32 33 21 41 54 22 6 23 53 14 46 25 36 18 38 31 9 57 39 29 27 40 12 5 26 50 11 44 4 35 15 10 58 19 7 2 3 34 30 37 47 1 17 55 20 16 48 13
2773304683570367458 6144
39 46 8 23 24 45 41 22 32 31 55 50 56 59 21 38 29 15 20 49 6 30 16 40 53 34 3 9 17 57 42 7 28 52 37 54 35 27 26 43 47 12 58 33 18 4 44 48 5 1 19 36 51 10 25 11 14 0 2 13
18 8 49 57 12 20 33 43 37 24 42 45 19 23 58 25 4 28 34 6 53 54 47 44 40 39 15 48 50 55 27 41 10 9 52 13 38 0 30 51 11 7 1 46 5 29 16 26 59 17 21 14 2 56 36 32 22 35 3 31
39 46 8 23 24 45 41 22 32 31 55 50 56 59 21 38 29 15 20 49 48 30 16 40 53 34 3 36 17 57 42 7 28 52 37 54 35 27 26 43 47 12 58 33 18 4 44 6 5 1 19 9 51 10 25 11 14 0 2 13
18 2 49 57 12 20 33 43 37 24 42 45 19 23 58 25 4 28 34 6 53 5 47 44 40 39 31 48 50 55 27 41 10 9 52 13 38 0 30 51 11 7 1 46 54 29 16 26 59 17 21 14 8 56 36 32 22 35 3 15
14759992598076056418 6144
38 22 19 34 39 50 55 36 53 31 49 59 28 33 57 43 47 26 21 4 6 9 8 58 46 42 37 23 45 7 16 3 12 54 44 32 52 17 0 51 35 18 27 48 15 24 14 40 29 2 10 13 20 11 41 25 56 30 1 5
8 14 33 51 11 21 19 53 36 38 9 45 49 6 20 50 58 29 23 31 12 52 37 17 48 39 44 16 15 22 2 57 46 4 1 43 34 24 7 26 54 5 56 32 27 18 42 25 10 47 55 59 41 28 0 35 30 3 40 13
38 22 16 24 39 50 59 44 53 31 49 19 28 33 57 43 47 26 21 4 6 9 8 17 46 42 37 55 45 7 52 3 12 54 36 48 5 58 0 51 35 18 27 32 15 34 14 40 29 2 10 13 20 11 41 25 56 30 1 23
6 14 33 32 16 21 29 47 22 38 9 45 54 8 20 50 58 28 23 31 12 48 43 17 52 39 44 11 15 36 59 57 46 4 1 37 34 24 7 26 49 5 56 51 27 18 55 25 10 53 42 2 41 19 0 35 30 3 40 13
2567563584575437456 6144
11 50 33 41 59 25 29 47 57 38 39 13 52 54 8 48 20 27 44 30 51 6 43 58 37 3 36 22 24 56 2 53 46 40 4 55 18 45 49 0 23 32 7 9 26 34 14 15 35 42 31 21 1 12 19 28 17 5 10 16
49 19 50 24 12 33 39 9 43 28 54 48 1 51 32 35 46 22 31 55 52 17 20 45 13 41 7 3 59 10 47 2 8 56 16 38 25 4 18 37 15 42 6 29 30 0 53 58 5 26 40 14 57 11 27 23 36 21 44 34
13 50 33 41 59 25 29 47 57 2 39 11 52 54 0 48 20 27 44 30 51 6 43 58 37 3 38 22 24 56 12 55 46 40 4 53 18 45 49 8 23 32 7 9 26 34 14 15 35 42 31 21 1 28 19 36 17 5 10 16
49 19 33 24 12 50 39 9 43 28 54 48 34 51 32 35 46 22 31 55 52 17 36 45 13 41 7 3 59 10 47 38 8 56 16 2 25 4 18 37 15 42 6 29 30 0 53 58 5 26 40 14 57 11 27 23 20 21 44 1
5521716641470969540 6144
34 49 37 27 35 6 29 42 36 53 40 41 58 5 24 25 47 43 33 28 57 17 52 13 51 2 7 19 4 48 14 46 59 8 55 54 9 11 32 26 44 21 45 1 10 18 38 30 39 31 0 16 20 12 50 56 15 3 23 22
35 53 57 30 16 47 50 41 15 29 54 22 19 56 39 38 45 33 6 5 42 58 11 59 0 37 13 31 55 9 34 40 8 49 20 12 23 26 52 18 43 7 24 51 14 36 25 17 3 2 46 48 32 44 1 10 27 28 4 21
34 49 23 27 35 38 1 42 36 53 59 46 41 5 24 25 14 43 33 28 7 47 52 13 51 2 21 12 32 56 17 9 40 8 15 54 45 11 44 26 57 4 58 30 10 18 6 29 39 55 0 16 20 19 50 48 37 3 31 22
35 15 57 30 16 47 50 41 55 36 54 22 19 6 39 40 45 33 31 9 42 58 11 59 5 37 13 56 52 2 34 38 53 18 49 12 23 26 17 4 43 32 24 51 14 29 25 0 3 8 46 48 7 44 1 10 27 28 20 21
16426341492646927306 6144
41 3 23 52 44 35 30 40 22 48 43 24 31 25 27 50 39 46 47 7 59 4 54 6 45 37 33 13 56 12 57 58 2 42 9 15 18 28 55 5 26 14 8 11 51 49 17 32 16 1 53 36 10 21 38 0 29 20 19 34
29 54 55 40 50 12 2 44 16 30 59 42 26 51 37 1 43 22 27 31 8 52 11 58 35 41 48 24 10 5 38 36 33 17 6 49 23 57 13 4 32 47 18 56 25 19 39 0 34 45 3 7 46 9 21 20 15 53 28 14
41 3 23 52 44 35 30 40 22 48 43 24 31 25 27 50 39 46 47 7 59 4 54 6 45 37 33 13 56 12 57 58 2 42 9 15 18 28 55 5 26 14 8 11 51 49 17 32 16 1 53 36 10 21 38 0 29 20 19 34
12 54 55 40 50 29 2 44 16 30 59 42 26 51 37 1 43 22 27 31 8 52 11 58 35 41 48 24 10 5 38 36 33 17 6 49 23 57 13 4 32 47 18 56 25 19 39 0 34 45 3 7 46 9 21 20 15 53 28 14
7102504368602675047 6144
55 44 24 9 21 50 54 38 32 30 39 31 51 8 27 29 28 22 43 58 17 41 42 56 26 34 47 6 52 49 13 59 4 5 12 36 57 53 35 10 7 45 33 11 16 48 20 23 37 40 18 1 2 19 0 15 46 25 3 14
39 22 33 31 41 30 9 50 43 15 44 40 34 58 48 38 7 47 19 23 29 5 17 0 12 52 55 42 57 8 6 3 37 51 46 16 45 56 4 54 14 25 18 49 59 20 24 13 21 11 36 26 27 10 32 1 53 28 2 35
55 44 24 9 21 50 54 38 32 30 39 31 51 8 27 29 28 22 43 58 17 41 42 56 26 34 47 6 52 49 13 59 4 5 12 36 57 53 35 10 7 45 33 11 16 48 20 23 37 40 18 1 2 19 0 15 46 25 3 14
39 22 33 31 41 30 9 50 43 15 44 40 34 58 48 38 7 47 19 23 29 5 17 0 12 52 55 42 57 8 6 3 37 51 46 16 45 56 4 54 14 25 18 49 59 20 24 13 21 11 36 26 27 10 32 1 53 28 2 35
9819442527934640895 6144
6 34 19 57 23 22 29 40 49 5 46 42 31 56 35 58 12 21 37 50 54 20 45 9 47 14 17 36 25 4 38 44 41 52 15 33 39 32 51 3 48 0 18 11 26 55 1 53 7 30 24 16 27 59 13 2 8 43 28 10
41 45 24 43 38 46 37 31 11 4 33 49 51 56 39 35 53 27 21 23 8 16 14 55 32 47 42 6 17 54 26 1 2 28 52 15 59 29 3 44 25 30 34 9 48 13 58 20 19 40 0 7 57 10 22 12 36 18 5 50
6 34 19 57 23 22 29 40 49 5 46 42 31 56 35 58 12 21 37 50 54 20 45 9 47 14 17 36 25 4 38 44 41 52 15 33 39 32 51 3 48 0 18 11 26 55 1 53 7 30 24 16 27 59 13 2 8 43 28 10
41 45 24 43 38 46 37 31 11 4 33 49 51 56 39 35 53 27 21 23 8 16 14 55 32 47 42 6 17 54 26 1 2 28 52 15 59 29 3 44 25 30 34 9 48 13 58 20 19 40 0 7 57 10 22 12 36 18 5 50
2354820812275684493 6144
47 7 58 57 19 32 21 20 37 28 49 12 22 26 35 38 23 29 55 40 46 31 39 59 18 24 2 6 9 4 27 44 36 54 48 43 8 34 15 52 13 42 16 17 41 50 0 53 30 3 45 56 51 10 25 5 33 1 11 14
59 49 30 22 2 25 41 56 11 44 43 58 27 48 55 34 31 51 23 21 4 50 17 15 32 46 38 28 42 54 37 40 5 0 3 24 47 9 26 35 52 16 18 57 33 19 7 6 8 10 39 1 12 45 13 36 20 14 29 53
47 7 58 57 19 32 21 20 37 42 49 12 22 26 35 38 23 29 55 40 46 53 39 59 18 6 2 52 9 4 27 44 36 54 48 43 8 34 15 24 13 28 16 17 41 50 0 31 30 3 45 56 51 10 25 5 33 1 11 14
59 24 30 22 2 25 41 56 11 44 17 49 20 48 55 34 31 51 23 21 4 50 43 15 32 46 38 28 42 54 53 40 5 0 3 58 47 9 26 27 52 16 18 57 33 19 7 6 8 10 39 1 12 45 13 36 35 14 29 37
1208902681088934922 6144
56 55 34 47 33 26 14 28 52 21 41 59 54 25 11 49 20 31 27 42 9 18 44 48 3 45 12 5 1 58 6 36 43 51 39 4 24 19 53 38 22 17 57 2 30 46 7 32 23 50 8 37 10 0 29 16 35 40 13 15
17 50 51 57 29 32 46 20 14 38 59 15 19 42 23 40 33 47 2 30 48 53 3 21 18 36 49 28 58 37 41 8 25 5 10 22 39 24 26 1 52 45 11 55 7 27 31 6 0 16 9 44 54 12 13 34 35 43 56 4
56 55 34 47 33 26 14 28 52 21 41 59 54 25 11 49 20 31 27 42 9 18 44 48 3 45 12 5 1 58 6 36 43 51 39 4 24 19 53 38 22 17 57 2 30 46 7 32 23 50 8 37 10 0 29 16 35 40 13 15
17 50 51 57 29 32 46 20 43 38 59 15 19 42 23 40 33 47 2 30 48 53 3 21 18 36 49 28 58 37 41 8 25 5 10 22 39 24 26 1 52 45 11 55 7 27 31 6 0 16 9 44 54 12 13 34 35 14 56 4
