FACTOR_PERMUTATION_V1 12 16 1024 1 1
10 0 1 1 1 1 1 1 1 1 1 1 0 0 2 2 2 2 2 2 2 2 2 2 0 1 1 2 2 2 2 2 2 2 2 2
0 10 1 1 1 1 1 1 1 1 1 1 0 0 2 2 2 2 2 2 2 2 2 2 1 0 2 2 1 2 2 2 2 2 2 2
1 1 10 0 1 1 1 1 1 1 1 1 2 2 0 0 2 2 2 2 2 2 2 2 1 2 0 1 2 2 2 2 2 2 2 2
1 1 0 10 1 1 1 1 1 1 1 1 2 2 0 0 2 2 2 2 2 2 2 2 2 2 1 0 2 1 2 2 2 2 2 2
1 1 1 1 10 0 1 1 1 1 1 1 2 2 2 2 0 1 1 2 2 2 2 2 2 1 2 2 0 1 2 2 2 2 2 2
1 1 1 1 0 10 1 1 1 1 1 1 2 2 2 2 1 0 2 1 2 2 2 2 2 2 2 1 1 0 2 2 2 2 2 2
1 1 1 1 1 1 10 0 1 1 1 1 2 2 2 2 1 2 0 1 2 2 2 2 2 2 2 2 2 2 0 1 1 2 2 2
1 1 1 1 1 1 0 10 1 1 1 1 2 2 2 2 2 1 1 0 2 2 2 2 2 2 2 2 2 2 1 0 2 1 2 2
1 1 1 1 1 1 1 1 10 0 1 1 2 2 2 2 2 2 2 2 0 1 1 2 2 2 2 2 2 2 1 2 0 1 2 2
1 1 1 1 1 1 1 1 0 10 1 1 2 2 2 2 2 2 2 2 1 0 2 1 2 2 2 2 2 2 2 1 1 0 2 2
1 1 1 1 1 1 1 1 1 1 10 0 2 2 2 2 2 2 2 2 1 2 0 1 2 2 2 2 2 2 2 2 2 2 0 0
1 1 1 1 1 1 1 1 1 1 0 10 2 2 2 2 2 2 2 2 2 1 1 0 2 2 2 2 2 2 2 2 2 2 0 0
0 0 2 2 2 2 2 2 2 2 2 2 10 0 1 1 1 1 1 1 1 1 1 1 0 1 1 2 2 2 2 2 2 2 2 2
0 0 2 2 2 2 2 2 2 2 2 2 0 10 1 1 1 1 1 1 1 1 1 1 1 0 2 2 1 2 2 2 2 2 2 2
2 2 0 0 2 2 2 2 2 2 2 2 1 1 10 0 1 1 1 1 1 1 1 1 1 2 0 1 2 2 2 2 2 2 2 2
2 2 0 0 2 2 2 2 2 2 2 2 1 1 0 10 1 1 1 1 1 1 1 1 2 2 1 0 2 1 2 2 2 2 2 2
2 2 2 2 0 1 1 2 2 2 2 2 1 1 1 1 10 1 0 1 1 1 1 1 2 1 2 2 0 2 1 2 2 2 2 2
2 2 2 2 1 0 2 1 2 2 2 2 1 1 1 1 1 10 1 0 1 1 1 1 2 2 2 1 2 0 2 1 2 2 2 2
2 2 2 2 1 2 0 1 2 2 2 2 1 1 1 1 0 1 10 1 1 1 1 1 2 2 2 2 1 2 0 2 1 2 2 2
2 2 2 2 2 1 1 0 2 2 2 2 1 1 1 1 1 0 1 10 1 1 1 1 2 2 2 2 2 1 2 0 2 1 2 2
2 2 2 2 2 2 2 2 0 1 1 2 1 1 1 1 1 1 1 1 10 1 0 1 2 2 2 2 2 2 1 2 0 2 1 2
2 2 2 2 2 2 2 2 1 0 2 1 1 1 1 1 1 1 1 1 1 10 1 0 2 2 2 2 2 2 2 1 2 0 2 1
2 2 2 2 2 2 2 2 1 2 0 1 1 1 1 1 1 1 1 1 0 1 10 1 2 2 2 2 2 2 2 2 1 2 0 1
2 2 2 2 2 2 2 2 2 1 1 0 1 1 1 1 1 1 1 1 1 0 1 10 2 2 2 2 2 2 2 2 2 1 1 0
0 1 1 2 2 2 2 2 2 2 2 2 0 1 1 2 2 2 2 2 2 2 2 2 10 1 0 1 1 1 1 1 1 1 1 1
1 0 2 2 1 2 2 2 2 2 2 2 1 0 2 2 1 2 2 2 2 2 2 2 1 10 1 1 0 1 1 1 1 1 1 1
1 2 0 1 2 2 2 2 2 2 2 2 1 2 0 1 2 2 2 2 2 2 2 2 0 1 10 1 1 1 1 1 1 1 1 1
2 2 1 0 2 1 2 2 2 2 2 2 2 2 1 0 2 1 2 2 2 2 2 2 1 1 1 10 1 0 1 1 1 1 1 1
2 1 2 2 0 1 2 2 2 2 2 2 2 1 2 2 0 2 1 2 2 2 2 2 1 0 1 1 10 1 1 1 1 1 1 1
2 2 2 1 1 0 2 2 2 2 2 2 2 2 2 1 2 0 2 1 2 2 2 2 1 1 1 0 1 10 1 1 1 1 1 1
2 2 2 2 2 2 0 1 1 2 2 2 2 2 2 2 1 2 0 2 1 2 2 2 1 1 1 1 1 1 10 1 0 1 1 1
2 2 2 2 2 2 1 0 2 1 2 2 2 2 2 2 2 1 2 0 2 1 2 2 1 1 1 1 1 1 1 10 1 0 1 1
2 2 2 2 2 2 1 2 0 1 2 2 2 2 2 2 2 2 1 2 0 2 1 2 1 1 1 1 1 1 0 1 10 1 1 1
2 2 2 2 2 2 2 1 1 0 2 2 2 2 2 2 2 2 2 1 2 0 2 1 1 1 1 1 1 1 1 0 1 10 1 1
2 2 2 2 2 2 2 2 2 2 0 0 2 2 2 2 2 2 2 2 1 2 0 1 1 1 1 1 1 1 1 1 1 1 10 0
2 2 2 2 2 2 2 2 2 2 0 0 2 2 2 2 2 2 2 2 2 1 1 0 1 1 1 1 1 1 1 1 1 1 0 10
0 2
0 3
0 4
0 5
0 6
0 7
0 8
0 9
0 10
0 11
1 2
1 3
1 4
1 5
1 6
1 7
1 8
1 9
1 10
1 11
2 4
2 5
2 6
2 7
2 8
2 9
2 10
2 11
3 4
3 5
3 6
3 7
3 8
3 9
3 10
3 11
4 6
4 7
4 8
4 9
4 10
4 11
5 6
5 7
5 8
5 9
5 10
5 11
6 8
6 9
6 10
6 11
7 8
7 9
7 10
7 11
8 10
8 11
9 10
9 11
0 2
0 3
0 4
0 5
0 6
0 7
0 8
0 9
0 10
0 11
1 2
1 3
1 4
1 5
1 6
1 7
1 8
1 9
1 10
1 11
2 4
2 5
2 6
2 7
2 8
2 9
2 10
2 11
3 4
3 5
3 6
3 7
3 8
3 9
3 10
3 11
4 5
4 7
4 8
4 9
4 10
4 11
5 6
5 8
5 9
5 10
5 11
6 7
6 8
6 9
6 10
6 11
7 8
7 9
7 10
7 11
8 9
8 11
9 10
10 11
0 1
0 3
0 4
0 5
0 6
0 7
0 8
0 9
0 10
0 11
1 2
1 3
1 5
1 6
1 7
1 8
1 9
1 10
1 11
2 3
2 4
2 5
2 6
2 7
2 8
2 9
2 10
2 11
3 4
3 6
3 7
3 8
3 9
3 10
3 11
4 5
4 6
4 7
4 8
4 9
4 10
4 11
5 6
5 7
5 8
5 9
5 10
5 11
6 7
6 9
6 10
6 11
7 8
7 10
7 11
8 9
8 10
8 11
9 10
9 11
14490940027041040297 1024
12 49 34 38 8 22 3 27 33 32 43 21 29 35 51 56 23 55 15 40 46 58 10 39 54 11 47 4 59 17 45 41 30 31 9 37 53 24 7 42 5 16 52 18 28 48 26 14 57 1 36 25 50 44 6 2 13 19 20 0
49 43 56 9 12 18 34 5 24 55 37 26 4 14 25 3 50 44 32 22 57 38 52 46 20 13 0 48 30 10 7 15 45 41 36 6 29 28 27 16 58 21 51 59 53 19 42 33 17 47 40 39 1 8 23 31 54 35 11 2
12 49 34 38 8 22 3 27 33 32 43 21 29 35 51 56 23 55 15 40 46 58 10 39 54 11 47 4 59 17 45 41 30 31 9 37 53 24 7 42 5 16 52 18 28 48 26 14 57 1 36 25 50 44 6 2 13 19 20 0
49 43 56 9 12 18 34 5 24 55 37 26 4 14 25 3 50 44 32 22 57 38 52 46 20 13 0 48 30 10 7 15 45 41 36 6 29 28 27 16 58 21 51 59 53 19 42 33 17 47 40 39 1 8 23 31 54 35 11 2
4298498874261956234 1024
48 32 36 41 51 39 37 54 44 25 40 12 53 26 23 21 49 1 11 2 8 52 46 55 18 28 6 4 59 56 57 58 3 45 5 47 31 20 27 13 50 16 7 14 15 30 33 9 17 0 38 34 35 22 19 43 24 29 42 10
53 18 54 44 32 3 25 28 38 36 40 30 46 9 33 55 48 51 24 21 31 22 0 20 42 6 43 34 5 16 35 23 39 50 4 15 56 59 13 27 10 49 11 47 8 41 1 52 57 26 7 45 17 12 29 19 37 2 58 14
48 32 36 41 51 39 37 54 44 25 40 12 53 26 23 21 49 1 11 2 8 52 46 55 18 28 6 4 59 56 57 58 3 45 5 47 31 20 27 13 50 16 7 14 15 30 33 9 17 0 38 34 35 22 19 43 24 29 42 10
53 18 54 44 32 3 25 28 38 36 40 30 46 9 33 55 48 51 24 21 31 22 0 20 42 6 43 34 5 16 35 23 39 50 4 15 56 59 13 27 10 49 11 47 8 41 1 52 57 26 7 45 17 12 29 19 37 2 58 14
15362673311309092689 1024
31 52 55 42 7 59 10 30 49 20 8 44 57 27 5 39 12 21 58 32 17 48 23 46 56 2 38 13 9 40 3 54 51 24 11 14 45 25 0 34 29 47 22 35 1 19 53 6 33 16 41 18 26 28 4 43 36 37 15 50
59 22 33 54 31 23 40 17 36 44 42 27 39 3 53 56 47 50 4 24 26 18 35 38 43 2 0 49 15 55 13 28 11 5 37 46 41 48 34 7 8 6 25 51 52 29 10 58 9 21 30 14 16 12 45 1 32 20 57 19
31 52 55 42 7 59 30 25 11 20 8 3 57 27 5 39 12 21 58 32 17 48 23 46 56 2 38 13 9 40 44 54 51 24 49 14 45 10 0 34 29 47 22 35 1 19 53 6 33 16 41 18 26 28 4 43 36 37 15 50
59 22 33 54 31 23 40 17 36 44 42 27 39 3 53 56 47 50 4 24 26 18 35 38 43 2 0 49 15 55 8 1 11 5 37 46 41 48 34 7 13 6 25 51 52 29 10 58 9 21 30 14 16 12 45 28 32 20 57 19
5334060116202684472 1024
28 47 32 48 59 5 3 25 41 36 43 12 34 33 54 0 55 42 38 24 53 6 18 37 27 50 44 4 9 35 39 56 17 57 13 8 26 45 21 52 51 14 29 19 22 15 7 58 16 1 23 10 30 40 49 11 2 31 20 46
13 17 54 41 47 55 26 38 24 43 56 44 37 52 10 42 28 18 25 3 46 19 40 57 48 45 36 30 53 7 0 32 51 14 23 6 59 11 15 4 1 49 58 50 8 22 12 29 5 34 31 16 21 27 9 20 39 35 33 2
28 47 32 48 59 5 3 25 41 36 43 12 34 33 54 0 55 42 38 24 53 6 18 37 27 50 44 4 9 35 39 56 17 57 13 8 26 45 21 52 51 14 29 19 22 15 7 58 16 1 23 10 30 40 49 11 2 31 20 46
13 17 54 41 47 55 26 38 24 43 56 44 37 52 10 42 28 18 25 3 46 19 40 57 48 45 36 30 53 7 0 32 51 14 23 6 59 11 15 4 1 49 58 50 8 22 12 29 5 34 31 16 21 27 9 20 39 35 33 2
12311565390943396560 1024
22 17 31 18 21 45 20 33 9 38 59 52 46 24 11 39 42 47 32 36 55 53 57 29 28 40 13 8 4 7 35 51 54 50 37 3 6 56 2 10 44 34 58 41 19 48 49 30 12 43 25 5 27 1 26 16 14 0 23 15
37 48 6 20 56 29 41 50 44 45 49 17 8 59 42 21 7 47 30 24 36 31 0 9 40 15 19 12 33 57 10 38 27 46 4 39 51 26 23 3 16 54 14 53 58 18 1 52 34 25 35 32 11 28 55 2 43 13 5 22
43 17 31 18 21 58 20 33 9 38 59 52 47 24 11 39 42 46 32 36 55 53 57 29 28 40 13 8 4 7 35 51 54 50 37 3 6 56 2 10 44 34 45 41 19 48 49 30 12 22 25 5 27 1 26 16 14 0 23 15
37 48 6 20 56 29 41 50 44 45 49 17 8 59 42 21 7 47 30 24 36 31 0 9 40 15 19 12 33 57 10 38 27 46 4 39 51 26 23 3 16 54 14 53 58 18 1 52 34 25 35 32 11 28 55 2 43 13 5 22
5225781223823429053 1024
40 28 35 55 49 47 3 16 30 38 11 53 58 34 56 57 50 41 42 21 44 48 9 39 15 52 25 4 12 7 43 18 51 5 13 31 26 6 23 27 8 14 24 59 19 0 17 36 2 29 46 54 10 45 22 32 1 33 37 20
12 14 8 48 31 47 20 43 50 29 55 17 42 24 40 22 23 34 6 53 57 37 44 9 51 1 5 16 4 36 27 28 7 26 49 38 32 19 13 52 30 21 59 0 33 41 10 15 56 11 39 2 35 58 18 45 3 54 25 46
40 28 35 55 49 47 3 16 30 38 11 53 58 34 56 57 50 41 42 21 44 48 9 39 15 52 25 4 12 7 13 18 51 5 43 31 26 6 23 27 8 14 24 59 19 0 17 36 2 29 46 54 10 45 22 32 1 33 37 20
12 14 8 48 31 47 20 43 50 29 55 17 42 24 40 22 23 34 6 53 57 37 44 9 51 1 5 16 4 36 27 28 7 26 49 38 32 19 13 52 30 21 59 0 33 41 10 15 56 11 39 2 35 58 18 45 3 54 25 46
16699404253024648435 1024
47 52 51 32 21 33 36 41 20 58 57 39 30 53 24 50 10 45 43 38 26 28 2 3 18 48 5 13 44 19 16 59 1 54 9 42 15 6 55 8 11 23 27 56 46 14 37 25 34 7 49 29 17 12 22 40 35 4 0 31
52 0 55 53 25 38 54 43 28 42 20 56 45 33 47 41 8 24 5 49 18 59 34 58 16 9 35 31 14 51 39 29 27 40 22 1 26 4 19 32 48 57 15 10 36 23 7 2 3 37 11 17 21 44 46 30 6 12 50 13
47 52 51 32 21 33 36 41 20 58 57 39 30 53 24 50 10 45 43 38 26 28 2 3 18 48 5 13 44 19 16 59 1 54 9 42 15 6 55 8 11 23 27 56 46 14 37 25 34 7 49 29 17 12 22 40 35 4 0 31
52 0 55 53 25 38 54 43 28 42 20 56 45 33 47 41 8 24 5 49 18 59 34 58 16 9 35 31 14 51 39 29 27 40 22 1 26 4 19 32 48 57 15 10 36 23 7 2 3 37 11 17 30 44 46 21 6 12 50 13
10681759011716200749 1024
44 46 34 23 38 45 47 0 28 35 55 57 56 59 21 12 29 31 32 49 4 30 16 40 15 8 3 52 17 6 42 1 20 58 36 54 53 43 27 37 51 10 26 33 11 48 14 5 50 41 19 2 9 22 25 39 18 24 7 13
34 2 23 57 12 36 33 53 49 15 22 45 19 30 58 56 42 28 18 6 16 5 14 44 40 47 31 25 50 55 27 41 10 13 52 0 38 8 48 51 11 7 32 3 54 26 39 29 9 1 21 37 17 43 20 59 4 35 46 24
44 46 34 23 38 45 47 0 28 35 55 57 56 59 21 12 29 31 32 49 4 30 16 40 15 8 3 52 17 6 42 1 20 58 36 54 53 43 27 37 51 10 26 33 11 48 14 5 50 41 19 2 9 22 25 39 18 24 7 13
34 2 23 57 12 36 33 53 49 15 22 45 19 30 58 56 42 28 18 6 16 5 14 44 40 47 31 25 50 55 27 41 10 13 52 0 38 8 48 51 11 7 32 3 54 26 39 29 9 1 21 37 17 43 20 59 4 35 46 24
15899180989200051542 1024
40 16 22 24 27 30 59 43 13 33 44 41 28 25 57 18 54 21 31 36 19 9 49 17 0 4 52 55 45 53 7 51 12 15 26 48 5 58 46 1 35 10 39 32 47 34 14 8 29 38 3 11 2 23 6 20 56 42 50 37
45 14 56 9 52 43 29 47 22 40 51 23 54 44 8 36 46 59 20 31 3 11 28 17 48 53 38 16 2 50 6 35 58 4 18 25 34 24 37 26 49 32 10 7 27 15 55 5 0 21 39 41 57 19 33 42 30 12 1 13
40 16 22 24 27 30 59 43 13 33 44 41 28 25 57 18 54 21 31 36 19 9 49 17 0 4 52 55 45 53 7 51 12 15 26 48 5 58 46 1 35 10 39 32 47 34 14 8 29 38 3 11 2 23 6 20 56 42 50 37
45 14 56 9 52 43 29 47 22 40 51 23 54 44 8 36 46 59 20 31 3 11 28 17 48 53 38 16 2 50 6 35 58 4 18 25 34 24 37 26 49 32 10 7 27 15 55 5 0 21 39 41 57 19 33 42 30 12 1 13
935046919318639471 1024
29 26 39 41 59 10 46 47 24 30 57 35 52 54 0 43 20 42 44 40 22 33 13 58 37 9 38 48 6 56 36 55 51 3 4 53 18 45 49 12 23 7 32 25 14 50 2 15 11 5 31 21 28 1 27 8 19 34 17 16
49 36 53 27 45 24 17 47 12 32 5 48 19 55 59 35 34 22 52 11 46 41 28 50 13 43 25 57 39 10 9 31 8 56 16 2 51 7 1 3 15 42 6 33 37 14 29 58 54 40 26 0 38 18 4 23 20 21 44 30
29 26 39 41 59 10 46 47 24 30 57 35 52 54 0 43 20 42 44 40 22 33 13 58 37 9 38 48 6 56 36 55 51 3 4 53 18 45 49 12 23 7 32 25 14 50 2 15 11 5 31 21 28 1 27 8 19 34 17 16
49 36 53 27 45 24 17 47 12 32 5 48 19 55 59 35 34 22 52 11 46 41 28 50 13 43 25 57 39 10 9 31 8 56 16 2 51 7 1 3 15 42 6 33 37 14 29 58 54 40 26 0 38 18 4 23 20 21 44 30
2635700627773783178 1024
57 1 23 27 29 39 49 43 36 58 51 46 41 5 24 33 34 44 25 38 7 8 52 13 50 2 42 12 32 48 53 9 37 14 17 54 45 18 47 26 28 22 40 35 10 11 6 30 16 55 0 19 20 21 59 56 15 3 31 4
35 48 57 16 11 46 26 41 55 36 50 22 19 52 39 44 14 4 31 9 0 58 15 40 59 30 43 6 49 5 28 38 51 18 53 12 23 54 33 42 17 32 24 47 37 29 27 2 3 8 13 45 7 56 1 10 20 34 25 21
57 1 23 27 29 39 49 43 36 58 51 46 41 5 24 33 34 44 25 38 7 8 52 13 50 2 42 12 32 48 53 9 37 14 17 54 45 18 47 26 28 22 40 35 10 11 6 30 16 55 0 19 20 21 59 56 15 3 31 4
35 48 57 16 11 46 26 41 55 36 50 22 19 52 39 44 14 4 31 9 0 58 15 40 59 30 43 6 49 5 28 38 51 18 53 12 23 54 33 42 17 32 24 47 37 29 27 2 3 8 13 45 7 56 1 10 20 34 25 21
12840143531791477408 1024
41 34 24 3 42 22 33 40 35 48 36 30 55 15 27 50 47 21 2 7 43 46 54 9 4 39 13 14 56 12 57 45 37 51 58 10 18 28 0 5 23 11 6 19 26 32 49 25 59 1 53 44 17 31 38 52 29 20 16 8
26 54 55 40 49 30 2 44 32 43 59 17 19 48 41 7 27 46 5 31 8 4 11 12 35 37 15 25 42 3 52 20 33 13 38 50 23 47 24 51 36 57 18 56 0 22 9 16 45 58 21 1 34 6 10 39 14 53 28 29
41 34 24 3 42 22 33 40 35 48 36 30 55 15 27 50 47 21 2 7 43 46 54 9 4 39 13 14 56 12 57 45 37 51 58 10 18 28 0 5 23 11 6 19 26 32 49 25 59 1 53 44 17 31 38 52 29 20 16 8
26 54 55 40 49 30 2 44 32 43 59 17 19 48 41 7 27 46 5 31 8 4 11 12 35 53 15 25 42 3 52 20 33 13 38 50 23 47 24 51 36 57 18 56 0 22 9 16 45 58 21 1 34 6 10 39 14 37 28 29
3933596686457544329 1024
17 44 24 27 9 50 37 54 32 36 41 31 59 48 23 30 34 20 43 40 58 51 42 56 45 3 47 6 52 26 16 57 22 5 7 12 55 0 28 11 4 49 33 8 13 38 53 21 15 39 18 1 2 46 10 35 19 25 29 14
53 22 35 13 38 41 33 24 43 55 44 40 1 26 34 39 14 47 6 23 45 5 10 27 4 58 16 28 0 8 54 3 30 51 15 52 49 57 19 9 48 46 56 31 59 36 29 18 12 11 20 7 21 17 32 50 25 2 37 42
17 44 24 27 9 50 37 54 32 36 41 31 59 48 40 30 34 20 43 23 58 51 42 56 45 3 47 6 52 26 16 57 22 5 7 12 55 0 28 11 4 49 33 8 13 38 53 21 15 39 18 1 2 46 10 35 19 25 29 14
53 22 43 13 38 41 33 24 35 55 44 40 1 26 34 39 14 47 6 23 45 5 10 27 4 58 16 28 0 8 54 3 30 51 15 52 49 57 19 9 48 46 56 31 59 36 29 18 12 11 20 7 21 17 32 50 25 2 37 42
9273135365020130066 1024
57 15 43 50 22 23 58 40 44 29 55 8 28 56 34 25 12 42 53 48 17 20 33 1 47 14 6 45 54 4 3 38 41 52 27 35 21 32 9 19 49 26 18 46 10 31 30 37 7 36 16 24 11 59 13 2 51 39 5 0
41 55 25 47 17 29 48 33 38 4 50 49 51 56 5 35 26 21 6 23 1 45 43 39 18 54 42 31 30 53 46 34 3 13 52 22 59 12 2 44 14 0 10 15 36 9 58 20 19 40 7 28 8 24 27 57 32 16 11 37
57 15 43 50 22 23 58 40 44 29 55 8 28 56 34 25 12 42 53 48 17 20 19 1 47 14 6 45 54 4 3 38 41 52 49 35 21 32 9 33 27 26 18 46 10 31 30 37 7 36 16 24 11 59 13 2 51 39 5 0
41 55 25 47 17 29 23 40 38 4 50 49 56 51 5 35 26 21 6 28 1 45 43 39 18 54 42 31 30 53 46 34 3 13 52 22 59 12 2 44 48 24 10 15 36 9 58 20 19 33 7 14 8 0 27 57 32 16 11 37
4879170786404842659 1024
47 2 26 57 19 32 21 49 37 42 35 59 22 56 43 52 8 29 51 12 46 23 39 50 18 38 0 40 9 17 10 7 36 54 48 31 5 34 16 25 15 20 24 4 41 3 28 53 30 58 45 6 55 13 27 44 33 1 11 14
59 24 49 30 33 42 57 40 13 23 20 51 17 16 56 41 31 58 21 44 4 50 6 43 14 47 12 28 37 27 36 46 48 3 7 0 19 9 32 54 52 45 5 38 8 34 55 15 18 10 39 22 25 26 11 1 35 53 29 2
47 2 26 57 19 32 21 49 37 42 35 59 22 56 43 52 8 29 51 12 46 23 39 50 18 38 0 40 9 17 10 7 36 54 48 31 5 34 16 25 15 20 24 4 41 3 28 53 30 58 45 6 55 13 27 44 33 1 11 14
59 24 49 30 33 42 57 40 13 23 20 51 17 16 56 41 31 58 21 44 4 50 6 43 14 47 12 28 37 27 36 46 48 3 7 0 19 9 32 54 52 45 5 38 8 34 55 15 18 10 39 22 25 26 11 1 35 53 29 2
8977735442513001198 1024
56 55 34 47 0 26 3 31 35 42 28 45 54 25 16 39 27 49 52 22 9 41 46 58 43 50 14 5 33 24 2 36 12 51 44 18 13 19 53 38 4 48 32 8 30 10 7 29 23 59 21 37 17 6 57 1 20 40 11 15
5 11 34 57 55 41 26 20 45 15 52 48 44 42 23 1 6 9 39 33 49 21 38 24 32 3 58 18 0 14 46 59 51 37 22 35 2 53 17 29 30 25 8 40 54 27 31 13 50 16 47 19 28 12 10 36 43 7 56 4
56 55 59 47 0 26 3 31 32 42 28 45 54 25 16 39 27 48 52 22 9 41 46 58 43 50 14 5 33 24 2 36 12 51 44 18 13 19 53 38 4 49 35 8 30 10 7 29 23 34 21 37 17 6 57 1 20 40 11 15
5 11 34 57 55 41 26 20 45 15 52 48 44 42 23 1 6 9 39 33 49 21 38 24 32 3 58 18 0 14 46 59 51 37 22 35 2 53 17 29 30 25 8 40 54 27 31 13 50 16 47 19 28 12 10 36 43 7 56 4
