FACTOR_PERMUTATION_V1 12 16 1024 1 1
10 0 1 1 1 1 1 1 1 1 1 1 0 0 2 2 2 2 2 2 2 2 2 2 0 1 1 2 2 2 2 2 2 2 2 2
0 10 1 1 1 1 1 1 1 1 1 1 0 0 2 2 2 2 2 2 2 2 2 2 1 0 2 2 1 2 2 2 2 2 2 2
1 1 10 0 1 1 1 1 1 1 1 1 2 2 0 0 2 2 2 2 2 2 2 2 1 2 0 1 2 2 2 2 2 2 2 2
1 1 0 10 1 1 1 1 1 1 1 1 2 2 0 0 2 2 2 2 2 2 2 2 2 2 1 0 2 1 2 2 2 2 2 2
1 1 1 1 10 0 1 1 1 1 1 1 2 2 2 2 0 1 1 2 2 2 2 2 2 1 2 2 0 1 2 2 2 2 2 2
1 1 1 1 0 10 1 1 1 1 1 1 2 2 2 2 1 0 2 1 2 2 2 2 2 2 2 1 1 0 2 2 2 2 2 2
1 1 1 1 1 1 10 0 1 1 1 1 2 2 2 2 1 2 0 1 2 2 2 2 2 2 2 2 2 2 0 1 1 2 2 2
1 1 1 1 1 1 0 10 1 1 1 1 2 2 2 2 2 1 1 0 2 2 2 2 2 2 2 2 2 2 1 0 2 1 2 2
1 1 1 1 1 1 1 1 10 0 1 1 2 2 2 2 2 2 2 2 0 1 1 2 2 2 2 2 2 2 1 2 0 1 2 2
1 1 1 1 1 1 1 1 0 10 1 1 2 2 2 2 2 2 2 2 1 0 2 1 2 2 2 2 2 2 2 1 1 0 2 2
1 1 1 1 1 1 1 1 1 1 10 0 2 2 2 2 2 2 2 2 1 2 0 1 2 2 2 2 2 2 2 2 2 2 0 0
1 1 1 1 1 1 1 1 1 1 0 10 2 2 2 2 2 2 2 2 2 1 1 0 2 2 2 2 2 2 2 2 2 2 0 0
0 0 2 2 2 2 2 2 2 2 2 2 10 0 1 1 1 1 1 1 1 1 1 1 0 1 1 2 2 2 2 2 2 2 2 2
0 0 2 2 2 2 2 2 2 2 2 2 0 10 1 1 1 1 1 1 1 1 1 1 1 0 2 2 1 2 2 2 2 2 2 2
2 2 0 0 2 2 2 2 2 2 2 2 1 1 10 0 1 1 1 1 1 1 1 1 1 2 0 1 2 2 2 2 2 2 2 2
2 2 0 0 2 2 2 2 2 2 2 2 1 1 0 10 1 1 1 1 1 1 1 1 2 2 1 0 2 1 2 2 2 2 2 2
2 2 2 2 0 1 1 2 2 2 2 2 1 1 1 1 10 1 0 1 1 1 1 1 2 1 2 2 0 2 1 2 2 2 2 2
2 2 2 2 1 0 2 1 2 2 2 2 1 1 1 1 1 10 1 0 1 1 1 1 2 2 2 1 2 0 2 1 2 2 2 2
2 2 2 2 1 2 0 1 2 2 2 2 1 1 1 1 0 1 10 1 1 1 1 1 2 2 2 2 1 2 0 2 1 2 2 2
2 2 2 2 2 1 1 0 2 2 2 2 1 1 1 1 1 0 1 10 1 1 1 1 2 2 2 2 2 1 2 0 2 1 2 2
2 2 2 2 2 2 2 2 0 1 1 2 1 1 1 1 1 1 1 1 10 1 0 1 2 2 2 2 2 2 1 2 0 2 1 2
2 2 2 2 2 2 2 2 1 0 2 1 1 1 1 1 1 1 1 1 1 10 1 0 2 2 2 2 2 2 2 1 2 0 2 1
2 2 2 2 2 2 2 2 1 2 0 1 1 1 1 1 1 1 1 1 0 1 10 1 2 2 2 2 2 2 2 2 1 2 0 1
2 2 2 2 2 2 2 2 2 1 1 0 1 1 1 1 1 1 1 1 1 0 1 10 2 2 2 2 2 2 2 2 2 1 1 0
0 1 1 2 2 2 2 2 2 2 2 2 0 1 1 2 2 2 2 2 2 2 2 2 10 1 0 1 1 1 1 1 1 1 1 1
1 0 2 2 1 2 2 2 2 2 2 2 1 0 2 2 1 2 2 2 2 2 2 2 1 10 1 1 0 1 1 1 1 1 1 1
1 2 0 1 2 2 2 2 2 2 2 2 1 2 0 1 2 2 2 2 2 2 2 2 0 1 10 1 1 1 1 1 1 1 1 1
2 2 1 0 2 1 2 2 2 2 2 2 2 2 1 0 2 1 2 2 2 2 2 2 1 1 1 10 1 0 1 1 1 1 1 1
2 1 2 2 0 1 2 2 2 2 2 2 2 1 2 2 0 2 1 2 2 2 2 2 1 0 1 1 10 1 1 1 1 1 1 1
2 2 2 1 1 0 2 2 2 2 2 2 2 2 2 1 2 0 2 1 2 2 2 2 1 1 1 0 1 10 1 1 1 1 1 1
2 2 2 2 2 2 0 1 1 2 2 2 2 2 2 2 1 2 0 2 1 2 2 2 1 1 1 1 1 1 10 1 0 1 1 1
2 2 2 2 2 2 1 0 2 1 2 2 2 2 2 2 2 1 2 0 2 1 2 2 1 1 1 1 1 1 1 10 1 0 1 1
2 2 2 2 2 2 1 2 0 1 2 2 2 2 2 2 2 2 1 2 0 2 1 2 1 1 1 1 1 1 0 1 10 1 1 1
2 2 2 2 2 2 2 1 1 0 2 2 2 2 2 2 2 2 2 1 2 0 2 1 1 1 1 1 1 1 1 0 1 10 1 1
2 2 2 2 2 2 2 2 2 2 0 0 2 2 2 2 2 2 2 2 1 2 0 1 1 1 1 1 1 1 1 1 1 1 10 0
2 2 2 2 2 2 2 2 2 2 0 0 2 2 2 2 2 2 2 2 2 1 1 0 1 1 1 1 1 1 1 1 1 1 0 10
0 2
0 3
0 4
0 5
0 6
0 7
0 8
0 9
0 10
0 11
1 2
1 3
1 4
1 5
1 6
1 7
1 8
1 9
1 10
1 11
2 4
2 5
2 6
2 7
2 8
2 9
2 10
2 11
3 4
3 5
3 6
3 7
3 8
3 9
3 10
3 11
4 6
4 7
4 8
4 9
4 10
4 11
5 6
5 7
5 8
5 9
5 10
5 11
6 8
6 9
6 10
6 11
7 8
7 9
7 10
7 11
8 10
8 11
9 10
9 11
0 2
0 3
0 4
0 5
0 6
0 7
0 8
0 9
0 10
0 11
1 2
1 3
1 4
1 5
1 6
1 7
1 8
1 9
1 10
1 11
2 4
2 5
2 6
2 7
2 8
2 9
2 10
2 11
3 4
3 5
3 6
3 7
3 8
3 9
3 10
3 11
4 5
4 7
4 8
4 9
4 10
4 11
5 6
5 8
5 9
5 10
5 11
6 7
6 8
6 9
6 10
6 11
7 8
7 9
7 10
7 11
8 9
8 11
9 10
10 11
0 1
0 3
0 4
0 5
0 6
0 7
0 8
0 9
0 10
0 11
1 2
1 3
1 5
1 6
1 7
1 8
1 9
1 10
1 11
2 3
2 4
2 5
2 6
2 7
2 8
2 9
2 10
2 11
3 4
3 6
3 7
3 8
3 9
3 10
3 11
4 5
4 6
4 7
4 8
4 9
4 10
4 11
5 6
5 7
5 8
5 9
5 10
5 11
6 7
6 9
6 10
6 11
7 8
7 10
7 11
8 9
8 10
8 11
9 10
9 11
10034585693847507948 5120
41 46 30 52 8 26 13 22 44 31 19 23 34 3 57 56 21 53 48 40 55 58 10 49 54 4 32 43 17 6 45 12 50 37 14 16 5 24 0 35 7 38 33 18 28 59 27 47 51 15 36 25 9 42 1 2 39 11 20 29
49 41 57 40 45 11 34 5 24 22 44 56 4 23 27 28 50 47 32 14 16 51 52 46 20 38 0 54 48 53 2 26 43 18 25 7 29 3 59 37 17 21 15 55 9 19 12 1 10 33 6 39 8 13 36 31 30 35 42 58
41 46 30 52 8 26 13 22 44 31 19 23 34 3 57 56 21 53 48 40 55 58 10 49 54 4 32 43 17 6 45 12 50 37 14 16 5 24 0 35 7 38 33 18 28 59 27 47 51 15 36 25 9 42 1 2 39 11 20 29
49 41 57 40 45 11 34 5 24 22 44 56 4 23 27 28 50 47 32 14 16 51 52 46 20 38 0 54 48 53 2 26 43 18 25 7 29 3 59 37 17 21 15 55 9 19 12 1 10 33 6 39 8 13 36 31 30 35 42 58
2045903719484273080 5120
48 23 34 28 50 56 38 54 13 25 59 12 5 21 44 32 49 51 24 37 17 52 46 19 18 41 22 4 6 8 57 39 42 45 7 47 53 20 27 3 35 16 26 14 15 30 33 9 31 10 2 1 0 58 55 43 36 29 11 40
33 59 5 13 26 3 25 28 38 36 24 30 46 50 7 20 18 48 57 21 31 54 45 41 42 0 43 39 14 32 35 56 10 4 22 6 17 55 1 27 15 49 16 47 8 2 19 52 51 23 9 44 40 12 29 11 37 53 58 34
48 23 34 28 50 56 2 54 13 25 59 12 53 21 44 32 49 51 24 37 5 52 46 19 18 41 22 4 6 58 57 39 42 45 7 47 17 40 27 3 35 16 26 14 15 30 33 9 31 10 38 1 0 8 55 43 36 29 11 20
33 57 5 13 26 3 25 28 38 36 24 30 46 50 6 20 18 48 55 21 31 14 45 41 42 0 43 32 54 39 35 56 10 4 22 7 17 59 1 27 15 49 16 47 8 2 19 52 51 23 9 44 40 12 29 11 37 53 58 34
6423694018948866181 5120
28 31 18 42 7 59 21 30 56 20 8 44 57 22 35 38 55 37 10 1 17 6 23 46 49 2 48 13 47 40 3 58 51 24 19 14 54 25 4 34 29 52 16 32 26 9 53 27 33 43 41 45 11 12 0 39 36 5 15 50
59 16 22 54 31 2 40 17 36 44 42 27 25 6 30 33 12 50 34 52 53 18 46 15 43 37 11 49 56 55 8 28 4 48 5 35 41 13 32 3 38 1 39 51 23 29 24 58 9 21 10 14 26 47 45 0 7 20 57 19
28 31 18 42 7 54 21 30 56 20 8 44 57 22 35 38 55 37 10 1 17 6 23 46 49 2 48 13 47 40 3 58 51 24 19 14 59 25 0 34 29 52 16 32 26 9 53 27 33 43 41 45 11 12 4 39 36 5 15 50
59 16 22 54 31 2 40 17 36 44 42 27 25 6 30 33 12 50 32 52 53 18 46 15 43 37 11 49 56 55 8 28 4 48 5 35 41 13 34 3 38 1 39 51 23 29 24 58 9 21 10 14 26 47 45 0 7 20 57 19
10669315167396813154 5120
37 54 21 48 59 35 42 25 33 38 43 51 34 40 56 10 55 30 52 28 53 27 41 49 46 18 29 4 6 32 44 8 39 45 14 47 0 57 17 16 23 19 5 11 22 15 7 58 12 1 13 26 9 36 50 24 2 31 20 3
44 28 59 51 32 10 26 38 42 23 18 43 52 27 19 46 9 53 25 49 17 48 40 57 36 47 7 30 50 15 8 22 14 16 39 6 54 3 21 1 29 55 58 56 0 13 37 4 5 35 31 12 11 34 2 20 45 41 33 24
37 54 21 48 59 35 42 25 33 38 43 51 34 40 56 10 55 30 52 28 53 27 41 49 46 18 29 4 6 32 44 8 39 45 14 47 0 57 17 16 23 19 5 11 22 15 7 58 12 1 13 26 9 36 50 24 2 31 20 3
44 28 59 51 32 10 26 38 42 23 18 43 52 27 19 46 9 53 25 49 17 48 40 57 36 47 7 30 50 15 8 22 14 16 39 6 54 3 21 1 29 55 58 56 0 13 37 4 5 35 31 12 11 34 2 20 45 41 33 24
7926550566468016033 5120
42 56 31 18 2 45 54 35 25 38 59 52 33 24 11 29 4 50 5 36 19 23 53 39 13 47 9 8 17 51 46 26 55 20 37 3 0 22 57 6 44 34 58 41 28 1 48 49 12 43 10 30 7 27 32 16 14 21 40 15
37 48 7 10 56 29 41 50 44 45 49 17 15 59 42 47 25 46 30 24 52 36 26 9 58 18 31 12 33 57 2 55 21 14 4 39 51 8 23 3 16 54 5 53 0 40 1 22 34 27 35 32 28 11 20 38 43 13 19 6
42 56 31 18 2 45 54 35 25 38 59 52 33 24 11 29 4 50 5 36 19 23 53 39 13 47 9 8 17 51 46 26 55 20 37 3 0 22 57 6 44 34 58 41 28 1 48 49 12 43 10 30 7 27 32 16 14 21 40 15
37 48 7 10 56 29 41 50 44 45 49 17 15 59 42 47 25 46 30 24 52 36 26 9 58 18 31 12 33 57 2 55 21 14 4 39 51 8 23 3 16 54 5 53 0 40 1 22 34 27 35 32 28 11 20 38 43 13 19 6
663760704230838802 5120
40 51 29 23 49 45 3 16 33 37 11 58 55 34 56 52 27 50 36 24 44 48 9 39 47 15 57 4 26 7 43 12 30 41 13 5 20 6 25 31 8 14 18 59 19 0 38 21 28 46 35 54 10 2 22 32 53 1 17 42
12 45 8 13 31 38 41 43 51 32 57 35 56 25 17 34 23 29 33 36 42 5 44 9 26 50 39 16 54 40 27 48 18 6 49 52 7 19 15 20 30 21 59 22 1 47 10 55 53 11 37 2 28 58 46 0 3 4 24 14
40 51 29 23 49 45 3 16 33 38 11 58 55 34 56 53 27 50 36 24 44 48 9 39 47 15 57 4 26 7 43 12 30 41 13 5 20 6 25 31 8 14 18 59 19 0 37 21 28 46 35 54 10 2 22 32 52 1 17 42
12 45 8 13 31 38 41 43 51 32 57 35 56 25 17 34 23 29 33 36 42 5 44 9 26 50 39 16 54 40 27 48 18 6 49 52 7 19 15 20 30 21 59 22 1 47 10 55 53 11 37 2 28 58 46 0 3 4 24 14
14043488997219914677 5120
53 54 51 32 21 28 44 41 20 16 24 39 49 5 59 52 10 45 42 38 26 50 2 3 19 36 9 13 8 1 7 57 12 30 14 55 15 0 43 23 11 58 27 17 46 48 47 25 34 18 33 29 22 35 56 40 37 4 6 31
51 0 24 59 49 52 8 43 28 42 45 56 32 33 10 41 54 22 6 5 53 14 46 25 36 18 38 31 9 57 39 29 27 40 12 23 26 50 11 44 4 35 15 21 58 20 7 2 3 34 30 37 47 1 17 55 19 16 48 13
47 52 51 32 21 35 44 41 20 58 24 39 49 55 57 54 10 45 42 38 26 50 2 3 19 36 9 13 43 1 16 59 28 30 14 5 15 6 8 23 11 33 27 17 46 48 37 25 34 18 7 29 22 12 56 40 53 4 0 31
51 0 24 59 49 52 8 43 28 42 45 56 32 33 21 41 54 22 6 23 53 14 46 25 36 18 38 31 9 57 39 29 27 40 12 5 26 50 11 44 4 35 15 10 58 19 7 2 3 34 30 37 47 1 17 55 20 16 48 13
3309976760415449749 5120
39 46 8 23 24 45 51 22 32 31 55 50 56 59 21 38 29 15 28 49 0 30 16 40 53 34 3 36 17 57 42 7 20 26 37 54 35 52 27 43 47 12 58 33 18 4 44 6 5 41 19 1 9 10 25 11 14 48 2 13
34 2 43 57 12 20 33 53 25 24 42 45 19 23 58 51 4 28 18 6 49 5 37 44 40 39 31 48 50 55 27 41 10 0 52 13 38 9 30 47 11 7 1 46 54 29 16 26 59 8 21 14 17 56 36 32 22 35 3 15
39 46 8 23 24 45 47 22 28 31 55 50 56 59 21 12 29 15 32 49 0 30 16 26 53 34 3 36 17 57 42 1 20 58 37 54 35 43 27 2 51 10 40 33 11 4 44 6 5 41 19 7 9 14 25 38 18 48 52 13
34 2 30 57 12 36 33 53 49 24 42 45 19 23 58 56 4 28 18 6 48 5 14 44 40 39 31 25 50 55 27 41 10 0 52 13 38 9 43 47 11 7 8 46 54 26 16 29 59 1 22 37 17 51 20 32 21 35 3 15
2068746163866917846 5120
38 22 5 24 39 50 59 44 53 31 49 19 28 33 57 43 47 26 21 4 6 9 8 17 46 42 37 55 45 7 16 3 12 54 36 32 52 58 0 51 35 18 27 48 15 34 14 40 29 2 10 13 20 11 41 25 56 30 1 23
6 14 33 51 16 21 29 47 36 38 9 45 54 8 20 50 58 28 23 31 12 48 43 17 52 39 44 11 15 22 59 57 46 4 1 37 34 24 7 26 49 5 56 32 27 18 55 25 10 53 42 2 41 19 0 35 30 3 40 13
38 22 16 24 39 50 59 44 53 31 49 19 28 33 57 43 47 26 21 4 6 9 8 17 46 42 37 55 45 7 52 3 12 54 36 48 5 58 0 51 35 18 27 32 15 34 14 40 29 2 10 13 20 11 41 25 56 30 1 23
6 14 33 32 16 21 29 47 22 38 9 45 54 8 20 50 58 28 23 31 12 48 43 17 52 39 44 11 15 36 59 57 46 4 1 37 34 24 7 26 49 5 56 51 27 18 55 25 10 53 42 2 41 19 0 35 30 3 40 13
4977013611269849313 5120
13 50 33 41 59 25 29 47 57 2 39 11 52 54 0 48 20 27 44 30 51 6 43 58 37 3 38 22 24 56 12 55 46 40 4 53 18 45 49 8 23 32 7 9 26 34 14 15 35 42 31 21 1 28 19 36 17 5 10 16
49 19 33 24 12 50 39 9 43 28 54 48 34 51 32 35 46 22 31 55 52 17 36 45 13 41 7 3 59 10 47 38 8 56 16 2 25 4 18 37 15 42 6 29 30 0 53 58 5 26 40 14 57 11 27 23 20 21 44 1
13 50 33 41 59 25 29 47 57 2 39 11 52 54 0 48 20 27 44 30 51 6 43 58 37 3 38 22 24 56 12 55 46 40 4 53 18 45 49 8 23 32 7 9 26 34 14 15 35 42 31 21 1 28 19 36 17 5 10 16
49 19 33 24 12 50 39 9 43 28 54 48 34 51 32 35 46 22 31 55 52 17 36 45 13 41 7 3 59 10 47 38 8 56 16 2 25 4 18 37 15 42 6 29 30 0 53 58 5 26 40 14 57 11 27 23 20 21 44 1
10285209330579128745 5120
34 49 23 27 35 38 29 42 36 53 40 46 58 5 24 25 47 43 33 30 57 14 52 13 51 2 7 12 32 56 17 41 59 8 15 54 9 11 44 26 4 21 45 1 10 18 6 28 39 55 0 16 20 19 50 48 31 3 37 22
35 53 57 30 16 47 50 41 15 36 54 22 19 56 39 40 45 33 31 5 42 58 11 59 6 37 13 55 52 9 34 38 2 49 20 12 23 26 0 18 43 7 24 51 14 29 25 17 3 8 46 48 32 44 1 10 27 28 4 21
34 49 23 27 35 38 1 42 36 53 59 46 41 5 24 25 14 43 33 28 7 47 52 13 51 2 21 12 32 56 17 9 40 8 15 54 45 11 44 26 57 4 58 30 10 18 6 29 39 55 0 16 20 19 50 48 37 3 31 22
35 15 57 30 16 47 50 41 55 36 54 22 19 6 39 40 45 33 31 9 42 58 11 59 5 37 13 56 52 2 34 38 53 18 49 12 23 26 17 4 43 32 24 51 14 29 25 0 3 8 46 48 7 44 1 10 27 28 20 21
8936659156583587827 5120
41 3 23 52 44 35 30 40 22 48 43 25 31 32 27 50 39 46 47 7 59 4 54 6 58 37 33 13 56 12 57 45 2 42 9 15 18 28 55 5 26 14 8 11 51 49 17 24 10 1 53 36 19 21 38 0 29 20 16 34
22 54 55 40 50 32 2 44 16 30 59 42 26 51 37 1 52 12 27 31 8 43 11 45 35 41 15 24 10 5 9 36 33 17 38 49 23 57 13 4 29 47 18 56 25 19 39 0 21 58 3 7 34 6 46 20 14 53 28 48
41 3 23 52 44 35 33 40 22 48 43 25 31 32 27 50 47 21 37 7 58 55 54 6 59 39 17 13 56 12 24 45 2 51 9 15 18 28 4 5 26 14 8 10 42 49 30 57 11 1 53 36 19 46 38 0 29 20 16 34
22 54 55 40 50 16 2 44 32 43 59 42 26 51 37 7 27 12 46 31 8 52 11 45 35 41 15 25 30 5 9 20 33 17 38 49 23 57 14 4 29 47 18 56 24 19 39 0 3 58 21 1 34 6 10 36 13 53 28 48
10000142191678523116 5120
55 44 24 9 21 50 54 38 32 30 17 31 51 8 27 29 28 22 43 39 58 41 42 56 26 34 47 6 52 49 13 59 4 5 12 36 57 53 35 10 7 45 33 11 16 48 20 23 37 40 18 1 2 46 0 15 19 25 3 14
39 49 17 31 38 34 9 50 43 15 44 40 19 58 48 41 7 47 30 25 29 5 33 0 12 52 55 35 27 8 6 3 37 51 57 16 45 56 4 59 14 23 18 22 54 20 24 13 21 11 36 26 46 10 32 1 53 28 2 42
55 44 24 9 21 50 37 38 32 30 17 31 51 8 27 29 28 22 43 39 58 41 42 56 26 34 47 6 52 49 13 59 4 5 12 36 57 53 35 10 7 45 33 11 16 48 20 23 54 40 18 1 2 46 0 15 19 25 3 14
39 49 17 31 38 34 9 50 43 15 44 40 19 58 48 41 7 47 30 25 29 5 33 0 12 52 16 35 27 8 6 3 37 51 57 55 45 56 4 59 14 23 18 22 54 20 24 13 21 11 36 26 46 10 32 1 53 28 2 42
1666033320870772507 5120
6 34 19 38 23 22 29 40 44 5 46 42 31 56 45 58 12 21 37 50 54 20 35 9 47 14 25 36 17 4 57 49 41 52 15 33 39 32 51 3 48 0 18 11 26 55 1 53 7 30 24 16 27 59 13 2 8 43 28 10
41 45 24 43 38 17 37 31 32 4 33 49 51 56 16 35 53 27 21 23 8 55 14 39 11 47 42 6 26 54 46 1 2 28 52 15 59 29 3 44 25 30 34 9 48 13 58 20 19 40 0 7 57 10 22 12 36 18 5 50
6 34 48 38 23 22 29 59 44 5 46 42 31 56 45 25 12 21 37 50 54 20 35 9 47 14 58 36 17 4 57 49 41 52 15 33 39 32 51 3 19 26 18 11 0 55 30 53 7 1 24 16 27 40 13 2 8 43 28 10
41 45 25 43 38 17 37 31 36 4 33 49 51 56 7 35 26 18 21 23 8 55 14 39 11 47 42 6 53 54 46 1 2 28 52 15 59 29 3 44 24 30 34 9 48 13 58 20 19 40 0 16 57 10 22 12 32 27 5 50
8176830712421194081 5120
47 9 58 57 19 32 21 28 37 42 49 12 22 26 35 38 23 29 55 40 46 53 39 59 18 6 2 52 5 4 27 44 36 54 48 43 8 34 15 24 13 20 16 17 41 50 0 31 30 3 45 56 51 10 25 7 33 1 11 14
59 32 30 22 33 25 41 56 13 44 20 49 17 48 55 34 31 51 23 21 4 50 43 15 16 46 24 28 38 27 53 40 5 0 3 58 42 9 26 54 52 45 18 57 2 19 7 6 8 10 39 1 12 47 11 36 35 14 29 37
47 9 58 57 19 32 21 28 37 42 43 17 22 26 35 38 23 29 55 40 46 53 39 59 18 6 7 52 5 49 24 44 36 54 48 4 8 34 15 27 13 20 16 12 41 50 0 31 30 3 45 56 51 10 25 2 33 1 11 14
59 32 30 22 33 25 41 56 13 44 6 49 17 48 55 34 31 58 23 21 4 50 57 20 16 46 43 28 38 27 53 40 5 0 3 51 42 9 26 54 24 45 18 52 8 19 7 15 2 10 39 1 12 47 11 36 35 14 29 37
6311393779186490041 5120
56 55 34 47 33 26 14 28 27 21 41 59 54 25 11 49 20 31 52 42 9 18 44 48 3 45 12 5 1 58 6 36 43 51 39 4 24 19 53 38 22 17 57 2 30 46 7 32 23 50 8 37 16 0 29 10 35 40 13 15
0 29 51 57 50 32 46 20 43 38 55 15 19 42 23 59 30 47 2 33 48 53 3 21 18 36 49 28 58 37 54 8 25 5 10 22 39 24 26 1 52 45 11 40 7 27 31 6 17 16 9 44 41 12 13 34 35 14 56 4
56 55 34 47 33 26 14 28 27 21 41 59 54 25 11 16 20 31 52 42 9 58 8 48 3 45 12 5 1 18 6 36 43 51 39 4 24 19 53 38 22 17 57 2 30 46 7 32 23 50 44 37 49 0 29 10 35 40 13 15
15 29 51 57 50 32 46 20 43 38 55 0 19 42 23 59 30 47 39 33 48 53 3 21 18 36 49 28 58 37 54 8 25 5 10 22 2 24 17 1 52 45 11 40 7 27 31 6 26 16 9 44 41 12 13 34 35 14 56 4
