FACTOR_PERMUTATION_V1 12 16 1024 1 0
10 0 1 1 1 1 1 1 1 1 1 1 0 0 2 2 2 2 2 2 2 2 2 2 0 1 1 2 2 2 2 2 2 2 2 2
0 10 1 1 1 1 1 1 1 1 1 1 0 0 2 2 2 2 2 2 2 2 2 2 1 0 2 2 1 2 2 2 2 2 2 2
1 1 10 0 1 1 1 1 1 1 1 1 2 2 0 0 2 2 2 2 2 2 2 2 1 2 0 1 2 2 2 2 2 2 2 2
1 1 0 10 1 1 1 1 1 1 1 1 2 2 0 0 2 2 2 2 2 2 2 2 2 2 1 0 2 2 1 2 2 2 2 2
1 1 1 1 10 0 1 1 1 1 1 1 2 2 2 2 0 0 2 2 2 2 2 2 2 1 2 2 0 1 2 2 2 2 2 2
1 1 1 1 0 10 1 1 1 1 1 1 2 2 2 2 0 0 2 2 2 2 2 2 2 2 2 2 1 0 2 2 1 2 2 2
1 1 1 1 1 1 10 0 1 1 1 1 2 2 2 2 2 2 0 0 2 2 2 2 2 2 2 1 2 2 0 1 2 2 2 2
1 1 1 1 1 1 0 10 1 1 1 1 2 2 2 2 2 2 0 0 2 2 2 2 2 2 2 2 2 2 1 0 2 2 1 2
1 1 1 1 1 1 1 1 10 0 1 1 2 2 2 2 2 2 2 2 0 0 2 2 2 2 2 2 2 1 2 2 0 1 2 2
1 1 1 1 1 1 1 1 0 10 1 1 2 2 2 2 2 2 2 2 0 0 2 2 2 2 2 2 2 2 2 2 1 0 2 1
1 1 1 1 1 1 1 1 1 1 10 0 2 2 2 2 2 2 2 2 2 2 0 0 2 2 2 2 2 2 2 1 2 2 0 1
1 1 1 1 1 1 1 1 1 1 0 10 2 2 2 2 2 2 2 2 2 2 0 0 2 2 2 2 2 2 2 2 2 1 1 0
0 0 2 2 2 2 2 2 2 2 2 2 10 0 1 1 1 1 1 1 1 1 1 1 0 1 1 2 2 2 2 2 2 2 2 2
0 0 2 2 2 2 2 2 2 2 2 2 0 10 1 1 1 1 1 1 1 1 1 1 1 0 2 2 1 2 2 2 2 2 2 2
2 2 0 0 2 2 2 2 2 2 2 2 1 1 10 0 1 1 1 1 1 1 1 1 1 2 0 1 2 2 2 2 2 2 2 2
2 2 0 0 2 2 2 2 2 2 2 2 1 1 0 10 1 1 1 1 1 1 1 1 2 2 1 0 2 2 1 2 2 2 2 2
2 2 2 2 0 0 2 2 2 2 2 2 1 1 1 1 10 0 1 1 1 1 1 1 2 1 2 2 0 1 2 2 2 2 2 2
2 2 2 2 0 0 2 2 2 2 2 2 1 1 1 1 0 10 1 1 1 1 1 1 2 2 2 2 1 0 2 2 1 2 2 2
2 2 2 2 2 2 0 0 2 2 2 2 1 1 1 1 1 1 10 0 1 1 1 1 2 2 2 1 2 2 0 1 2 2 2 2
2 2 2 2 2 2 0 0 2 2 2 2 1 1 1 1 1 1 0 10 1 1 1 1 2 2 2 2 2 2 1 0 2 2 1 2
2 2 2 2 2 2 2 2 0 0 2 2 1 1 1 1 1 1 1 1 10 0 1 1 2 2 2 2 2 1 2 2 0 1 2 2
2 2 2 2 2 2 2 2 0 0 2 2 1 1 1 1 1 1 1 1 0 10 1 1 2 2 2 2 2 2 2 2 1 0 2 1
2 2 2 2 2 2 2 2 2 2 0 0 1 1 1 1 1 1 1 1 1 1 10 0 2 2 2 2 2 2 2 1 2 2 0 1
2 2 2 2 2 2 2 2 2 2 0 0 1 1 1 1 1 1 1 1 1 1 0 10 2 2 2 2 2 2 2 2 2 1 1 0
0 1 1 2 2 2 2 2 2 2 2 2 0 1 1 2 2 2 2 2 2 2 2 2 10 1 0 1 1 1 1 1 1 1 1 1
1 0 2 2 1 2 2 2 2 2 2 2 1 0 2 2 1 2 2 2 2 2 2 2 1 10 1 1 0 1 1 1 1 1 1 1
1 2 0 1 2 2 2 2 2 2 2 2 1 2 0 1 2 2 2 2 2 2 2 2 0 1 10 1 1 1 1 1 1 1 1 1
2 2 1 0 2 2 1 2 2 2 2 2 2 2 1 0 2 2 1 2 2 2 2 2 1 1 1 10 1 1 0 1 1 1 1 1
2 1 2 2 0 1 2 2 2 2 2 2 2 1 2 2 0 1 2 2 2 2 2 2 1 0 1 1 10 1 1 1 1 1 1 1
2 2 2 2 1 0 2 2 1 2 2 2 2 2 2 2 1 0 2 2 1 2 2 2 1 1 1 1 1 10 1 1 0 1 1 1
2 2 2 1 2 2 0 1 2 2 2 2 2 2 2 1 2 2 0 1 2 2 2 2 1 1 1 0 1 1 10 1 1 1 1 1
2 2 2 2 2 2 1 0 2 2 1 2 2 2 2 2 2 2 1 0 2 2 1 2 1 1 1 1 1 1 1 10 1 1 0 1
2 2 2 2 2 1 2 2 0 1 2 2 2 2 2 2 2 1 2 2 0 1 2 2 1 1 1 1 1 0 1 1 10 1 1 1
2 2 2 2 2 2 2 2 1 0 2 1 2 2 2 2 2 2 2 2 1 0 2 1 1 1 1 1 1 1 1 1 1 10 1 0
2 2 2 2 2 2 2 1 2 2 0 1 2 2 2 2 2 2 2 1 2 2 0 1 1 1 1 1 1 1 1 0 1 1 10 1
2 2 2 2 2 2 2 2 2 1 1 0 2 2 2 2 2 2 2 2 2 1 1 0 1 1 1 1 1 1 1 1 1 0 1 10
0 2
0 3
0 4
0 5
0 6
0 7
0 8
0 9
0 10
0 11
1 2
1 3
1 4
1 5
1 6
1 7
1 8
1 9
1 10
1 11
2 4
2 5
2 6
2 7
2 8
2 9
2 10
2 11
3 4
3 5
3 6
3 7
3 8
3 9
3 10
3 11
4 6
4 7
4 8
4 9
4 10
4 11
5 6
5 7
5 8
5 9
5 10
5 11
6 8
6 9
6 10
6 11
7 8
7 9
7 10
7 11
8 10
8 11
9 10
9 11
0 2
0 3
0 4
0 5
0 6
0 7
0 8
0 9
0 10
0 11
1 2
1 3
1 4
1 5
1 6
1 7
1 8
1 9
1 10
1 11
2 4
2 5
2 6
2 7
2 8
2 9
2 10
2 11
3 4
3 5
3 6
3 7
3 8
3 9
3 10
3 11
4 6
4 7
4 8
4 9
4 10
4 11
5 6
5 7
5 8
5 9
5 10
5 11
6 8
6 9
6 10
6 11
7 8
7 9
7 10
7 11
8 10
8 11
9 10
9 11
0 1
0 3
0 4
0 5
0 6
0 7
0 8
0 9
0 10
0 11
1 2
1 3
1 5
1 6
1 7
1 8
1 9
1 10
1 11
2 3
2 4
2 5
2 6
2 7
2 8
2 9
2 10
2 11
3 4
3 5
3 7
3 8
3 9
3 10
3 11
4 5
4 6
4 7
4 8
4 9
4 10
4 11
5 6
5 7
5 9
5 10
5 11
6 7
6 8
6 9
6 10
6 11
7 8
7 9
7 11
8 9
8 10
8 11
9 10
10 11
14776011896303512959 19456
48 35 57 54 29 26 36 9 25 44 53 42 34 58 16 28 55 20 21 51 5 32 2 8 46 14 19 45 17 15 59 38 3 40 52 50 24 49 23 1 12 10 33 27 11 22 4 6 41 13 56 7 18 47 39 43 30 0 31 37
59 52 5 38 25 28 44 34 42 47 17 9 46 23 31 49 29 53 56 20 39 36 57 3 32 43 48 4 26 7 35 41 14 50 21 15 10 6 51 45 30 55 54 58 18 11 22 33 8 40 16 12 27 13 1 19 2 37 0 24
48 35 57 54 29 26 36 9 25 44 53 42 34 58 16 28 55 20 21 51 5 32 2 8 46 14 19 45 17 15 59 38 3 40 52 50 24 49 23 1 12 10 33 27 11 22 4 6 41 13 56 7 18 47 39 43 30 0 31 37
59 52 5 38 25 28 44 34 42 47 17 9 46 23 31 49 29 53 56 20 39 36 57 3 32 43 48 4 26 7 35 41 14 50 21 15 10 6 51 45 30 55 54 58 18 11 22 33 8 40 16 12 27 13 1 19 2 37 0 24
4038870622491725284 19456
49 5 22 57 35 34 14 21 37 44 17 40 29 31 47 38 36 55 48 26 50 53 56 6 41 28 9 43 52 58 32 3 45 51 13 12 39 19 8 15 7 24 0 59 27 54 30 16 23 18 25 4 46 20 10 33 11 2 1 42
58 38 54 53 40 13 1 33 46 22 43 44 52 49 36 8 19 9 20 31 57 28 14 34 50 37 15 7 45 2 27 25 17 5 51 56 32 11 4 26 47 16 59 24 42 10 0 30 18 21 6 35 41 48 39 3 55 23 29 12
49 5 22 57 35 34 46 21 37 44 17 40 29 11 47 38 36 55 48 26 50 53 56 6 41 28 9 43 52 58 32 3 45 51 13 12 39 19 8 15 7 24 0 59 27 54 30 16 23 18 25 4 14 20 10 33 31 2 1 42
58 38 52 53 40 13 1 33 46 36 43 44 54 49 31 8 19 9 22 20 57 28 14 34 50 37 15 7 45 2 27 25 17 5 51 56 32 11 4 26 47 16 59 24 42 10 0 30 18 21 6 35 41 48 39 3 55 23 29 12
4502516600849392322 19456
22 48 31 27 58 40 41 35 43 3 37 45 51 34 1 59 54 21 32 20 5 17 9 44 19 46 42 39 57 8 38 56 4 55 25 15 26 7 10 16 49 33 24 30 53 36 52 6 29 14 28 13 18 0 11 23 47 2 12 50
55 41 45 48 12 52 19 40 25 51 39 23 53 44 57 50 18 33 42 31 24 59 28 46 43 4 11 13 16 49 26 2 8 15 35 6 27 34 47 22 56 5 17 10 36 9 1 30 37 29 7 58 32 14 38 3 0 21 54 20
22 48 31 27 58 40 59 35 43 3 37 45 51 34 1 41 54 21 32 20 5 17 9 44 14 46 42 39 57 8 38 56 4 55 25 19 26 7 10 16 49 33 24 30 53 36 52 6 29 15 28 13 18 0 11 23 47 2 12 50
55 41 45 48 12 52 19 40 25 51 39 23 44 53 57 50 18 33 42 31 24 59 37 46 43 4 11 13 16 49 26 2 8 15 35 6 27 34 47 22 56 5 17 10 36 9 1 30 28 29 7 58 32 14 38 3 0 21 54 20
12815314914651501511 19456
44 42 35 58 0 34 55 20 43 48 50 41 52 57 27 28 29 46 37 53 8 5 19 14 6 12 25 32 4 54 17 45 39 9 56 15 18 59 31 49 10 3 33 24 22 1 16 36 40 38 30 21 13 23 2 7 51 26 47 11
38 54 45 37 46 55 4 58 31 10 42 52 53 33 15 9 41 50 21 19 1 57 44 59 14 30 47 40 56 18 36 12 17 20 3 7 24 27 13 6 51 49 8 0 32 23 22 48 25 34 16 5 26 35 39 29 2 28 11 43
44 42 35 58 0 34 55 20 43 48 50 41 52 57 27 28 29 46 37 53 8 5 19 14 6 12 25 32 4 54 17 45 39 9 56 15 18 59 31 49 10 3 33 24 22 1 16 36 40 38 30 21 13 23 2 7 51 26 47 11
39 54 45 37 46 55 4 58 31 10 42 52 53 33 15 9 41 50 21 19 1 57 44 59 14 30 47 40 56 18 36 12 17 20 3 7 24 27 13 6 51 49 8 0 32 23 22 48 25 34 16 5 26 35 38 29 2 28 11 43
2665452024253724433 19456
2 52 56 33 46 59 29 42 23 20 49 35 30 26 21 8 40 37 53 45 58 5 3 55 18 47 24 48 19 38 27 36 6 54 13 7 16 25 51 4 1 15 9 10 31 57 50 14 22 17 39 28 34 12 44 32 41 43 11 0
49 18 28 58 22 38 54 34 56 43 41 42 52 51 39 55 19 8 23 33 5 27 15 35 29 14 44 50 26 47 6 9 40 16 53 12 59 13 25 21 46 31 30 32 2 48 0 20 17 3 24 7 45 57 1 10 11 4 36 37
2 52 56 33 46 59 29 42 23 20 49 35 30 26 21 8 40 37 53 45 58 5 34 55 18 47 24 48 19 38 27 36 6 54 13 7 16 25 51 4 1 15 9 10 31 57 50 14 22 17 39 28 3 12 44 32 41 43 11 0
49 18 28 58 22 38 54 34 56 43 41 42 52 51 39 55 19 8 23 33 5 27 15 35 29 14 44 45 26 47 6 9 40 16 53 12 59 13 25 21 46 31 30 32 2 48 0 20 17 3 24 7 50 57 1 10 11 4 36 37
12046092455284511441 19456
37 52 31 51 18 25 34 27 29 6 22 12 55 33 24 45 36 43 21 32 7 19 44 54 42 40 50 9 56 48 59 41 3 13 5 49 20 16 8 35 17 14 58 1 26 2 15 53 11 30 0 28 47 4 38 46 39 23 57 10
49 20 56 30 21 57 37 31 42 36 25 48 6 27 43 50 59 34 39 14 47 5 33 44 8 11 38 46 58 18 40 12 52 53 9 3 54 51 32 2 29 24 0 55 4 26 16 28 41 15 17 7 10 35 1 19 23 13 22 45
37 52 31 51 46 25 34 27 29 6 22 12 55 33 24 45 36 43 21 32 7 19 44 54 42 40 50 9 56 48 59 41 5 13 3 49 20 16 8 35 17 14 58 1 26 2 15 53 11 30 0 28 47 4 38 18 39 23 57 10
49 20 17 30 21 57 37 31 42 36 25 48 6 27 43 50 59 34 39 14 47 5 33 46 8 15 38 44 58 18 40 12 52 53 9 3 54 51 32 2 29 24 0 55 4 26 16 28 41 11 56 7 10 35 1 19 23 13 22 45
6315211635368763284 19456
42 5 41 58 24 57 31 30 45 32 51 38 52 48 33 29 18 23 4 37 7 26 12 16 55 40 43 17 0 53 56 59 36 46 11 47 27 13 50 35 54 49 19 25 9 15 28 6 1 8 44 39 2 3 22 34 10 21 20 14
59 55 33 38 40 12 41 53 22 6 24 42 27 34 45 39 47 11 2 48 52 49 54 50 3 10 29 28 51 17 20 37 58 5 57 14 31 32 1 4 16 21 25 9 13 8 23 30 18 46 7 0 19 56 15 44 43 26 36 35
42 5 41 58 24 40 31 30 45 32 51 38 54 48 33 29 18 23 4 37 7 26 12 16 55 57 53 43 0 17 56 59 36 46 11 47 27 13 50 35 52 49 19 25 9 15 28 6 1 8 44 39 2 3 22 34 10 21 20 14
59 55 33 38 40 12 41 53 22 6 24 46 27 34 45 39 47 11 2 48 52 49 54 50 3 10 29 28 51 17 20 37 58 5 57 14 31 32 1 4 16 21 25 9 13 8 23 30 18 56 7 0 19 42 15 44 43 26 36 35
10750590686373796393 19456
54 52 18 32 59 45 39 42 50 20 21 48 57 55 58 28 34 47 23 25 5 9 40 41 14 56 30 44 35 7 13 8 46 51 10 15 22 6 27 17 53 36 0 43 12 26 49 33 29 37 38 1 24 11 16 19 3 4 2 31
21 59 48 7 35 32 54 10 39 47 56 37 43 19 26 44 57 51 49 3 55 14 1 38 42 36 18 8 4 50 30 12 53 6 46 16 58 34 17 5 28 27 41 9 33 23 31 13 20 15 0 52 11 40 24 25 22 2 45 29
54 52 18 32 59 21 39 42 50 20 45 48 57 55 58 28 34 47 37 25 5 9 40 41 14 56 30 44 35 7 13 8 46 51 10 15 22 6 27 17 53 36 0 43 12 26 49 33 29 23 38 1 24 11 16 19 3 4 2 31
21 59 48 7 35 30 54 10 39 47 56 37 43 19 26 44 57 51 49 3 55 14 1 38 42 36 18 8 4 50 32 12 53 6 46 16 58 34 17 5 28 27 41 9 33 23 31 13 20 15 0 52 11 40 24 25 22 2 45 29
12466944635940219922 19456
39 45 58 55 50 44 1 35 48 37 47 4 32 33 53 34 20 40 23 42 6 56 19 11 12 54 49 5 10 9 57 52 46 36 38 18 8 59 15 27 31 22 29 26 30 14 25 16 21 0 17 28 41 13 2 7 3 51 43 24
57 50 1 59 52 27 36 43 12 32 14 41 51 5 21 44 45 19 48 49 58 4 29 56 47 35 20 18 46 55 2 11 10 8 53 38 26 37 7 13 24 31 39 16 34 25 28 23 0 54 17 15 22 33 9 42 30 3 6 40
39 45 58 55 50 44 1 35 48 37 47 4 32 33 53 34 20 40 23 42 6 56 19 11 12 54 49 5 10 9 57 52 46 36 38 18 8 59 15 27 31 22 29 26 30 14 25 16 21 0 17 28 41 13 2 7 3 51 43 24
57 50 1 59 52 27 36 43 12 32 14 41 51 5 21 44 45 19 48 49 58 4 29 56 47 35 20 18 46 55 2 11 10 8 53 38 26 37 7 13 24 31 39 16 34 25 28 23 0 54 17 15 22 33 9 42 30 3 6 40
6513389422834140276 19456
36 44 50 31 39 33 10 26 47 52 53 43 32 56 34 21 22 59 30 41 19 55 16 40 46 54 6 4 58 49 9 12 35 2 15 48 0 24 18 37 7 11 29 57 8 14 20 25 51 27 38 45 3 1 17 5 23 28 42 13
58 26 15 53 19 28 37 3 51 12 46 40 9 33 55 30 41 47 42 32 23 31 50 13 5 38 39 52 25 0 35 57 10 54 7 14 59 44 34 4 29 48 18 2 22 21 24 36 8 16 43 6 49 17 56 27 11 45 20 1
36 44 50 31 39 33 10 26 47 52 53 43 32 56 34 21 22 59 30 41 19 55 16 40 46 54 6 7 58 49 9 12 35 2 15 48 0 24 18 37 4 11 29 57 8 14 20 25 51 27 38 45 3 1 17 5 23 28 42 13
58 26 15 53 19 28 37 3 51 12 46 40 9 33 55 30 41 47 42 32 23 31 50 13 5 38 39 43 25 0 35 57 10 54 7 52 59 44 34 4 29 48 18 2 22 21 24 36 8 16 14 6 49 17 56 27 11 45 20 1
15183930731146601359 19456
54 56 52 22 59 2 21 35 39 30 37 29 55 40 6 27 58 43 49 24 51 4 38 17 8 45 3 42 16 53 19 18 9 5 36 44 33 10 31 50 26 28 46 34 11 0 57 15 13 20 32 25 48 47 1 7 23 41 12 14
6 35 23 59 28 34 16 12 22 55 44 57 48 30 58 26 27 11 37 4 31 18 17 42 36 50 53 20 54 0 49 56 21 41 7 33 8 32 40 3 13 51 25 39 52 47 2 19 9 38 46 43 10 14 1 15 29 5 24 45
54 56 52 22 59 2 21 35 45 30 37 29 55 40 6 27 58 43 49 24 51 4 38 17 8 39 3 42 16 53 19 18 9 5 36 44 1 10 31 50 26 28 46 34 11 0 57 15 13 20 32 25 48 47 33 7 23 41 12 14
6 35 23 59 28 34 16 12 22 55 44 57 48 30 58 26 27 11 37 4 31 18 17 42 36 50 53 20 54 0 49 56 21 41 7 33 8 32 40 3 13 51 25 39 47 52 2 19 9 38 46 43 10 14 1 15 29 5 24 45
708956876077161250 19456
25 37 0 45 56 48 43 19 34 28 40 51 11 27 20 44 53 36 14 46 52 9 13 58 50 35 5 42 55 49 29 41 18 3 7 24 59 6 22 54 30 17 15 32 1 26 16 23 57 8 39 4 2 10 21 33 47 12 31 38
43 46 55 33 34 41 16 50 48 23 57 44 54 0 58 47 4 22 29 24 19 42 49 39 5 15 59 18 53 17 40 31 21 1 52 13 27 45 56 11 7 36 6 10 51 37 25 28 2 12 14 38 32 26 9 3 20 30 35 8
25 40 0 45 56 48 43 19 34 28 37 55 11 27 20 44 53 36 14 46 52 9 13 58 50 35 5 42 51 49 29 41 18 3 7 24 59 6 22 54 30 17 15 32 1 26 16 23 57 8 39 4 2 10 21 33 47 12 31 38
43 46 55 33 34 41 16 50 48 23 57 44 54 0 58 47 36 22 29 24 19 42 49 39 2 15 59 18 53 17 40 31 26 1 52 13 27 45 56 11 7 4 6 10 51 37 25 28 5 12 14 38 32 21 9 3 20 30 35 8
3305181218190596927 19456
44 39 50 10 24 59 22 28 31 36 38 53 47 27 58 34 37 0 48 30 7 55 46 20 15 14 4 45 9 56 40 13 51 43 16 5 17 57 11 26 52 23 1 6 18 54 33 49 3 35 12 32 8 2 25 29 21 41 42 19
59 39 36 30 12 17 41 53 31 21 51 46 23 55 24 3 33 50 2 18 43 28 16 6 10 56 44 47 48 5 45 49 52 9 26 15 1 19 54 14 7 58 25 34 42 20 13 8 40 4 57 37 32 27 35 38 22 0 11 29
44 39 50 10 24 59 22 28 31 36 38 53 47 27 58 34 37 0 48 30 7 55 46 20 15 14 4 45 9 56 40 13 51 43 16 5 17 57 11 26 52 23 1 6 18 54 33 49 3 35 12 32 8 2 25 29 21 41 42 19
59 39 36 30 12 17 41 53 31 21 51 46 23 55 24 3 33 50 2 18 43 28 16 6 10 56 44 47 48 5 45 49 52 9 26 15 1 19 54 14 7 58 25 34 42 20 13 8 40 4 57 37 32 27 35 38 22 0 11 29
9187074885126788972 19456
57 37 49 5 26 45 50 35 21 32 44 59 51 58 29 38 28 22 23 20 2 55 39 0 42 54 30 18 8 14 16 40 43 36 48 47 17 34 27 46 52 33 25 19 56 1 31 6 9 41 12 4 11 24 3 53 7 15 10 13
37 45 9 34 39 55 43 42 10 17 49 12 26 21 54 4 30 40 57 32 51 38 8 44 18 11 35 48 53 58 46 41 50 0 24 5 33 6 52 19 16 36 14 13 1 56 7 23 2 25 31 15 27 59 28 29 22 20 47 3
57 37 49 5 26 45 50 35 21 32 44 59 51 58 29 38 28 22 23 20 2 55 39 0 42 54 30 18 8 14 16 40 43 36 48 47 17 34 27 46 52 33 25 19 56 1 31 6 9 41 12 4 11 24 3 53 7 15 10 13
37 45 9 34 39 55 43 42 10 17 49 12 26 21 54 4 30 40 57 32 51 38 8 44 18 11 35 48 53 58 46 41 50 0 24 5 33 6 52 19 16 36 14 13 1 56 7 23 2 25 31 15 27 59 28 29 22 20 47 3
14883704847098739268 19456
0 41 23 59 48 28 12 43 34 42 46 11 51 24 40 1 47 50 53 39 49 7 13 57 35 18 37 38 17 55 44 58 21 4 52 5 33 56 6 31 3 10 26 14 54 19 30 32 36 27 16 9 8 20 45 25 22 15 2 29
58 52 43 22 57 35 33 34 36 16 55 44 26 47 21 18 13 29 20 5 14 45 30 46 37 50 11 4 51 32 40 15 9 2 10 48 59 1 19 6 42 24 0 27 41 31 7 17 25 12 39 38 53 49 8 28 56 3 54 23
0 41 23 59 48 28 12 43 34 42 46 11 51 24 40 1 47 50 53 39 49 7 13 57 35 18 37 38 17 55 44 58 21 4 52 5 33 56 6 31 3 10 26 14 54 19 30 32 36 27 16 9 8 20 45 25 22 15 2 29
58 52 43 22 57 35 33 34 36 16 55 44 26 47 21 18 13 29 20 5 14 45 30 46 37 50 11 4 51 32 40 15 9 2 10 42 59 1 19 6 48 24 0 27 41 31 7 17 25 12 39 38 53 49 8 28 56 3 54 23
17611622017155023111 19456
54 52 35 33 20 46 26 51 38 49 59 18 42 55 34 24 30 40 5 22 15 57 3 12 4 13 48 28 8 14 39 45 41 9 36 44 56 6 2 23 25 17 16 27 43 50 7 1 47 53 21 29 58 32 11 37 31 10 19 0
18 8 48 40 45 35 53 21 30 34 43 52 26 32 49 51 41 22 31 56 58 24 54 55 36 33 39 5 44 23 10 7 59 37 3 13 2 19 57 9 14 42 46 0 47 15 50 16 11 38 25 6 1 17 27 20 12 28 4 29
54 52 35 33 20 46 26 51 38 49 59 18 42 55 34 24 30 40 5 22 15 57 3 12 4 13 48 28 8 14 39 45 41 9 36 44 56 6 2 23 25 17 16 27 43 50 7 1 47 53 21 29 58 32 11 37 31 10 19 0
18 8 48 40 45 35 53 21 30 34 43 52 26 32 49 51 41 22 31 56 58 24 54 55 36 33 39 5 44 23 10 7 59 37 3 13 2 19 57 9 14 42 46 0 47 15 50 16 11 38 25 6 1 17 27 20 12 28 4 29
