C99OVERLAPS1 1
0 8
0 15
0 29
0 42
1 12
1 18
1 31
1 33
2 10
2 13
2 26
2 41
3 20
3 23
3 29
3 38
4 19
4 21
4 47
4 49
5 10
5 20
5 24
5 54
6 16
6 22
6 24
6 46
7 8
7 14
7 53
7 58
8 68
8 71
9 14
9 17
9 45
9 69
10 45
10 64
11 19
11 21
11 44
11 70
12 23
12 61
12 72
13 16
13 48
13 63
14 34
14 49
15 18
15 35
15 62
16 39
16 66
17 22
17 55
17 64
18 54
18 73
19 37
19 74
20 41
20 56
21 79
21 80
22 77
22 80
23 69
23 82
24 33
24 38
25 34
25 36
25 45
25 55
26 35
26 57
26 58
27 28
27 42
27 47
27 48
28 32
28 61
28 70
29 46
29 67
30 32
30 39
30 63
30 69
31 40
31 62
31 65
32 62
32 78
33 50
33 75
34 43
34 74
35 36
35 76
36 64
36 82
37 40
37 43
37 66
38 80
38 83
39 41
39 75
40 76
40 79
41 71
42 57
42 82
43 70
43 81
44 53
44 54
44 60
45 52
46 50
46 65
47 60
47 66
48 56
48 77
49 55
49 78
50 57
50 76
51 56
51 59
51 61
51 73
52 59
52 65
52 74
53 67
53 80
54 75
55 72
56 81
57 83
58 69
58 70
59 68
59 77
60 73
60 79
61 67
62 64
63 71
63 72
65 83
66 68
67 81
68 78
71 76
72 81
73 82
74 79
75 77
78 83
