FACTOR_PERMUTATION_V1 12 16 1024 1 0.25
10 0 1 1 1 1 1 1 1 1 1 1 0 0 2 2 2 2 2 2 2 2 2 2 0 1 1 2 2 2 2 2 2 2 2 2
0 10 1 1 1 1 1 1 1 1 1 1 0 0 2 2 2 2 2 2 2 2 2 2 1 0 2 2 1 2 2 2 2 2 2 2
1 1 10 0 1 1 1 1 1 1 1 1 2 2 0 0 2 2 2 2 2 2 2 2 1 2 0 1 2 2 2 2 2 2 2 2
1 1 0 10 1 1 1 1 1 1 1 1 2 2 0 0 2 2 2 2 2 2 2 2 2 2 1 0 2 2 1 2 2 2 2 2
1 1 1 1 10 0 1 1 1 1 1 1 2 2 2 2 0 0 2 2 2 2 2 2 2 1 2 2 0 1 2 2 2 2 2 2
1 1 1 1 0 10 1 1 1 1 1 1 2 2 2 2 0 0 2 2 2 2 2 2 2 2 2 2 1 0 2 1 2 2 2 2
1 1 1 1 1 1 10 0 1 1 1 1 2 2 2 2 2 2 0 1 1 2 2 2 2 2 2 1 2 2 0 1 2 2 2 2
1 1 1 1 1 1 0 10 1 1 1 1 2 2 2 2 2 2 1 0 2 2 1 2 2 2 2 2 2 1 1 0 2 2 2 2
1 1 1 1 1 1 1 1 10 0 1 1 2 2 2 2 2 2 1 2 0 1 2 2 2 2 2 2 2 2 2 2 0 0 2 2
1 1 1 1 1 1 1 1 0 10 1 1 2 2 2 2 2 2 2 2 1 0 2 1 2 2 2 2 2 2 2 2 0 0 2 2
1 1 1 1 1 1 1 1 1 1 10 0 2 2 2 2 2 2 2 1 2 2 0 1 2 2 2 2 2 2 2 2 2 2 0 0
1 1 1 1 1 1 1 1 1 1 0 10 2 2 2 2 2 2 2 2 2 1 1 0 2 2 2 2 2 2 2 2 2 2 0 0
0 0 2 2 2 2 2 2 2 2 2 2 10 0 1 1 1 1 1 1 1 1 1 1 0 1 1 2 2 2 2 2 2 2 2 2
0 0 2 2 2 2 2 2 2 2 2 2 0 10 1 1 1 1 1 1 1 1 1 1 1 0 2 2 1 2 2 2 2 2 2 2
2 2 0 0 2 2 2 2 2 2 2 2 1 1 10 0 1 1 1 1 1 1 1 1 1 2 0 1 2 2 2 2 2 2 2 2
2 2 0 0 2 2 2 2 2 2 2 2 1 1 0 10 1 1 1 1 1 1 1 1 2 2 1 0 2 2 1 2 2 2 2 2
2 2 2 2 0 0 2 2 2 2 2 2 1 1 1 1 10 0 1 1 1 1 1 1 2 1 2 2 0 1 2 2 2 2 2 2
2 2 2 2 0 0 2 2 2 2 2 2 1 1 1 1 0 10 1 1 1 1 1 1 2 2 2 2 1 0 2 1 2 2 2 2
2 2 2 2 2 2 0 1 1 2 2 2 1 1 1 1 1 1 10 1 0 1 1 1 2 2 2 1 2 2 0 2 1 2 2 2
2 2 2 2 2 2 1 0 2 2 1 2 1 1 1 1 1 1 1 10 1 1 0 1 2 2 2 2 2 1 2 0 2 2 1 2
2 2 2 2 2 2 1 2 0 1 2 2 1 1 1 1 1 1 0 1 10 1 1 1 2 2 2 2 2 2 1 2 0 1 2 2
2 2 2 2 2 2 2 2 1 0 2 1 1 1 1 1 1 1 1 1 1 10 1 0 2 2 2 2 2 2 2 2 1 0 2 1
2 2 2 2 2 2 2 1 2 2 0 1 1 1 1 1 1 1 1 0 1 1 10 1 2 2 2 2 2 2 2 1 2 2 0 1
2 2 2 2 2 2 2 2 2 1 1 0 1 1 1 1 1 1 1 1 1 0 1 10 2 2 2 2 2 2 2 2 2 1 1 0
0 1 1 2 2 2 2 2 2 2 2 2 0 1 1 2 2 2 2 2 2 2 2 2 10 1 0 1 1 1 1 1 1 1 1 1
1 0 2 2 1 2 2 2 2 2 2 2 1 0 2 2 1 2 2 2 2 2 2 2 1 10 1 1 0 1 1 1 1 1 1 1
1 2 0 1 2 2 2 2 2 2 2 2 1 2 0 1 2 2 2 2 2 2 2 2 0 1 10 1 1 1 1 1 1 1 1 1
2 2 1 0 2 2 1 2 2 2 2 2 2 2 1 0 2 2 1 2 2 2 2 2 1 1 1 10 1 1 0 1 1 1 1 1
2 1 2 2 0 1 2 2 2 2 2 2 2 1 2 2 0 1 2 2 2 2 2 2 1 0 1 1 10 1 1 1 1 1 1 1
2 2 2 2 1 0 2 1 2 2 2 2 2 2 2 2 1 0 2 1 2 2 2 2 1 1 1 1 1 10 1 0 1 1 1 1
2 2 2 1 2 2 0 1 2 2 2 2 2 2 2 1 2 2 0 2 1 2 2 2 1 1 1 0 1 1 10 1 1 1 1 1
2 2 2 2 2 1 1 0 2 2 2 2 2 2 2 2 2 1 2 0 2 2 1 2 1 1 1 1 1 0 1 10 1 1 1 1
2 2 2 2 2 2 2 2 0 0 2 2 2 2 2 2 2 2 1 2 0 1 2 2 1 1 1 1 1 1 1 1 10 0 1 1
2 2 2 2 2 2 2 2 0 0 2 2 2 2 2 2 2 2 2 2 1 0 2 1 1 1 1 1 1 1 1 1 0 10 1 1
2 2 2 2 2 2 2 2 2 2 0 0 2 2 2 2 2 2 2 1 2 2 0 1 1 1 1 1 1 1 1 1 1 1 10 0
2 2 2 2 2 2 2 2 2 2 0 0 2 2 2 2 2 2 2 2 2 1 1 0 1 1 1 1 1 1 1 1 1 1 0 10
0 2
0 3
0 4
0 5
0 6
0 7
0 8
0 9
0 10
0 11
1 2
1 3
1 4
1 5
1 6
1 7
1 8
1 9
1 10
1 11
2 4
2 5
2 6
2 7
2 8
2 9
2 10
2 11
3 4
3 5
3 6
3 7
3 8
3 9
3 10
3 11
4 6
4 7
4 8
4 9
4 10
4 11
5 6
5 7
5 8
5 9
5 10
5 11
6 8
6 9
6 10
6 11
7 8
7 9
7 10
7 11
8 10
8 11
9 10
9 11
0 2
0 3
0 4
0 5
0 6
0 7
0 8
0 9
0 10
0 11
1 2
1 3
1 4
1 5
1 6
1 7
1 8
1 9
1 10
1 11
2 4
2 5
2 6
2 7
2 8
2 9
2 10
2 11
3 4
3 5
3 6
3 7
3 8
3 9
3 10
3 11
4 6
4 7
4 8
4 9
4 10
4 11
5 6
5 7
5 8
5 9
5 10
5 11
6 7
6 9
6 10
6 11
7 8
7 9
7 11
8 9
8 10
8 11
9 10
10 11
0 1
0 3
0 4
0 5
0 6
0 7
0 8
0 9
0 10
0 11
1 2
1 3
1 5
1 6
1 7
1 8
1 9
1 10
1 11
2 3
2 4
2 5
2 6
2 7
2 8
2 9
2 10
2 11
3 4
3 5
3 7
3 8
3 9
3 10
3 11
4 5
4 6
4 7
4 8
4 9
4 10
4 11
5 6
5 8
5 9
5 10
5 11
6 7
6 8
6 9
6 10
6 11
7 8
7 9
7 10
7 11
8 10
8 11
9 10
9 11
11215898834331846752 11264
54 56 34 15 21 0 28 36 55 45 44 46 51 59 2 35 39 31 30 20 52 17 58 9 18 42 4 37 53 27 33 12 48 19 38 14 5 49 10 24 41 1 23 32 7 8 13 22 47 57 11 6 3 40 25 16 26 50 43 29
33 36 5 28 48 44 57 22 21 53 23 34 31 25 54 43 47 46 16 50 32 51 12 37 13 58 41 15 10 14 40 59 3 45 7 52 27 8 26 55 42 49 39 17 56 6 24 18 9 0 30 29 11 19 1 2 38 35 4 20
54 56 34 15 21 0 28 36 55 45 44 46 51 59 2 35 39 31 30 23 52 17 58 9 18 42 4 37 53 27 33 12 48 19 38 14 5 49 10 24 41 1 20 32 7 8 13 22 47 57 11 6 3 40 25 16 26 50 43 29
33 36 5 28 48 44 57 22 21 53 23 34 31 25 54 43 47 46 16 50 32 51 12 37 4 58 41 15 10 14 40 59 3 45 7 52 27 8 26 55 42 49 39 17 56 6 24 18 9 0 30 29 11 19 1 2 38 35 13 20
12539529667851926115 11264
37 18 57 22 46 3 36 31 55 33 39 6 30 43 59 29 48 26 27 38 56 54 51 24 9 44 13 4 52 12 53 2 40 49 14 47 11 25 15 19 0 50 10 58 7 34 32 5 17 8 28 23 35 42 41 16 45 21 1 20
31 18 14 58 24 33 51 36 35 30 45 54 27 25 52 59 57 29 2 22 49 11 20 40 44 9 47 15 46 43 7 38 23 17 53 48 8 56 26 32 13 3 34 10 4 50 6 39 37 41 16 42 12 5 1 19 28 0 21 55
37 18 57 22 46 3 36 31 55 33 39 6 30 43 59 29 48 26 27 38 56 54 51 24 9 44 13 4 52 12 53 2 40 49 14 47 11 25 15 19 0 50 10 58 7 34 32 5 17 8 28 23 35 42 41 16 45 21 1 20
31 18 14 58 24 33 51 36 35 30 45 54 27 25 52 59 57 29 2 22 49 11 20 40 44 9 47 15 46 43 7 38 23 17 53 48 8 56 26 32 13 3 34 10 4 50 6 39 37 41 16 42 12 5 1 19 28 0 21 55
14788248811293341540 11264
54 50 23 30 34 38 41 10 21 49 47 53 59 33 29 56 37 20 25 42 7 48 17 12 18 4 44 43 11 16 9 3 46 51 2 52 6 35 22 32 39 26 58 27 5 57 15 28 0 13 36 24 45 31 55 14 19 1 8 40
13 25 57 55 43 29 33 54 49 37 38 42 53 30 17 28 41 47 3 24 51 44 58 4 23 35 14 1 45 27 15 59 2 8 52 5 26 7 11 9 19 48 0 56 50 22 31 16 46 34 6 39 10 20 40 18 21 36 32 12
54 50 23 30 34 38 41 10 21 49 47 53 59 33 29 56 37 20 25 42 7 48 17 12 18 4 44 43 11 16 9 3 46 51 2 52 6 35 22 32 39 26 58 27 5 57 15 28 0 13 36 24 45 31 55 14 19 1 8 40
13 25 57 55 43 29 33 54 49 37 38 42 53 30 17 28 41 47 3 24 51 44 58 4 23 35 14 1 45 27 15 59 2 8 52 5 26 7 11 9 19 48 0 56 50 22 31 16 46 34 6 39 10 20 40 18 21 36 32 12
15532263037218017411 11264
59 31 10 45 54 39 50 42 32 24 48 14 20 53 46 44 27 29 28 36 56 22 38 35 58 37 55 13 17 57 2 40 43 41 49 3 52 9 30 4 5 34 18 11 1 26 51 8 47 7 21 33 25 19 6 0 15 16 12 23
42 59 52 19 15 49 28 50 54 3 8 46 58 31 25 34 55 2 13 23 10 39 57 38 45 27 37 32 47 7 30 6 17 35 24 43 29 33 12 9 41 53 51 56 21 14 16 48 5 40 22 0 18 26 44 11 4 20 1 36
59 31 10 45 54 39 50 42 32 24 48 14 20 53 46 44 27 29 28 36 56 22 38 35 58 37 55 13 17 57 2 40 43 41 49 3 52 9 30 4 5 34 18 11 1 26 51 8 47 7 21 33 25 19 6 0 15 16 12 23
42 59 52 19 15 49 28 50 54 3 8 46 58 31 25 34 55 2 13 23 10 39 57 38 45 27 37 32 47 7 30 6 17 35 24 43 29 33 12 9 41 53 51 56 21 14 16 48 5 40 22 0 18 26 44 11 4 20 1 36
7593711664012010620 11264
38 52 50 53 8 45 27 22 29 28 49 19 31 32 25 24 46 54 36 40 23 56 12 2 13 47 7 51 9 58 37 44 5 18 4 39 35 14 26 55 17 16 30 59 6 42 20 15 34 10 57 3 41 1 11 0 48 33 21 43
55 21 56 11 59 42 47 40 32 48 37 43 51 54 6 16 1 29 25 22 49 3 34 17 26 4 50 12 30 41 8 18 57 13 44 5 15 9 46 33 23 7 53 24 36 27 31 19 35 45 20 52 58 2 38 28 0 10 14 39
38 52 50 53 8 45 27 22 29 28 49 19 31 32 25 24 46 54 36 40 23 56 12 2 13 47 7 51 9 58 37 44 5 18 4 39 35 42 26 55 17 16 30 59 6 14 20 15 34 10 57 3 41 1 11 0 48 33 21 43
55 21 56 11 59 42 47 40 32 48 37 43 51 54 6 16 1 29 22 25 49 3 34 15 26 4 50 12 30 41 8 18 57 13 44 5 10 9 46 33 23 7 53 24 36 27 31 28 35 45 20 52 58 2 38 19 0 17 14 39
9697206287537947743 11264
58 46 51 22 33 55 28 37 43 27 35 54 56 32 53 14 4 21 36 40 48 50 38 45 7 12 9 11 6 49 3 13 23 31 16 39 29 20 15 19 25 5 0 57 34 8 17 52 41 59 18 10 26 30 1 2 47 44 24 42
59 52 28 58 1 29 55 36 25 13 43 7 26 53 20 27 45 51 30 32 49 0 10 33 54 56 37 35 46 38 41 16 12 17 4 47 8 6 34 23 14 48 31 57 22 19 42 9 50 3 15 44 2 18 39 21 24 11 40 5
58 46 51 22 33 55 28 37 43 27 35 54 56 32 53 14 4 21 36 40 48 50 38 13 7 12 9 11 6 49 3 45 23 31 16 39 29 20 15 19 25 5 0 57 34 8 17 52 41 59 18 10 26 30 1 2 47 44 24 42
59 52 28 58 1 29 55 36 25 13 43 7 26 53 20 27 45 51 30 32 49 0 10 33 54 56 37 35 46 38 41 16 12 17 4 47 8 6 34 23 14 48 31 57 22 19 42 9 50 3 15 44 2 18 39 21 24 11 40 5
7245966624114097591 11264
9 37 24 58 56 29 34 30 48 36 54 53 8 4 21 28 27 50 32 11 19 18 55 39 38 43 49 42 26 44 41 14 3 59 7 16 31 57 15 22 1 45 17 35 51 5 10 52 2 47 20 0 25 6 13 40 46 33 12 23
48 51 54 29 27 16 39 55 28 6 11 25 31 23 41 56 42 8 21 50 38 47 17 46 9 26 37 44 15 33 53 58 52 12 2 35 3 5 34 49 59 22 57 20 10 36 7 0 45 1 13 32 40 18 24 19 4 14 30 43
9 37 24 58 56 29 34 30 48 36 54 53 8 4 21 28 27 50 32 11 19 18 55 39 38 43 49 42 26 44 41 14 3 59 7 16 31 57 15 22 1 45 17 35 51 5 10 52 2 47 20 0 25 6 13 40 46 33 12 23
48 51 54 29 27 16 39 55 28 6 11 25 31 23 41 56 42 8 21 50 38 47 17 46 9 26 37 44 15 33 53 58 52 12 2 35 3 5 34 49 59 22 57 20 10 36 7 0 45 1 13 32 40 18 24 19 4 14 30 43
4805484719543198606 11264
42 40 34 17 45 22 27 4 52 23 39 54 57 26 25 11 49 46 36 38 53 19 35 6 59 8 3 16 7 50 9 13 20 48 55 44 32 41 43 15 0 14 56 1 31 24 30 51 18 21 37 5 2 47 58 33 10 29 12 28
58 16 57 26 31 38 30 5 39 42 47 6 54 25 59 45 35 29 27 11 0 56 12 46 36 20 49 52 50 15 37 51 55 33 3 40 19 7 22 34 43 53 4 32 9 41 14 21 44 8 24 18 17 10 28 23 13 2 1 48
42 40 34 17 45 22 27 4 52 23 39 54 57 26 21 11 49 46 36 38 53 37 35 6 59 8 3 16 7 50 9 13 20 48 55 44 32 41 43 15 0 14 56 1 31 24 30 51 18 25 19 5 2 47 58 33 10 29 12 28
58 16 57 26 31 38 30 5 39 42 47 6 54 25 59 45 35 29 27 11 0 56 12 46 36 20 49 52 50 15 37 51 55 33 3 40 19 7 22 34 43 53 4 32 9 41 14 21 44 8 24 18 17 10 28 23 13 2 1 48
6110060294645487243 11264
24 12 0 50 57 41 43 48 33 28 55 35 51 37 18 21 58 38 44 31 11 42 40 1 54 49 36 15 53 4 45 59 14 52 5 46 16 56 8 34 22 47 23 32 19 26 17 6 2 9 25 30 10 3 39 7 29 20 27 13
46 52 58 19 28 17 22 45 14 48 43 44 25 1 27 38 37 54 13 57 56 18 49 42 11 40 53 39 51 55 8 6 3 20 2 16 23 33 12 9 31 5 15 7 50 36 32 10 41 24 0 35 59 34 21 30 26 4 47 29
24 12 0 50 57 41 43 48 33 28 55 35 51 37 18 21 58 38 44 23 11 42 40 1 54 49 36 15 53 4 45 59 14 52 5 46 16 56 8 34 22 47 31 32 19 26 17 6 2 9 25 30 10 3 39 7 29 20 27 13
46 52 58 19 28 17 22 45 14 48 43 44 25 1 27 38 37 54 13 57 56 18 49 42 11 40 53 39 51 55 8 6 3 20 2 16 23 33 12 9 31 5 15 7 50 36 32 10 41 24 0 35 59 34 21 30 26 4 47 29
14015331362410466965 11264
15 2 52 35 56 49 29 26 22 42 59 43 41 50 44 33 4 21 39 23 11 5 25 36 47 7 46 38 14 16 40 57 54 37 30 45 0 3 17 34 9 24 31 27 10 55 53 51 58 19 13 1 20 6 12 18 32 8 48 28
31 57 41 52 44 0 26 47 46 49 12 24 22 9 34 6 30 58 23 36 59 16 54 40 18 35 48 5 45 8 7 39 3 51 37 14 56 4 42 1 53 11 17 38 55 50 29 25 20 19 2 21 33 27 32 15 13 28 10 43
15 2 52 35 56 49 29 26 22 42 59 43 41 50 44 33 4 21 39 23 11 5 25 36 47 7 46 38 14 16 40 57 54 37 30 45 0 3 17 34 9 24 31 27 10 55 53 51 58 19 13 1 12 6 20 18 32 8 48 28
31 57 41 52 44 0 26 47 46 49 12 24 22 9 34 6 30 58 23 36 59 16 54 40 18 35 48 5 45 8 7 39 3 51 37 14 56 4 42 1 53 11 17 38 55 50 29 25 20 19 2 21 33 27 32 15 13 28 10 43
2371925665448142861 11264
5 18 43 49 41 28 34 24 42 22 47 55 56 58 21 54 37 20 33 30 50 51 45 16 38 19 53 2 9 52 35 36 29 46 14 39 11 27 13 4 25 15 7 6 59 31 12 10 23 40 57 8 17 3 26 32 0 44 1 48
59 46 25 33 10 6 41 35 31 47 57 8 32 23 40 19 29 51 22 44 15 2 12 45 27 30 36 53 50 13 39 58 5 11 21 52 54 3 49 55 0 38 34 48 42 17 7 24 56 4 14 20 18 26 16 28 37 1 43 9
5 18 43 49 41 28 34 24 42 22 47 55 56 58 21 54 37 20 33 30 50 51 45 16 38 19 53 2 9 52 35 36 29 46 14 39 11 27 13 4 25 15 7 6 59 31 12 10 23 40 57 8 17 3 26 32 0 44 1 48
59 46 25 33 10 6 41 35 31 47 57 8 32 23 40 19 29 51 22 44 15 2 12 45 27 30 36 53 50 13 39 58 5 11 20 52 54 3 49 55 0 38 34 48 42 17 7 24 56 4 14 21 18 26 16 28 37 1 43 9
15476492097299267972 11264
30 53 47 56 25 40 34 20 54 14 21 50 55 27 45 44 58 35 28 23 18 43 38 52 19 49 59 6 2 1 41 4 57 13 42 26 11 51 0 48 7 15 17 9 16 8 22 39 37 31 24 3 29 10 12 33 5 36 46 32
38 39 6 14 45 22 59 33 13 30 50 43 29 25 2 34 20 5 48 51 32 57 53 8 42 18 12 24 55 58 52 46 4 26 10 37 9 40 17 23 47 49 56 31 27 36 7 19 11 21 41 16 54 15 44 0 28 3 1 35
30 53 47 56 25 40 34 20 54 14 21 50 55 27 45 44 58 35 28 23 18 43 38 52 19 49 59 6 2 1 41 4 57 13 42 26 11 51 0 48 7 15 17 9 16 8 22 39 37 31 24 3 29 10 12 33 5 36 46 32
38 39 6 14 45 22 59 33 13 30 50 43 29 25 2 34 20 5 48 51 32 57 53 8 42 18 12 24 55 58 52 46 4 26 10 37 9 40 17 23 47 49 56 31 27 36 7 19 11 21 41 16 54 15 44 0 28 3 1 35
8927120076827775365 11264
52 43 39 54 28 20 59 26 45 42 41 16 49 17 29 32 51 5 23 40 8 55 50 13 2 19 0 31 56 37 34 9 21 36 4 7 25 57 10 48 11 30 27 22 1 3 58 14 6 18 12 47 15 33 38 46 35 53 44 24
59 48 19 24 46 58 29 42 37 17 51 45 21 50 44 2 14 11 28 31 49 30 8 15 54 35 43 16 41 0 52 33 55 39 53 3 57 12 32 26 56 5 7 38 40 27 13 34 10 20 23 6 9 18 4 25 22 36 1 47
52 43 39 54 28 20 59 26 45 42 41 16 49 17 29 32 51 5 23 40 8 55 50 13 2 19 0 31 56 37 34 9 21 36 4 7 25 57 10 48 11 30 27 22 1 3 58 14 6 18 12 47 15 33 38 46 35 53 44 24
59 48 19 24 46 58 29 42 37 17 51 45 21 50 44 2 14 11 28 31 49 30 8 15 54 35 43 16 41 0 52 33 18 39 53 3 57 12 32 26 56 5 7 38 40 27 13 34 10 20 23 6 9 55 4 25 22 36 1 47
15508091294910889624 11264
44 52 26 35 27 50 42 28 39 31 41 45 48 34 32 55 3 46 30 20 7 15 49 2 58 54 11 8 51 5 1 13 59 18 4 38 19 33 10 6 56 29 25 9 57 22 53 36 40 12 47 43 37 21 24 17 0 16 14 23
34 40 53 51 21 43 31 8 48 12 47 54 9 38 44 26 50 22 55 32 46 49 58 15 29 13 52 39 20 59 37 16 3 1 24 42 56 4 45 30 11 10 14 33 2 17 19 5 18 27 7 6 25 41 0 28 36 23 35 57
44 52 26 35 27 50 42 28 39 31 41 45 48 34 32 55 3 46 14 20 7 15 49 2 58 54 11 8 51 5 1 13 59 18 4 38 19 33 10 6 56 29 25 9 57 22 53 36 40 12 47 43 37 21 24 17 0 16 30 23
34 40 53 51 21 43 31 8 48 12 47 54 9 38 44 26 50 22 55 32 46 49 58 15 29 13 52 39 20 59 37 16 3 1 24 42 56 4 45 30 11 10 14 33 2 17 19 5 18 27 7 6 25 41 0 28 36 23 35 57
12105777389103047553 11264
13 58 41 27 36 32 31 8 52 29 51 42 22 56 37 44 33 34 57 23 7 50 45 35 10 38 3 40 9 54 28 20 46 6 49 16 43 26 14 15 55 18 25 17 5 30 11 24 59 19 0 1 2 47 12 4 48 39 21 53
55 48 33 31 58 29 37 46 10 49 39 52 13 34 57 40 27 30 42 6 43 8 11 18 45 14 36 22 54 16 3 59 0 19 21 2 25 38 23 51 5 44 35 26 50 41 15 7 20 4 53 56 9 24 32 12 1 47 17 28
13 58 41 27 36 24 31 8 52 29 51 42 22 56 37 44 33 34 57 23 7 50 45 35 10 38 3 40 9 54 28 20 46 6 49 16 43 26 14 15 55 18 25 17 5 30 11 32 59 19 0 1 2 47 12 4 48 39 21 53
55 48 33 31 58 30 37 46 10 49 39 52 13 34 57 40 27 44 42 6 43 8 11 18 45 14 36 22 54 16 3 59 0 19 21 2 25 38 23 51 5 29 35 26 50 41 15 7 20 4 53 56 9 24 32 12 1 47 17 28
14702630653027732701 11264
12 43 57 30 58 20 0 46 39 27 33 40 50 37 35 44 47 22 23 55 9 52 42 59 2 16 3 48 1 4 41 38 51 7 13 18 56 25 10 15 49 5 8 19 53 26 32 45 17 54 11 21 31 29 6 14 34 24 36 28
34 50 56 40 25 39 42 32 13 52 45 43 51 19 23 27 1 16 48 37 49 59 17 2 54 47 38 6 24 53 11 8 46 41 7 12 10 3 55 20 30 58 5 15 0 33 9 22 31 35 44 57 18 14 29 26 36 28 21 4
12 43 57 30 58 20 0 46 39 27 33 40 50 37 35 44 47 22 23 55 9 52 42 59 2 16 3 48 1 4 41 38 51 7 13 18 56 25 10 15 49 5 8 19 53 26 32 45 17 54 11 21 31 29 6 14 34 24 36 28
34 50 56 40 25 39 42 32 13 52 45 43 51 19 23 27 1 16 48 37 49 59 17 2 54 47 38 6 24 53 11 8 46 41 7 12 10 3 55 20 30 58 5 15 0 33 9 22 31 35 44 57 18 14 29 26 36 28 21 4
