FACTOR_PERMUTATION_V1 12 16 1024 1 0.25
10 0 1 1 1 1 1 1 1 1 1 1 0 0 2 2 2 2 2 2 2 2 2 2 0 1 1 2 2 2 2 2 2 2 2 2
0 10 1 1 1 1 1 1 1 1 1 1 0 0 2 2 2 2 2 2 2 2 2 2 1 0 2 2 1 2 2 2 2 2 2 2
1 1 10 0 1 1 1 1 1 1 1 1 2 2 0 0 2 2 2 2 2 2 2 2 1 2 0 1 2 2 2 2 2 2 2 2
1 1 0 10 1 1 1 1 1 1 1 1 2 2 0 0 2 2 2 2 2 2 2 2 2 2 1 0 2 2 1 2 2 2 2 2
1 1 1 1 10 0 1 1 1 1 1 1 2 2 2 2 0 0 2 2 2 2 2 2 2 1 2 2 0 1 2 2 2 2 2 2
1 1 1 1 0 10 1 1 1 1 1 1 2 2 2 2 0 0 2 2 2 2 2 2 2 2 2 2 1 0 2 1 2 2 2 2
1 1 1 1 1 1 10 0 1 1 1 1 2 2 2 2 2 2 0 1 1 2 2 2 2 2 2 1 2 2 0 1 2 2 2 2
1 1 1 1 1 1 0 10 1 1 1 1 2 2 2 2 2 2 1 0 2 2 1 2 2 2 2 2 2 1 1 0 2 2 2 2
1 1 1 1 1 1 1 1 10 0 1 1 2 2 2 2 2 2 1 2 0 1 2 2 2 2 2 2 2 2 2 2 0 0 2 2
1 1 1 1 1 1 1 1 0 10 1 1 2 2 2 2 2 2 2 2 1 0 2 1 2 2 2 2 2 2 2 2 0 0 2 2
1 1 1 1 1 1 1 1 1 1 10 0 2 2 2 2 2 2 2 1 2 2 0 1 2 2 2 2 2 2 2 2 2 2 0 0
1 1 1 1 1 1 1 1 1 1 0 10 2 2 2 2 2 2 2 2 2 1 1 0 2 2 2 2 2 2 2 2 2 2 0 0
0 0 2 2 2 2 2 2 2 2 2 2 10 0 1 1 1 1 1 1 1 1 1 1 0 1 1 2 2 2 2 2 2 2 2 2
0 0 2 2 2 2 2 2 2 2 2 2 0 10 1 1 1 1 1 1 1 1 1 1 1 0 2 2 1 2 2 2 2 2 2 2
2 2 0 0 2 2 2 2 2 2 2 2 1 1 10 0 1 1 1 1 1 1 1 1 1 2 0 1 2 2 2 2 2 2 2 2
2 2 0 0 2 2 2 2 2 2 2 2 1 1 0 10 1 1 1 1 1 1 1 1 2 2 1 0 2 2 1 2 2 2 2 2
2 2 2 2 0 0 2 2 2 2 2 2 1 1 1 1 10 0 1 1 1 1 1 1 2 1 2 2 0 1 2 2 2 2 2 2
2 2 2 2 0 0 2 2 2 2 2 2 1 1 1 1 0 10 1 1 1 1 1 1 2 2 2 2 1 0 2 1 2 2 2 2
2 2 2 2 2 2 0 1 1 2 2 2 1 1 1 1 1 1 10 1 0 1 1 1 2 2 2 1 2 2 0 2 1 2 2 2
2 2 2 2 2 2 1 0 2 2 1 2 1 1 1 1 1 1 1 10 1 1 0 1 2 2 2 2 2 1 2 0 2 2 1 2
2 2 2 2 2 2 1 2 0 1 2 2 1 1 1 1 1 1 0 1 10 1 1 1 2 2 2 2 2 2 1 2 0 1 2 2
2 2 2 2 2 2 2 2 1 0 2 1 1 1 1 1 1 1 1 1 1 10 1 0 2 2 2 2 2 2 2 2 1 0 2 1
2 2 2 2 2 2 2 1 2 2 0 1 1 1 1 1 1 1 1 0 1 1 10 1 2 2 2 2 2 2 2 1 2 2 0 1
2 2 2 2 2 2 2 2 2 1 1 0 1 1 1 1 1 1 1 1 1 0 1 10 2 2 2 2 2 2 2 2 2 1 1 0
0 1 1 2 2 2 2 2 2 2 2 2 0 1 1 2 2 2 2 2 2 2 2 2 10 1 0 1 1 1 1 1 1 1 1 1
1 0 2 2 1 2 2 2 2 2 2 2 1 0 2 2 1 2 2 2 2 2 2 2 1 10 1 1 0 1 1 1 1 1 1 1
1 2 0 1 2 2 2 2 2 2 2 2 1 2 0 1 2 2 2 2 2 2 2 2 0 1 10 1 1 1 1 1 1 1 1 1
2 2 1 0 2 2 1 2 2 2 2 2 2 2 1 0 2 2 1 2 2 2 2 2 1 1 1 10 1 1 0 1 1 1 1 1
2 1 2 2 0 1 2 2 2 2 2 2 2 1 2 2 0 1 2 2 2 2 2 2 1 0 1 1 10 1 1 1 1 1 1 1
2 2 2 2 1 0 2 1 2 2 2 2 2 2 2 2 1 0 2 1 2 2 2 2 1 1 1 1 1 10 1 0 1 1 1 1
2 2 2 1 2 2 0 1 2 2 2 2 2 2 2 1 2 2 0 2 1 2 2 2 1 1 1 0 1 1 10 1 1 1 1 1
2 2 2 2 2 1 1 0 2 2 2 2 2 2 2 2 2 1 2 0 2 2 1 2 1 1 1 1 1 0 1 10 1 1 1 1
2 2 2 2 2 2 2 2 0 0 2 2 2 2 2 2 2 2 1 2 0 1 2 2 1 1 1 1 1 1 1 1 10 0 1 1
2 2 2 2 2 2 2 2 0 0 2 2 2 2 2 2 2 2 2 2 1 0 2 1 1 1 1 1 1 1 1 1 0 10 1 1
2 2 2 2 2 2 2 2 2 2 0 0 2 2 2 2 2 2 2 1 2 2 0 1 1 1 1 1 1 1 1 1 1 1 10 0
2 2 2 2 2 2 2 2 2 2 0 0 2 2 2 2 2 2 2 2 2 1 1 0 1 1 1 1 1 1 1 1 1 1 0 10
0 2
0 3
0 4
0 5
0 6
0 7
0 8
0 9
0 10
0 11
1 2
1 3
1 4
1 5
1 6
1 7
1 8
1 9
1 10
1 11
2 4
2 5
2 6
2 7
2 8
2 9
2 10
2 11
3 4
3 5
3 6
3 7
3 8
3 9
3 10
3 11
4 6
4 7
4 8
4 9
4 10
4 11
5 6
5 7
5 8
5 9
5 10
5 11
6 8
6 9
6 10
6 11
7 8
7 9
7 10
7 11
8 10
8 11
9 10
9 11
0 2
0 3
0 4
0 5
0 6
0 7
0 8
0 9
0 10
0 11
1 2
1 3
1 4
1 5
1 6
1 7
1 8
1 9
1 10
1 11
2 4
2 5
2 6
2 7
2 8
2 9
2 10
2 11
3 4
3 5
3 6
3 7
3 8
3 9
3 10
3 11
4 6
4 7
4 8
4 9
4 10
4 11
5 6
5 7
5 8
5 9
5 10
5 11
6 7
6 9
6 10
6 11
7 8
7 9
7 11
8 9
8 10
8 11
9 10
10 11
0 1
0 3
0 4
0 5
0 6
0 7
0 8
0 9
0 10
0 11
1 2
1 3
1 5
1 6
1 7
1 8
1 9
1 10
1 11
2 3
2 4
2 5
2 6
2 7
2 8
2 9
2 10
2 11
3 4
3 5
3 7
3 8
3 9
3 10
3 11
4 5
4 6
4 7
4 8
4 9
4 10
4 11
5 6
5 8
5 9
5 10
5 11
6 7
6 8
6 9
6 10
6 11
7 8
7 9
7 10
7 11
8 10
8 11
9 10
9 11
600439174214713222 9216
54 56 34 15 21 0 28 36 55 45 44 46 51 59 2 35 39 31 30 23 52 17 58 9 18 42 4 37 53 27 33 12 48 19 38 6 5 49 10 24 41 1 26 32 7 8 13 22 47 57 11 14 3 40 25 16 20 50 43 29
33 36 5 28 43 44 57 22 21 53 50 34 31 25 54 48 47 46 16 4 32 51 12 41 23 58 37 15 10 14 40 59 3 45 7 52 27 56 26 55 42 49 39 17 8 6 24 18 9 0 30 29 11 19 1 2 38 35 13 20
54 56 34 15 0 35 28 36 55 45 44 46 51 59 2 21 39 31 30 23 52 17 58 9 18 42 4 37 53 27 33 12 48 41 38 6 5 49 24 10 19 1 26 32 7 8 13 22 47 57 11 14 3 40 25 16 20 50 43 29
38 36 5 33 43 44 57 22 29 53 35 34 31 25 54 48 47 46 16 4 32 51 12 41 50 58 23 15 10 14 40 7 3 45 59 52 27 56 26 55 42 49 39 17 1 6 24 18 9 0 30 2 11 19 8 21 28 37 13 20
2468249807927178144 9216
37 26 57 22 46 9 7 31 55 33 39 6 30 43 59 29 48 18 27 38 24 54 51 56 8 44 13 5 52 17 53 2 1 49 14 47 11 25 15 19 0 50 12 58 40 34 32 4 10 3 28 23 35 42 41 16 45 21 36 20
31 18 14 58 24 33 51 36 35 30 45 54 27 25 52 59 34 29 38 22 32 11 20 2 44 9 47 15 46 43 7 41 23 5 53 48 8 56 26 49 13 3 57 10 4 50 6 39 37 40 16 42 12 17 1 19 28 0 21 55
37 26 57 22 46 9 7 31 55 33 39 6 30 43 59 29 48 18 27 38 24 54 51 56 8 44 13 5 52 17 53 2 1 49 14 47 11 25 15 19 0 50 12 58 40 34 32 4 10 3 28 23 35 42 41 16 45 21 36 20
52 18 14 58 24 33 51 36 35 30 45 54 27 25 31 59 34 29 38 22 32 11 20 2 44 9 47 15 46 43 7 41 23 5 53 48 8 56 26 49 13 3 57 10 4 50 6 39 37 40 16 42 12 17 1 19 28 0 21 55
13984283874018357212 9216
54 50 23 30 34 38 41 10 21 49 47 53 59 33 29 56 37 20 25 42 7 48 17 12 18 4 44 43 11 16 9 3 46 51 2 52 6 35 22 32 39 26 58 27 5 57 15 28 0 13 36 24 45 31 55 14 19 1 8 40
13 25 57 41 43 29 33 54 49 37 38 42 53 52 26 34 55 47 3 24 51 44 58 4 23 35 14 1 45 27 30 59 2 8 15 5 17 7 11 9 19 36 0 56 50 22 28 16 46 31 6 39 10 20 40 18 21 48 32 12
54 50 23 30 34 38 41 20 21 49 47 53 59 33 29 56 37 10 25 42 7 48 17 12 18 4 44 43 11 16 9 3 46 51 36 52 6 35 22 31 39 26 58 27 5 57 15 0 24 13 2 28 45 32 55 14 19 1 8 40
13 25 57 55 43 29 33 54 49 37 38 42 53 52 26 31 41 47 3 1 51 44 58 4 23 35 14 56 45 18 30 59 2 8 15 5 20 7 11 9 19 36 0 24 50 22 28 16 46 34 6 39 10 17 40 27 21 48 32 12
1023698544411658640 9216
59 31 10 45 54 39 50 42 32 23 55 14 20 53 46 44 27 19 28 36 56 22 38 35 58 37 5 13 17 57 2 40 43 41 49 3 52 9 30 4 48 34 18 11 1 26 51 8 47 7 21 33 25 15 6 0 12 16 29 24
42 59 52 19 15 49 28 50 54 3 8 46 58 31 25 41 55 1 13 23 10 39 57 38 45 27 37 32 47 7 30 6 17 35 24 43 29 33 12 9 2 53 51 56 21 14 16 48 5 40 22 0 18 26 44 11 4 20 34 36
59 31 10 49 54 39 46 42 32 23 55 14 20 53 50 44 27 47 28 36 56 22 38 35 58 37 5 13 17 57 2 40 43 41 45 4 24 9 51 3 48 34 18 19 1 26 15 8 29 7 21 33 25 11 6 0 12 16 30 52
13 59 52 19 43 49 28 12 54 3 5 46 56 31 58 41 55 1 42 23 10 39 57 38 45 27 37 32 47 7 30 6 17 35 24 15 29 11 25 51 2 53 9 50 21 14 16 48 8 40 22 0 18 26 44 33 4 20 34 36
669510987564312361 9216
52 38 50 53 8 45 27 22 29 28 51 19 31 32 25 24 46 36 48 40 23 56 12 2 13 47 7 49 9 58 37 44 5 18 4 39 35 42 26 55 17 16 33 59 6 14 20 15 34 10 57 3 41 1 11 0 54 30 21 43
55 21 56 11 59 42 46 40 32 48 37 43 51 54 6 16 1 29 22 25 49 3 34 15 26 4 36 17 30 41 8 18 57 13 44 5 10 9 47 33 23 7 53 24 50 27 31 39 35 45 28 52 58 2 38 19 0 12 14 20
52 38 50 53 8 45 27 22 29 28 51 19 31 32 25 24 46 36 48 40 23 56 12 2 13 47 7 49 9 58 37 44 5 18 4 39 35 42 26 55 17 16 33 59 6 14 20 15 34 10 57 3 41 1 11 0 54 30 21 43
55 21 56 11 59 42 46 40 32 48 37 43 51 54 6 16 1 29 22 25 49 3 34 15 26 4 36 17 30 41 8 18 57 13 44 5 10 9 47 33 23 7 53 24 50 27 31 39 35 45 28 52 58 2 38 19 0 12 14 20
4450795679176560249 9216
46 56 51 10 33 55 28 37 43 27 35 54 58 32 53 14 4 21 36 40 48 50 38 13 7 12 9 11 6 49 3 45 23 31 16 39 29 20 15 19 25 5 0 57 34 8 17 52 41 59 18 22 26 30 1 2 47 44 24 42
59 52 28 58 4 29 55 57 22 37 43 7 26 53 31 27 45 51 30 32 49 0 20 33 54 47 13 35 46 38 41 16 12 17 1 21 8 6 34 23 14 48 25 10 36 19 42 9 50 3 15 44 2 18 39 56 24 11 40 5
46 56 51 10 33 55 28 37 43 27 35 54 58 32 53 14 4 21 36 40 48 50 38 13 7 12 9 11 6 49 3 45 23 31 16 39 29 20 15 19 25 5 0 57 34 8 17 52 41 59 18 22 26 30 1 2 47 44 24 42
59 52 28 58 4 29 55 57 22 37 43 7 26 53 31 27 45 51 30 32 49 0 20 33 54 47 13 35 46 38 41 16 12 17 1 21 8 6 34 23 14 48 25 10 36 19 42 9 50 3 15 44 2 18 39 56 24 11 40 5
13102200174907059230 9216
9 37 24 58 56 29 34 30 48 36 47 53 50 4 21 28 54 59 32 11 19 18 55 39 38 43 49 42 26 44 41 14 3 8 7 16 31 57 15 22 1 45 17 35 51 5 10 52 2 13 20 0 25 6 27 40 46 33 12 23
48 51 54 31 27 16 39 55 28 6 11 25 29 23 41 56 42 8 21 50 20 47 37 46 9 26 17 44 15 33 53 58 52 12 2 35 0 5 34 49 59 22 57 38 10 36 3 7 45 1 13 32 40 18 24 19 4 14 30 43
9 37 24 58 56 29 34 30 48 36 47 53 50 4 21 28 54 59 32 11 19 18 55 39 38 43 49 42 26 44 41 14 3 8 7 16 31 57 15 22 1 45 17 35 51 5 10 52 2 13 20 0 25 6 27 40 46 33 12 23
48 51 54 31 27 16 39 55 28 6 11 25 29 23 41 56 42 8 21 50 20 47 37 46 9 26 17 44 15 33 53 58 52 12 2 35 0 5 34 49 59 22 57 38 10 36 3 7 45 1 13 32 40 18 24 19 4 14 30 43
13069372136923729993 9216
42 40 34 17 45 22 27 50 52 23 39 54 57 26 21 11 49 46 36 38 53 37 35 6 59 8 3 16 7 4 9 13 20 48 55 44 32 41 43 15 0 14 56 1 31 24 30 51 18 25 19 5 2 47 58 33 10 29 12 28
58 16 57 26 31 38 30 14 39 42 47 6 54 25 18 45 35 29 27 11 0 56 12 46 36 20 49 52 50 15 37 51 55 33 3 40 19 7 22 34 43 53 4 32 9 41 5 21 44 8 24 59 17 10 28 23 13 2 1 48
42 40 34 17 45 22 27 50 52 23 39 54 57 26 21 11 49 46 36 38 53 37 35 6 59 8 3 16 7 4 9 13 20 48 55 44 32 41 43 15 0 14 56 1 31 24 30 51 18 25 19 5 2 47 58 33 10 29 12 28
58 16 57 26 31 38 30 14 39 42 47 6 54 25 18 45 35 29 27 11 0 56 12 46 36 20 49 52 50 15 37 51 55 33 3 19 40 7 22 34 43 53 4 32 9 41 5 21 44 8 24 59 17 10 28 23 13 2 1 48
1820618076660077249 9216
24 12 0 58 57 41 43 48 33 28 55 35 51 37 18 21 50 38 44 31 11 42 40 3 54 49 4 15 53 6 45 59 14 52 5 46 56 16 8 34 25 47 23 32 19 26 17 36 1 9 30 7 10 2 39 22 29 20 27 13
46 52 58 32 28 17 19 45 14 48 43 44 25 1 27 38 37 54 13 57 56 18 49 22 11 40 53 39 51 55 8 6 3 20 2 16 23 33 12 0 31 5 15 7 50 42 36 10 41 24 9 35 59 34 21 30 26 4 47 29
24 12 0 58 57 41 43 48 33 9 38 36 51 5 18 25 26 35 44 31 11 42 40 7 54 21 4 15 53 6 45 47 59 52 37 46 49 16 8 34 56 19 23 32 14 50 27 55 3 20 30 1 10 2 29 22 39 28 17 13
46 52 58 32 28 17 19 45 14 48 12 44 25 1 27 38 37 36 47 57 56 41 49 22 11 8 53 39 51 54 40 6 3 55 2 16 5 33 43 0 31 23 15 7 50 20 42 10 18 24 9 35 59 34 21 30 26 4 29 13
17287989860911873199 9216
15 2 52 35 56 49 29 26 22 42 59 43 12 50 44 33 4 21 39 23 11 5 25 36 47 55 46 38 14 16 40 57 54 37 30 45 0 3 17 34 9 24 31 27 10 7 53 51 58 13 19 1 41 6 20 18 32 8 48 28
31 57 41 52 21 11 26 53 46 49 12 24 47 9 34 6 30 40 25 36 59 39 54 58 18 35 48 5 45 8 7 16 3 51 37 14 56 4 42 1 23 32 17 38 55 50 29 22 20 19 2 44 33 27 10 15 13 28 0 43
15 2 52 35 56 49 29 26 22 42 59 43 12 50 44 33 4 47 39 23 11 5 0 36 21 55 46 38 14 16 40 57 54 37 30 45 25 3 17 34 9 24 31 27 10 7 53 51 58 13 19 1 41 6 20 18 32 8 48 28
31 57 41 52 21 11 26 53 46 49 12 24 47 6 34 9 30 40 25 36 59 39 54 58 18 35 48 5 45 8 7 16 3 51 37 14 56 4 42 1 23 32 17 38 55 50 29 22 20 19 2 44 33 27 15 10 13 28 0 43
18292888099936130197 9216
5 16 43 49 41 28 34 24 42 22 47 55 56 58 21 54 37 20 33 30 50 51 45 18 38 19 53 2 9 52 35 36 29 46 14 39 11 27 17 4 25 15 7 6 59 31 12 10 23 40 57 8 13 3 26 32 0 44 1 48
32 46 49 33 10 6 41 35 31 47 57 8 59 23 40 19 29 51 22 44 15 2 12 45 26 30 36 16 50 13 39 58 5 11 20 52 54 3 25 55 0 24 34 38 42 17 53 48 56 4 14 21 18 27 7 28 37 1 43 9
5 16 43 49 41 28 34 25 33 22 29 55 56 58 21 54 37 20 42 30 50 51 45 18 38 19 53 2 9 52 35 36 47 46 14 39 11 27 17 4 24 15 7 6 59 31 12 10 23 40 57 8 13 3 26 32 0 44 1 48
32 46 25 33 31 4 41 35 14 47 57 3 53 23 40 38 29 51 22 44 15 2 49 45 26 30 36 16 50 13 39 58 5 0 20 52 54 12 8 55 11 24 34 56 42 17 59 48 18 6 10 21 27 19 7 28 37 1 43 9
7634469388847239252 9216
30 53 44 56 25 40 34 20 54 14 45 50 55 27 46 47 58 35 28 23 18 43 38 52 19 49 59 6 2 1 41 4 57 13 42 26 11 51 0 48 7 15 17 9 16 8 22 39 37 31 24 3 29 10 12 33 5 36 21 32
38 39 13 14 45 22 59 30 6 33 50 43 29 49 2 34 20 5 48 51 32 57 53 8 42 18 12 24 46 58 26 55 4 56 10 37 9 40 17 23 47 25 52 31 27 36 7 1 11 21 41 16 54 15 44 0 28 3 19 35
30 53 44 56 25 40 34 20 54 14 39 50 55 27 46 47 58 35 28 23 18 43 38 52 19 49 59 2 4 31 41 6 57 13 42 26 11 51 0 48 7 16 17 9 15 8 22 45 37 1 24 3 29 10 12 33 5 36 21 32
38 39 4 14 45 22 59 34 6 33 50 2 29 49 43 19 20 5 24 51 32 57 53 8 42 18 12 52 55 58 26 46 13 56 10 48 9 40 17 25 47 23 37 31 27 36 7 1 11 21 41 16 54 0 44 15 28 3 30 35
263018188423679467 9216
48 43 39 52 28 44 59 26 45 20 41 16 49 17 29 32 51 5 23 40 8 55 50 13 2 19 0 31 56 37 34 9 21 36 4 7 25 57 10 54 11 30 27 22 1 3 58 14 6 18 12 47 15 33 38 46 35 53 42 24
59 48 19 24 46 58 29 42 37 17 51 45 21 50 44 2 52 11 28 31 49 30 8 15 54 35 43 16 41 0 14 33 18 39 53 3 55 12 32 26 56 5 7 38 40 27 13 34 10 20 23 6 9 57 4 25 22 36 1 47
48 43 39 52 28 44 59 26 45 20 41 16 49 17 29 32 51 5 23 40 8 55 50 13 2 19 0 31 56 37 34 9 21 36 4 7 25 57 10 54 11 30 27 22 1 3 58 14 6 18 12 47 15 33 38 46 35 53 42 24
59 48 19 24 46 58 29 42 37 17 51 45 21 50 44 2 52 11 28 31 49 30 8 15 54 35 43 16 41 0 14 33 18 39 53 3 55 12 32 26 56 5 7 38 40 27 13 34 10 20 23 6 9 57 4 25 22 36 1 47
12533290191296547713 9216
44 52 26 11 27 50 58 28 39 31 41 45 48 34 32 55 3 46 14 20 7 15 49 2 42 54 35 8 51 5 1 13 59 18 4 38 19 33 10 6 56 29 25 9 57 22 53 36 40 12 47 43 37 21 24 17 0 16 30 23
34 40 53 49 21 51 31 8 43 12 47 54 9 38 44 26 50 22 55 32 46 48 58 15 29 13 52 39 20 59 37 16 3 1 24 42 56 4 45 30 11 10 14 33 2 17 19 5 18 27 7 6 25 41 0 28 36 23 35 57
44 52 26 11 27 50 58 28 39 31 41 45 48 34 32 55 3 46 14 20 7 15 49 2 42 54 35 8 51 1 5 13 59 18 4 38 19 33 10 6 56 29 25 9 57 22 53 36 40 12 47 43 37 21 24 17 0 16 30 23
34 40 53 51 21 43 31 8 49 12 47 54 9 38 44 26 50 22 55 32 46 48 17 15 29 13 52 39 20 59 37 16 3 1 24 42 56 4 45 30 11 10 14 33 2 58 19 5 18 27 7 6 25 41 0 28 36 23 35 57
1626726846960908350 9216
13 58 27 41 36 56 31 8 52 29 51 42 22 24 37 44 33 34 57 23 7 50 45 35 10 38 3 40 9 54 28 20 46 6 49 16 43 26 14 15 55 18 25 17 5 30 11 32 59 19 0 1 2 47 12 4 48 39 21 53
55 48 33 31 58 44 35 41 10 49 39 52 13 34 57 40 27 30 42 6 43 8 11 12 45 14 36 22 54 16 3 59 0 19 21 2 25 38 23 51 5 29 37 26 50 46 15 7 20 4 53 56 1 24 32 18 9 47 17 28
13 58 27 41 36 56 31 8 52 29 48 42 22 24 37 32 33 34 57 23 7 50 45 35 10 38 3 40 9 54 28 20 46 6 49 16 43 26 14 15 55 18 25 17 5 30 11 44 59 19 0 1 2 47 12 4 51 39 21 53
55 48 33 31 58 44 35 41 10 49 39 52 13 34 57 40 27 30 42 6 43 8 11 12 45 14 36 22 54 16 3 59 0 19 21 2 25 38 23 51 5 29 37 26 50 46 15 7 20 4 53 56 9 24 32 18 1 47 17 28
1586515685607051640 9216
12 43 57 27 58 20 0 46 39 4 33 40 50 37 35 44 47 22 23 55 9 52 3 59 2 16 42 48 1 30 41 38 51 7 13 18 56 25 10 15 49 5 8 19 53 26 32 45 17 54 11 21 31 29 6 14 34 24 36 28
34 42 56 36 31 39 50 44 14 43 45 52 51 19 58 27 1 16 48 37 49 59 38 2 54 47 17 6 24 53 11 8 46 41 7 12 10 3 55 40 30 32 5 15 0 33 9 22 25 23 35 57 18 13 29 26 20 28 21 4
12 43 57 27 58 20 0 46 39 4 33 40 50 37 35 44 47 22 23 55 9 52 3 59 2 16 42 48 1 30 41 38 51 7 13 18 56 25 10 15 49 5 8 19 53 26 32 45 17 54 11 21 31 29 6 14 34 24 36 28
34 42 56 36 31 39 50 44 14 43 45 52 51 19 58 27 1 16 48 37 49 59 38 2 54 47 17 6 24 53 11 8 46 41 7 12 10 3 55 40 30 32 5 15 0 33 9 22 25 23 35 57 18 13 29 26 20 28 21 4
