FACTOR_PERMUTATION_V1 12 16 1024 1 3.25
10 0 1 1 1 1 1 1 1 1 1 1 1 0 2 2 2 2 1 2 2 2 2 2 1 0 2 2 2 2 1 2 2 2 2 2
0 10 1 1 1 1 1 1 1 1 1 1 0 1 2 2 2 2 2 1 2 2 2 2 0 1 2 2 2 2 2 1 2 2 2 2
1 1 10 0 1 1 1 1 1 1 1 1 2 2 1 0 2 2 2 2 1 2 2 2 2 2 1 0 2 2 2 2 1 2 2 2
1 1 0 10 1 1 1 1 1 1 1 1 2 2 0 1 2 2 2 2 2 1 2 2 2 2 0 1 2 2 2 2 2 1 2 2
1 1 1 1 10 0 1 1 1 1 1 1 2 2 2 2 1 0 2 2 2 2 1 2 2 2 2 2 1 0 2 2 2 2 1 2
1 1 1 1 0 10 1 1 1 1 1 1 2 2 2 2 0 1 2 2 2 2 2 1 2 2 2 2 0 1 2 2 2 2 2 1
1 1 1 1 1 1 10 0 1 1 1 1 1 2 2 2 2 2 1 0 2 2 2 2 1 2 2 2 2 2 1 0 2 2 2 2
1 1 1 1 1 1 0 10 1 1 1 1 2 1 2 2 2 2 0 1 2 2 2 2 2 1 2 2 2 2 0 1 2 2 2 2
1 1 1 1 1 1 1 1 10 0 1 1 2 2 1 2 2 2 2 2 1 0 2 2 2 2 1 2 2 2 2 2 1 0 2 2
1 1 1 1 1 1 1 1 0 10 1 1 2 2 2 1 2 2 2 2 0 1 2 2 2 2 2 1 2 2 2 2 0 1 2 2
1 1 1 1 1 1 1 1 1 1 10 0 2 2 2 2 1 2 2 2 2 2 1 0 2 2 2 2 1 2 2 2 2 2 1 0
1 1 1 1 1 1 1 1 1 1 0 10 2 2 2 2 2 1 2 2 2 2 0 1 2 2 2 2 2 1 2 2 2 2 0 1
1 0 2 2 2 2 1 2 2 2 2 2 10 0 1 1 1 1 1 1 1 1 1 1 1 2 2 2 2 2 1 0 2 2 2 2
0 1 2 2 2 2 2 1 2 2 2 2 0 10 1 1 1 1 1 1 1 1 1 1 2 1 2 2 2 2 0 1 2 2 2 2
2 2 1 0 2 2 2 2 1 2 2 2 1 1 10 0 1 1 1 1 1 1 1 1 2 2 1 2 2 2 2 2 1 0 2 2
2 2 0 1 2 2 2 2 2 1 2 2 1 1 0 10 1 1 1 1 1 1 1 1 2 2 2 1 2 2 2 2 0 1 2 2
2 2 2 2 1 0 2 2 2 2 1 2 1 1 1 1 10 0 1 1 1 1 1 1 2 2 2 2 1 2 2 2 2 2 1 0
2 2 2 2 0 1 2 2 2 2 2 1 1 1 1 1 0 10 1 1 1 1 1 1 2 2 2 2 2 1 2 2 2 2 0 1
1 2 2 2 2 2 1 0 2 2 2 2 1 1 1 1 1 1 10 0 1 1 1 1 1 0 2 2 2 2 1 2 2 2 2 2
2 1 2 2 2 2 0 1 2 2 2 2 1 1 1 1 1 1 0 10 1 1 1 1 0 1 2 2 2 2 2 1 2 2 2 2
2 2 1 2 2 2 2 2 1 0 2 2 1 1 1 1 1 1 1 1 10 0 1 1 2 2 1 0 2 2 2 2 1 2 2 2
2 2 2 1 2 2 2 2 0 1 2 2 1 1 1 1 1 1 1 1 0 10 1 1 2 2 0 1 2 2 2 2 2 1 2 2
2 2 2 2 1 2 2 2 2 2 1 0 1 1 1 1 1 1 1 1 1 1 10 0 2 2 2 2 1 0 2 2 2 2 1 2
2 2 2 2 2 1 2 2 2 2 0 1 1 1 1 1 1 1 1 1 1 1 0 10 2 2 2 2 0 1 2 2 2 2 2 1
1 0 2 2 2 2 1 2 2 2 2 2 1 2 2 2 2 2 1 0 2 2 2 2 10 0 1 1 1 1 1 1 1 1 1 1
0 1 2 2 2 2 2 1 2 2 2 2 2 1 2 2 2 2 0 1 2 2 2 2 0 10 1 1 1 1 1 1 1 1 1 1
2 2 1 0 2 2 2 2 1 2 2 2 2 2 1 2 2 2 2 2 1 0 2 2 1 1 10 0 1 1 1 1 1 1 1 1
2 2 0 1 2 2 2 2 2 1 2 2 2 2 2 1 2 2 2 2 0 1 2 2 1 1 0 10 1 1 1 1 1 1 1 1
2 2 2 2 1 0 2 2 2 2 1 2 2 2 2 2 1 2 2 2 2 2 1 0 1 1 1 1 10 0 1 1 1 1 1 1
2 2 2 2 0 1 2 2 2 2 2 1 2 2 2 2 2 1 2 2 2 2 0 1 1 1 1 1 0 10 1 1 1 1 1 1
1 2 2 2 2 2 1 0 2 2 2 2 1 0 2 2 2 2 1 2 2 2 2 2 1 1 1 1 1 1 10 0 1 1 1 1
2 1 2 2 2 2 0 1 2 2 2 2 0 1 2 2 2 2 2 1 2 2 2 2 1 1 1 1 1 1 0 10 1 1 1 1
2 2 1 2 2 2 2 2 1 0 2 2 2 2 1 0 2 2 2 2 1 2 2 2 1 1 1 1 1 1 1 1 10 0 1 1
2 2 2 1 2 2 2 2 0 1 2 2 2 2 0 1 2 2 2 2 2 1 2 2 1 1 1 1 1 1 1 1 0 10 1 1
2 2 2 2 1 2 2 2 2 2 1 0 2 2 2 2 1 0 2 2 2 2 1 2 1 1 1 1 1 1 1 1 1 1 10 0
2 2 2 2 2 1 2 2 2 2 0 1 2 2 2 2 0 1 2 2 2 2 2 1 1 1 1 1 1 1 1 1 1 1 0 10
0 2
0 3
0 4
0 5
0 6
0 7
0 8
0 9
0 10
0 11
1 2
1 3
1 4
1 5
1 6
1 7
1 8
1 9
1 10
1 11
2 4
2 5
2 6
2 7
2 8
2 9
2 10
2 11
3 4
3 5
3 6
3 7
3 8
3 9
3 10
3 11
4 6
4 7
4 8
4 9
4 10
4 11
5 6
5 7
5 8
5 9
5 10
5 11
6 8
6 9
6 10
6 11
7 8
7 9
7 10
7 11
8 10
8 11
9 10
9 11
0 2
0 3
0 4
0 5
0 6
0 7
0 8
0 9
0 10
0 11
1 2
1 3
1 4
1 5
1 6
1 7
1 8
1 9
1 10
1 11
2 4
2 5
2 6
2 7
2 8
2 9
2 10
2 11
3 4
3 5
3 6
3 7
3 8
3 9
3 10
3 11
4 6
4 7
4 8
4 9
4 10
4 11
5 6
5 7
5 8
5 9
5 10
5 11
6 8
6 9
6 10
6 11
7 8
7 9
7 10
7 11
8 10
8 11
9 10
9 11
0 2
0 3
0 4
0 5
0 6
0 7
0 8
0 9
0 10
0 11
1 2
1 3
1 4
1 5
1 6
1 7
1 8
1 9
1 10
1 11
2 4
2 5
2 6
2 7
2 8
2 9
2 10
2 11
3 4
3 5
3 6
3 7
3 8
3 9
3 10
3 11
4 6
4 7
4 8
4 9
4 10
4 11
5 6
5 7
5 8
5 9
5 10
5 11
6 8
6 9
6 10
6 11
7 8
7 9
7 10
7 11
8 10
8 11
9 10
9 11
14875271919187675384 2048
51 38 50 1 46 43 41 23 52 30 45 55 8 25 56 57 48 42 39 12 33 58 6 2 10 34 15 47 32 44 37 16 3 40 53 14 27 9 22 17 21 0 5 29 19 59 18 54 28 20 4 49 26 7 35 24 13 31 11 36
9 6 56 27 24 11 43 45 40 53 55 41 4 46 10 23 54 39 32 17 12 49 47 18 37 8 33 14 30 7 25 51 58 15 50 20 48 34 16 29 5 26 31 22 35 21 19 52 2 36 13 59 28 57 38 3 44 42 0 1
51 38 50 1 46 43 41 23 52 30 45 55 8 25 56 57 48 42 39 0 33 58 6 12 5 34 15 47 32 44 37 11 3 40 53 14 19 9 22 17 21 2 10 29 27 59 18 54 28 20 4 49 26 7 35 24 13 31 16 36
3 6 56 27 24 11 43 45 40 53 55 51 49 46 10 21 31 39 32 22 12 4 47 18 37 8 33 14 30 9 25 41 58 15 50 20 48 34 16 29 5 26 54 17 35 23 19 52 2 36 13 59 28 57 38 7 44 42 0 1
12164227652107239575 2048
28 46 7 24 44 59 11 37 23 42 3 20 22 1 17 50 34 27 51 52 6 8 54 47 48 4 25 33 55 49 0 5 43 40 9 30 29 26 41 57 13 16 19 32 18 21 14 53 31 45 38 36 15 10 56 39 2 35 58 12
8 52 49 5 59 44 34 29 10 33 3 25 54 56 40 22 37 51 1 48 18 58 35 41 47 26 4 15 57 38 2 43 50 7 55 36 21 9 30 31 32 53 12 17 0 11 24 42 27 28 45 6 39 46 20 19 14 13 16 23
37 46 3 56 44 20 53 4 17 35 48 38 49 13 40 23 52 54 41 1 15 43 57 59 14 9 34 25 55 22 58 47 29 19 5 50 42 26 27 32 39 16 8 7 51 18 21 0 31 45 11 36 2 30 6 10 33 28 24 12
17 52 21 43 59 31 34 28 9 20 50 45 25 56 26 38 55 11 32 51 53 1 18 3 41 57 49 58 40 54 12 0 36 8 42 35 15 19 30 7 5 24 10 48 33 4 22 6 27 37 29 44 16 46 39 47 13 2 14 23
2827434984757998010 2048
50 28 22 56 24 39 43 2 20 58 47 59 30 35 9 40 52 14 21 16 4 0 8 15 17 45 26 37 5 10 7 46 41 55 18 48 57 44 13 19 32 31 54 11 38 42 49 53 25 12 29 36 34 23 3 27 51 33 6 1
50 13 24 26 41 44 39 46 36 43 32 40 52 42 23 25 47 33 58 38 3 49 1 53 54 12 15 27 48 8 59 51 45 21 57 18 17 31 29 35 7 55 56 14 37 5 19 30 11 22 20 16 2 9 10 6 28 0 4 34
33 1 22 56 24 39 43 2 57 54 20 36 51 35 27 40 50 45 52 16 4 59 47 15 17 14 26 37 5 10 7 46 41 55 18 48 32 44 13 19 28 31 58 11 38 30 49 53 25 12 29 6 34 0 3 42 9 21 23 8
50 29 26 24 41 44 43 9 7 33 30 40 52 18 23 25 47 39 58 38 49 3 32 19 54 20 15 6 48 34 59 2 17 21 57 4 45 31 8 35 1 55 56 0 37 5 53 36 16 22 12 11 51 46 10 27 28 14 42 13
4443312762573142182 2048
26 34 35 57 1 5 22 54 52 39 43 59 38 27 14 2 30 51 28 25 53 8 20 33 37 19 4 6 48 32 41 58 9 15 46 23 13 44 7 31 0 36 24 50 11 17 56 10 18 29 16 45 3 42 12 55 49 47 40 21
22 57 17 16 41 25 37 46 34 26 42 31 14 18 58 45 38 27 52 2 56 0 12 47 19 7 24 30 3 53 4 15 44 28 36 59 33 40 35 21 54 5 51 49 1 48 9 43 55 50 10 6 8 32 29 20 13 23 39 11
35 47 40 46 38 52 58 5 24 49 13 2 48 32 21 31 39 51 45 26 19 54 12 7 20 8 42 3 28 22 56 18 27 11 33 53 4 25 50 23 16 0 30 29 14 36 10 59 9 17 34 37 15 1 57 41 43 6 55 44
43 7 50 31 11 39 36 57 46 55 56 13 35 51 24 21 0 18 28 12 20 58 32 26 9 4 49 17 48 42 59 19 54 37 15 38 53 41 44 3 10 30 40 5 27 33 6 16 34 45 47 8 29 2 1 25 14 52 22 23
10362773241480214651 2048
25 9 31 24 43 40 0 41 28 44 14 36 59 23 33 56 29 21 51 2 39 37 20 8 50 13 55 22 15 32 19 53 46 18 17 6 49 38 27 35 11 26 48 10 45 58 1 42 16 57 7 54 52 47 3 34 30 12 4 5
41 44 5 31 48 0 47 25 24 23 2 36 52 10 35 59 42 50 34 4 3 53 6 22 55 15 45 21 27 7 56 46 11 32 12 18 39 13 33 19 14 9 57 40 49 8 43 16 26 37 29 30 38 51 1 17 54 28 58 20
11 9 31 54 47 24 25 43 7 44 8 36 17 35 33 59 42 21 23 46 39 53 57 29 50 13 6 37 4 32 19 40 56 22 1 16 49 0 14 27 38 51 48 10 55 58 45 2 18 20 28 26 52 41 3 15 30 5 34 12
41 44 55 31 19 10 2 25 58 38 20 36 15 21 35 32 40 22 47 17 6 18 53 4 13 52 45 26 27 7 56 23 51 3 12 5 24 42 33 50 14 9 34 57 49 8 43 48 0 37 16 30 46 11 1 39 54 28 59 29
231780421986300367 2048
7 13 29 5 46 30 41 43 57 10 40 51 14 15 58 44 2 25 34 22 56 33 27 1 36 49 55 42 28 17 38 47 54 4 21 24 35 23 0 18 48 59 8 31 32 9 50 26 6 37 11 45 16 12 53 39 20 52 3 19
47 37 19 21 28 24 31 20 18 3 17 45 57 34 30 43 26 36 14 54 55 5 13 10 41 29 56 49 0 16 6 7 42 40 51 12 50 35 11 53 25 38 27 33 46 4 1 48 8 44 39 23 2 22 58 32 52 59 15 9
7 50 58 0 46 30 41 43 57 10 40 51 14 15 21 44 2 25 34 22 1 33 27 56 36 49 55 42 28 17 38 6 52 4 29 19 59 23 5 18 48 35 8 31 32 9 13 26 47 37 11 45 16 12 53 39 20 54 3 24
47 40 19 18 28 24 31 20 34 3 32 45 57 39 30 43 26 36 14 54 55 5 13 10 41 29 56 49 0 16 6 58 42 37 51 15 50 35 11 53 25 38 59 33 46 4 1 48 8 44 21 23 2 22 7 17 52 27 12 9
7913080408997620211 2048
21 58 48 33 23 27 55 8 13 28 46 9 7 14 41 45 59 10 20 32 49 51 12 5 36 2 40 17 42 52 16 11 1 50 24 38 56 22 37 35 44 53 47 6 18 26 31 3 29 34 25 30 0 54 39 57 4 19 15 43
12 24 45 54 56 9 46 51 33 14 53 10 22 26 13 29 39 57 30 37 19 49 1 40 0 35 15 4 52 55 18 47 42 28 2 44 25 5 48 31 41 50 36 58 11 16 21 3 23 8 38 59 43 27 7 32 6 34 20 17
23 58 50 32 24 11 8 44 40 55 57 54 56 22 41 45 28 10 29 25 36 6 17 7 46 42 19 34 5 4 38 20 1 59 16 51 9 12 15 35 48 53 18 26 31 52 33 13 43 39 21 30 0 3 47 49 14 27 37 2
13 36 27 54 12 3 21 29 33 30 51 37 24 46 44 11 39 59 55 56 43 0 45 41 40 5 15 4 9 58 47 23 42 19 2 18 28 34 48 26 49 53 32 35 31 50 16 52 10 8 14 25 57 20 7 38 6 1 22 17
7855573605880388810 2048
52 21 1 59 35 27 55 12 25 36 38 50 16 5 58 57 3 33 37 41 2 51 0 34 17 42 46 13 48 54 40 39 10 53 6 44 4 24 31 45 14 26 18 49 29 30 11 7 56 23 32 47 20 15 43 9 19 28 8 22
56 55 51 33 26 8 11 13 46 52 59 57 20 18 41 21 44 28 30 49 10 31 16 12 54 9 4 38 53 32 6 3 58 50 42 17 36 34 47 14 24 15 19 48 43 40 25 0 29 27 5 22 2 45 39 35 7 1 23 37
2 56 54 55 30 58 28 21 24 29 10 42 49 34 59 57 0 38 37 26 13 52 40 5 50 51 17 22 16 6 43 41 18 39 35 3 25 31 9 27 48 11 8 14 12 53 46 7 32 19 45 20 44 1 47 15 23 36 4 33
31 32 27 23 29 40 41 56 47 49 26 8 39 33 36 53 21 14 34 3 51 17 58 12 55 45 4 38 46 42 57 16 15 43 50 20 19 10 48 1 6 5 30 54 7 44 24 11 18 0 13 52 2 9 25 35 28 22 59 37
10730531434671637318 2048
28 54 22 4 25 29 48 41 2 24 36 46 19 32 35 20 38 51 49 30 40 45 44 37 59 8 13 27 55 14 39 12 50 57 3 17 53 6 42 15 18 11 34 7 10 1 43 56 9 16 52 21 58 26 31 47 0 5 33 23
58 53 44 34 5 43 36 24 21 9 59 41 1 31 27 48 15 55 39 38 51 18 40 3 45 28 52 14 32 56 2 29 8 13 33 47 19 17 0 23 11 37 54 57 49 12 4 25 16 42 6 20 30 7 26 22 10 35 50 46
9 56 32 27 39 1 45 13 55 4 41 58 19 21 50 36 14 37 24 29 48 46 20 25 5 8 49 30 22 59 35 44 6 31 43 12 3 54 40 53 18 23 34 15 11 38 33 52 42 26 16 17 28 47 0 7 2 57 51 10
48 44 54 34 55 39 1 27 29 21 37 42 24 43 35 26 36 56 30 13 41 16 45 47 46 53 4 40 52 58 7 25 20 31 17 11 51 28 33 12 8 19 0 23 59 9 14 49 3 18 38 32 22 5 50 57 6 15 10 2
13495484443638922658 2048
59 23 35 46 38 49 26 31 6 30 50 40 25 48 39 10 43 54 32 41 57 37 19 1 56 7 14 12 51 4 45 0 9 20 16 55 8 13 11 27 53 3 33 28 5 18 24 58 15 42 22 44 36 34 47 52 17 21 29 2
49 28 27 5 0 55 32 21 45 36 46 17 30 7 41 38 44 26 43 35 59 1 54 11 51 12 24 8 6 40 18 3 20 42 19 16 25 33 2 58 34 52 23 56 50 9 31 13 47 29 57 39 53 37 22 48 4 10 14 15
59 23 35 12 38 49 18 50 6 30 46 40 25 55 24 10 43 28 32 41 31 3 19 1 56 2 14 0 48 42 33 7 9 20 16 51 8 13 11 27 53 37 45 57 5 26 34 17 15 4 22 44 36 39 47 52 29 21 58 54
58 28 27 1 48 41 32 20 45 36 30 17 23 7 40 46 44 24 43 35 59 54 5 11 51 12 26 56 6 55 8 3 19 42 16 21 25 33 2 49 34 52 38 18 50 9 31 13 47 29 57 39 53 37 22 0 4 10 14 15
9287430769496351972 2048
58 37 21 52 34 16 36 50 38 3 4 44 59 22 57 35 13 29 26 40 24 25 45 51 54 43 47 12 41 9 46 39 48 5 30 19 28 11 53 14 32 49 56 23 7 31 42 0 27 18 15 1 55 2 8 33 20 6 17 10
39 3 23 35 21 58 56 45 7 28 41 48 16 13 34 38 22 8 55 24 36 44 47 31 18 2 26 52 33 9 15 40 0 42 46 14 12 1 51 27 43 49 4 20 37 54 17 32 29 50 53 25 59 19 10 57 30 11 6 5
53 37 26 50 32 35 17 36 57 7 31 34 59 16 12 56 40 9 45 42 2 19 18 39 44 3 54 49 48 25 46 0 51 43 30 15 6 11 55 4 21 20 28 5 23 29 8 41 27 24 14 33 1 47 38 22 52 13 58 10
15 40 57 35 38 37 25 45 22 59 51 30 33 42 27 17 36 8 4 5 1 26 47 43 52 39 58 48 55 2 49 29 56 19 11 6 12 7 9 41 23 14 18 24 13 0 53 32 10 50 34 20 46 44 31 21 3 28 16 54
989872071884862727 2048
53 55 24 12 47 25 26 3 45 11 30 32 17 57 39 5 44 36 27 56 2 46 16 9 51 18 48 13 49 50 10 21 7 41 52 40 34 33 19 22 42 23 43 58 35 0 31 6 8 20 38 4 28 1 14 37 54 29 15 59
45 6 3 11 27 35 15 8 49 26 56 9 10 18 40 31 52 21 36 39 28 4 46 38 17 51 20 12 16 54 2 59 41 43 14 44 25 5 48 57 1 29 33 23 30 24 47 55 19 50 7 32 42 13 0 22 34 37 53 58
2 43 24 59 6 18 21 29 46 39 15 51 49 3 10 44 54 40 20 32 16 42 47 37 0 36 7 14 1 48 41 4 11 13 28 38 34 22 19 58 26 55 56 33 23 12 5 30 50 27 31 53 8 35 57 45 52 9 17 25
13 31 29 57 25 40 2 20 49 55 44 58 56 39 12 16 33 53 22 36 8 43 52 17 9 51 37 27 41 59 42 28 54 21 15 6 35 38 10 14 0 5 19 3 50 1 18 30 24 11 47 26 46 4 23 7 48 32 34 45
7627219690642467968 2048
55 24 31 45 27 25 42 12 34 4 51 47 9 23 18 33 56 28 39 44 43 15 16 38 7 46 54 20 14 2 41 19 13 58 21 5 17 26 40 22 57 6 36 53 52 8 1 50 29 32 48 59 35 3 0 11 10 37 49 30
58 37 43 50 32 24 47 21 34 22 20 53 30 18 41 33 26 48 13 38 25 56 59 54 35 16 9 42 11 44 46 57 3 4 0 36 15 8 49 55 2 17 1 51 28 39 19 52 12 23 7 10 14 31 45 6 5 29 40 27
18 4 31 38 47 9 36 34 17 39 57 3 51 15 25 37 29 11 58 10 27 0 23 28 50 48 2 1 14 6 19 45 42 41 54 56 40 53 35 7 22 24 49 8 33 21 55 13 16 43 32 44 46 26 12 59 52 20 5 30
57 26 31 1 53 10 38 29 43 49 5 47 30 56 16 21 50 25 13 28 9 20 59 40 3 58 18 42 35 52 46 2 32 15 22 14 24 54 7 41 39 8 34 33 19 23 48 17 12 4 51 27 36 55 0 6 45 44 11 37
7582362867259818415 2048
3 43 37 19 45 25 33 6 55 30 54 47 26 2 14 34 20 17 24 39 59 58 41 9 15 29 11 7 50 46 32 51 12 53 0 8 52 44 5 35 49 48 1 21 56 4 23 16 13 36 40 28 31 18 38 27 57 22 42 10
40 51 23 31 20 55 4 10 58 28 53 57 41 19 34 2 29 3 18 25 35 13 0 24 42 36 7 50 8 52 46 49 12 11 16 21 9 33 39 15 37 48 45 6 14 59 22 54 32 56 30 47 26 27 44 17 43 5 1 38
36 42 28 58 27 24 52 26 45 43 50 31 59 29 44 22 14 13 7 39 25 57 19 56 3 21 12 49 40 10 35 41 37 18 6 4 53 9 55 15 48 1 8 33 38 5 0 16 46 2 54 20 34 32 23 11 30 47 17 51
1 48 37 52 32 55 4 18 45 28 53 22 34 44 58 20 13 40 16 9 51 25 10 24 15 42 46 38 7 6 41 21 11 19 39 47 43 17 56 57 27 26 30 12 50 59 29 31 35 0 36 14 8 3 54 33 23 5 2 49
6723005860117397087 2048
37 36 48 34 10 29 46 7 17 19 44 24 58 31 41 6 26 28 22 21 2 23 54 59 57 8 49 12 45 4 52 47 9 18 50 32 1 0 40 51 35 5 15 11 55 27 56 30 33 13 16 42 14 53 20 38 3 25 39 43
46 25 47 31 3 49 20 58 38 32 45 48 16 42 39 17 26 41 34 11 1 27 14 21 51 40 6 15 52 36 28 24 13 7 55 2 19 8 50 5 12 33 56 0 30 43 53 18 35 9 54 22 59 23 29 57 44 37 10 4
36 9 22 53 59 46 12 40 39 3 20 57 47 45 51 2 56 48 34 0 41 8 54 44 25 15 49 17 33 19 28 14 43 58 31 10 23 32 52 50 16 5 11 26 4 27 24 30 18 21 13 38 55 1 7 35 29 42 6 37
35 4 46 31 16 49 38 44 7 20 25 51 34 48 58 17 18 21 1 57 0 14 12 41 54 39 50 8 36 43 28 3 45 55 56 11 27 15 19 32 52 24 47 2 6 26 13 59 22 5 9 53 30 40 29 23 10 37 33 42
1357988620497280026 2048
51 52 33 48 38 29 19 7 24 37 55 40 45 34 46 16 30 27 25 10 21 12 17 56 36 54 58 6 1 43 42 59 50 2 3 9 57 32 5 14 31 49 0 41 8 20 18 15 13 22 28 11 39 23 53 4 47 26 35 44
13 16 5 23 6 41 34 58 44 29 0 33 52 26 18 45 47 50 12 43 10 39 40 15 17 42 9 51 38 19 3 46 22 11 8 37 49 28 59 56 30 36 7 4 48 55 1 27 35 20 21 53 57 54 24 32 25 31 14 2
7 52 27 13 33 29 40 36 1 57 19 2 35 53 46 25 30 58 44 10 12 23 9 56 21 42 45 55 0 34 51 32 16 47 15 50 38 59 5 14 31 49 3 41 8 54 22 6 48 18 20 11 28 26 4 43 17 39 37 24
57 41 34 27 58 28 15 26 43 6 1 32 10 39 19 13 47 50 38 3 52 18 12 9 40 42 5 22 37 0 44 46 51 55 56 53 49 7 33 45 30 36 4 54 48 25 31 17 23 20 21 16 2 11 24 59 8 29 14 35
