FACTOR_PERMUTATION_V1 12 16 1024 1 3.25
10 0 1 1 1 1 1 1 1 1 1 1 1 0 2 2 2 2 1 2 2 2 2 2 1 0 2 2 2 2 1 2 2 2 2 2
0 10 1 1 1 1 1 1 1 1 1 1 0 1 2 2 2 2 2 1 2 2 2 2 0 1 2 2 2 2 2 1 2 2 2 2
1 1 10 0 1 1 1 1 1 1 1 1 2 2 1 0 2 2 2 2 1 2 2 2 2 2 1 0 2 2 2 2 1 2 2 2
1 1 0 10 1 1 1 1 1 1 1 1 2 2 0 1 2 2 2 2 2 1 2 2 2 2 0 1 2 2 2 2 2 1 2 2
1 1 1 1 10 0 1 1 1 1 1 1 2 2 2 2 1 0 2 2 2 2 1 2 2 2 2 2 1 0 2 2 2 2 1 2
1 1 1 1 0 10 1 1 1 1 1 1 2 2 2 2 0 1 2 2 2 2 2 1 2 2 2 2 0 1 2 2 2 2 2 1
1 1 1 1 1 1 10 0 1 1 1 1 1 2 2 2 2 2 1 0 2 2 2 2 1 2 2 2 2 2 1 0 2 2 2 2
1 1 1 1 1 1 0 10 1 1 1 1 2 1 2 2 2 2 0 1 2 2 2 2 2 1 2 2 2 2 0 1 2 2 2 2
1 1 1 1 1 1 1 1 10 0 1 1 2 2 1 2 2 2 2 2 1 0 2 2 2 2 1 2 2 2 2 2 1 0 2 2
1 1 1 1 1 1 1 1 0 10 1 1 2 2 2 1 2 2 2 2 0 1 2 2 2 2 2 1 2 2 2 2 0 1 2 2
1 1 1 1 1 1 1 1 1 1 10 0 2 2 2 2 1 2 2 2 2 2 1 0 2 2 2 2 1 2 2 2 2 2 1 0
1 1 1 1 1 1 1 1 1 1 0 10 2 2 2 2 2 1 2 2 2 2 0 1 2 2 2 2 2 1 2 2 2 2 0 1
1 0 2 2 2 2 1 2 2 2 2 2 10 0 1 1 1 1 1 1 1 1 1 1 1 2 2 2 2 2 1 0 2 2 2 2
0 1 2 2 2 2 2 1 2 2 2 2 0 10 1 1 1 1 1 1 1 1 1 1 2 1 2 2 2 2 0 1 2 2 2 2
2 2 1 0 2 2 2 2 1 2 2 2 1 1 10 0 1 1 1 1 1 1 1 1 2 2 1 2 2 2 2 2 1 0 2 2
2 2 0 1 2 2 2 2 2 1 2 2 1 1 0 10 1 1 1 1 1 1 1 1 2 2 2 1 2 2 2 2 0 1 2 2
2 2 2 2 1 0 2 2 2 2 1 2 1 1 1 1 10 0 1 1 1 1 1 1 2 2 2 2 1 2 2 2 2 2 1 0
2 2 2 2 0 1 2 2 2 2 2 1 1 1 1 1 0 10 1 1 1 1 1 1 2 2 2 2 2 1 2 2 2 2 0 1
1 2 2 2 2 2 1 0 2 2 2 2 1 1 1 1 1 1 10 0 1 1 1 1 1 0 2 2 2 2 1 2 2 2 2 2
2 1 2 2 2 2 0 1 2 2 2 2 1 1 1 1 1 1 0 10 1 1 1 1 0 1 2 2 2 2 2 1 2 2 2 2
2 2 1 2 2 2 2 2 1 0 2 2 1 1 1 1 1 1 1 1 10 0 1 1 2 2 1 0 2 2 2 2 1 2 2 2
2 2 2 1 2 2 2 2 0 1 2 2 1 1 1 1 1 1 1 1 0 10 1 1 2 2 0 1 2 2 2 2 2 1 2 2
2 2 2 2 1 2 2 2 2 2 1 0 1 1 1 1 1 1 1 1 1 1 10 0 2 2 2 2 1 0 2 2 2 2 1 2
2 2 2 2 2 1 2 2 2 2 0 1 1 1 1 1 1 1 1 1 1 1 0 10 2 2 2 2 0 1 2 2 2 2 2 1
1 0 2 2 2 2 1 2 2 2 2 2 1 2 2 2 2 2 1 0 2 2 2 2 10 0 1 1 1 1 1 1 1 1 1 1
0 1 2 2 2 2 2 1 2 2 2 2 2 1 2 2 2 2 0 1 2 2 2 2 0 10 1 1 1 1 1 1 1 1 1 1
2 2 1 0 2 2 2 2 1 2 2 2 2 2 1 2 2 2 2 2 1 0 2 2 1 1 10 0 1 1 1 1 1 1 1 1
2 2 0 1 2 2 2 2 2 1 2 2 2 2 2 1 2 2 2 2 0 1 2 2 1 1 0 10 1 1 1 1 1 1 1 1
2 2 2 2 1 0 2 2 2 2 1 2 2 2 2 2 1 2 2 2 2 2 1 0 1 1 1 1 10 0 1 1 1 1 1 1
2 2 2 2 0 1 2 2 2 2 2 1 2 2 2 2 2 1 2 2 2 2 0 1 1 1 1 1 0 10 1 1 1 1 1 1
1 2 2 2 2 2 1 0 2 2 2 2 1 0 2 2 2 2 1 2 2 2 2 2 1 1 1 1 1 1 10 0 1 1 1 1
2 1 2 2 2 2 0 1 2 2 2 2 0 1 2 2 2 2 2 1 2 2 2 2 1 1 1 1 1 1 0 10 1 1 1 1
2 2 1 2 2 2 2 2 1 0 2 2 2 2 1 0 2 2 2 2 1 2 2 2 1 1 1 1 1 1 1 1 10 0 1 1
2 2 2 1 2 2 2 2 0 1 2 2 2 2 0 1 2 2 2 2 2 1 2 2 1 1 1 1 1 1 1 1 0 10 1 1
2 2 2 2 1 2 2 2 2 2 1 0 2 2 2 2 1 0 2 2 2 2 1 2 1 1 1 1 1 1 1 1 1 1 10 0
2 2 2 2 2 1 2 2 2 2 0 1 2 2 2 2 0 1 2 2 2 2 2 1 1 1 1 1 1 1 1 1 1 1 0 10
0 2
0 3
0 4
0 5
0 6
0 7
0 8
0 9
0 10
0 11
1 2
1 3
1 4
1 5
1 6
1 7
1 8
1 9
1 10
1 11
2 4
2 5
2 6
2 7
2 8
2 9
2 10
2 11
3 4
3 5
3 6
3 7
3 8
3 9
3 10
3 11
4 6
4 7
4 8
4 9
4 10
4 11
5 6
5 7
5 8
5 9
5 10
5 11
6 8
6 9
6 10
6 11
7 8
7 9
7 10
7 11
8 10
8 11
9 10
9 11
0 2
0 3
0 4
0 5
0 6
0 7
0 8
0 9
0 10
0 11
1 2
1 3
1 4
1 5
1 6
1 7
1 8
1 9
1 10
1 11
2 4
2 5
2 6
2 7
2 8
2 9
2 10
2 11
3 4
3 5
3 6
3 7
3 8
3 9
3 10
3 11
4 6
4 7
4 8
4 9
4 10
4 11
5 6
5 7
5 8
5 9
5 10
5 11
6 8
6 9
6 10
6 11
7 8
7 9
7 10
7 11
8 10
8 11
9 10
9 11
0 2
0 3
0 4
0 5
0 6
0 7
0 8
0 9
0 10
0 11
1 2
1 3
1 4
1 5
1 6
1 7
1 8
1 9
1 10
1 11
2 4
2 5
2 6
2 7
2 8
2 9
2 10
2 11
3 4
3 5
3 6
3 7
3 8
3 9
3 10
3 11
4 6
4 7
4 8
4 9
4 10
4 11
5 6
5 7
5 8
5 9
5 10
5 11
6 8
6 9
6 10
6 11
7 8
7 9
7 10
7 11
8 10
8 11
9 10
9 11
5278721887923743136 1024
54 16 14 9 46 0 13 32 33 6 43 18 24 49 44 22 35 57 40 56 5 38 7 2 30 39 11 47 41 48 29 34 4 27 20 17 59 19 52 36 1 21 58 25 50 3 42 53 55 51 10 28 26 15 45 37 8 31 23 12
15 46 44 34 24 40 53 50 13 55 28 30 4 56 38 29 47 10 58 59 48 23 51 45 37 2 12 7 43 9 14 5 16 17 8 39 57 27 26 54 0 19 11 36 49 21 33 52 6 20 25 32 3 41 1 18 35 42 31 22
54 12 14 9 51 0 13 29 33 24 43 18 6 49 44 22 35 57 40 56 5 38 7 2 30 39 11 47 58 48 32 34 4 41 23 17 59 19 31 36 16 21 27 25 50 3 42 53 55 46 10 28 26 15 45 37 8 52 20 1
53 46 44 34 24 40 15 50 13 55 28 30 4 54 38 29 47 10 0 59 48 56 51 45 37 2 12 7 43 9 14 8 35 52 22 39 36 27 26 23 58 19 17 57 49 21 20 11 6 33 25 32 3 41 1 18 16 42 31 5
10321815038447319736 1024
37 46 3 32 44 35 41 50 11 25 40 10 49 13 20 48 52 28 53 31 15 4 57 45 14 9 56 23 17 22 58 47 29 7 5 43 42 26 27 34 39 16 8 55 51 18 21 0 1 59 19 36 2 30 6 38 33 54 24 12
17 52 21 43 59 31 34 28 54 20 50 42 25 56 26 38 55 2 32 37 4 1 18 3 41 57 0 58 9 40 12 49 36 8 45 35 15 19 5 7 30 16 48 10 22 53 11 6 27 51 29 44 24 46 39 47 13 33 14 23
37 46 3 32 42 31 41 27 54 59 8 48 49 13 20 16 52 28 53 33 15 4 57 45 14 9 56 23 35 17 18 47 29 7 2 43 44 26 10 34 39 36 40 55 51 58 24 22 1 25 19 50 5 30 6 38 0 11 21 12
17 52 21 43 59 31 7 28 54 20 50 42 25 56 26 38 55 45 32 37 4 33 18 3 41 57 0 58 9 34 12 15 36 8 2 35 1 27 5 40 30 16 48 10 22 53 11 6 19 51 29 44 24 46 39 47 13 49 14 23
18187964092286060548 1024
54 52 36 26 24 37 21 43 1 28 23 29 51 56 27 46 59 40 11 16 33 38 47 2 14 42 13 39 18 10 32 53 41 9 48 3 50 44 0 15 55 25 6 22 45 4 35 49 34 12 7 5 57 19 58 8 20 31 30 17
51 50 36 25 1 44 10 28 55 12 13 2 32 54 33 4 47 53 22 38 49 6 52 58 41 27 42 30 45 9 46 37 15 40 57 29 24 59 48 26 16 8 39 43 56 5 0 14 35 3 17 20 18 7 21 11 31 23 34 19
54 38 36 5 24 59 21 43 1 18 23 29 51 9 27 45 28 8 39 16 33 58 47 2 14 44 13 40 56 52 17 53 41 26 48 3 4 11 34 15 55 25 32 22 10 7 0 49 50 12 37 35 6 19 46 57 20 31 30 42
51 54 10 32 1 44 23 28 55 12 13 2 17 35 50 49 47 53 24 38 15 5 52 58 41 27 42 7 45 9 46 37 14 19 57 29 56 0 48 26 6 8 39 43 33 16 21 36 30 3 22 20 18 59 40 11 31 25 34 4
15556945475676157430 1024
56 15 40 46 59 53 21 43 49 24 17 2 37 32 58 3 39 51 45 26 19 54 12 29 20 8 42 44 48 33 9 18 35 13 22 52 4 25 50 57 31 7 30 5 14 36 10 38 55 28 6 47 0 34 16 41 1 27 23 11
43 42 50 5 11 39 38 57 46 55 56 13 12 51 24 21 0 18 28 35 20 58 32 10 14 2 49 17 48 47 59 19 34 37 15 36 41 53 44 1 26 30 40 31 27 33 6 16 54 45 7 3 29 4 8 23 52 9 22 25
35 47 40 46 38 52 58 5 24 49 13 2 48 32 21 31 39 51 45 26 19 54 12 7 20 8 42 3 28 22 56 18 27 11 33 53 4 25 50 23 16 0 30 29 14 36 10 59 9 17 34 37 15 1 57 41 43 6 55 44
43 7 50 31 11 39 36 57 46 55 56 13 35 51 24 21 0 18 28 12 20 58 32 26 9 4 49 17 48 42 59 19 54 37 15 38 53 41 44 3 10 30 40 5 27 33 6 16 34 45 47 8 29 2 1 25 14 52 22 23
17054490195769944459 1024
16 36 37 56 9 27 46 7 45 39 21 20 13 42 12 58 38 4 10 32 0 53 47 43 41 14 29 50 33 22 44 40 35 19 54 15 31 25 49 26 6 51 11 55 8 2 17 59 18 23 48 24 52 3 57 1 30 5 34 28
40 52 10 31 25 32 1 47 48 42 9 3 39 38 35 19 49 33 43 17 14 18 53 36 28 45 13 27 34 58 12 23 51 41 4 55 29 5 54 50 56 7 26 57 2 8 0 6 16 37 22 30 46 11 21 44 15 20 59 24
16 36 37 56 9 27 46 7 45 39 21 20 54 42 12 58 32 4 10 38 0 53 47 43 41 14 29 50 33 22 44 40 35 19 13 15 31 25 49 26 6 51 11 52 8 2 17 59 18 23 24 48 55 3 57 1 30 5 34 28
40 52 10 31 25 32 1 47 48 42 9 3 39 38 35 19 49 33 43 17 14 18 53 36 28 45 13 27 34 58 12 23 51 22 4 55 29 5 24 50 56 7 26 57 2 8 0 6 16 54 41 30 46 11 21 44 15 20 59 37
17852777216548106750 1024
23 41 8 18 25 4 36 47 24 33 35 3 14 53 21 46 12 20 54 32 2 6 48 39 42 10 5 37 52 17 9 29 44 7 50 43 55 38 27 45 57 22 30 0 51 31 13 49 19 58 11 26 34 1 28 16 40 15 59 56
47 23 14 50 25 26 43 38 49 22 45 36 57 51 11 2 29 58 1 15 7 30 40 5 4 12 56 16 21 6 13 59 46 19 31 39 18 9 34 53 24 37 44 32 41 28 17 3 33 35 52 48 10 0 42 8 20 27 54 55
49 25 8 18 41 7 36 47 24 33 35 2 14 53 46 21 58 20 19 32 16 6 48 39 42 10 5 37 52 17 9 1 29 4 50 43 55 38 27 45 57 22 30 0 51 31 13 23 44 12 11 26 34 54 28 59 40 15 3 56
29 41 14 50 25 26 43 38 49 22 45 30 57 51 2 11 35 58 1 15 7 54 40 5 4 12 27 16 21 6 13 59 46 19 31 39 18 9 34 0 24 37 8 32 23 28 17 3 33 47 52 48 10 53 42 44 20 56 36 55
2328848608103425786 1024
47 58 23 31 24 11 4 34 37 0 45 54 56 22 41 33 28 10 32 14 36 6 17 7 46 50 19 57 25 44 38 20 16 55 15 51 9 12 5 35 49 52 18 30 13 53 42 26 43 39 21 29 59 3 8 48 1 27 40 2
3 40 24 50 12 0 25 29 33 48 51 9 6 46 44 11 55 41 21 20 2 34 45 38 54 5 18 53 19 58 39 52 42 56 43 4 28 26 30 17 23 15 14 35 31 36 16 27 10 8 32 7 57 59 49 37 47 1 22 13
20 49 32 35 33 37 53 40 46 0 56 41 25 34 55 24 47 11 43 14 4 54 13 31 36 51 6 57 28 5 18 44 45 3 52 58 9 19 26 2 30 15 38 29 16 23 42 17 1 39 50 21 59 27 8 48 7 12 10 22
43 22 17 56 46 44 35 31 33 4 26 49 6 9 27 45 18 41 23 32 57 7 13 48 54 59 28 50 1 11 39 47 14 16 3 19 55 34 38 12 42 58 30 25 52 36 5 53 10 8 24 20 2 15 21 37 40 0 51 29
14711889104593768773 1024
2 56 54 55 30 58 28 21 24 29 10 42 49 34 59 57 0 38 37 26 13 52 40 5 50 51 17 22 16 6 43 41 18 39 35 33 25 31 9 27 48 11 8 14 12 53 46 7 32 19 45 20 44 1 47 15 23 36 4 3
31 32 39 23 29 40 41 56 47 49 26 8 27 33 36 53 21 14 34 3 51 17 58 12 55 45 4 38 46 42 57 16 15 43 50 20 19 10 48 1 6 5 30 54 7 44 24 11 18 0 13 52 2 9 25 35 28 22 59 37
2 56 54 55 30 58 28 21 24 29 10 42 49 34 59 57 0 38 37 26 13 52 40 5 50 51 17 22 16 6 43 41 18 39 35 3 25 31 9 27 48 11 8 14 12 53 46 7 32 19 45 20 44 1 47 15 23 36 4 33
31 32 27 23 29 40 41 56 47 49 26 8 39 33 36 53 21 14 34 3 51 17 58 12 55 45 4 38 46 42 57 16 15 43 50 20 19 10 48 1 6 5 30 54 7 44 24 11 18 0 13 52 2 9 25 35 28 22 59 37
17249870490058247319 1024
41 56 32 53 25 34 20 42 1 15 9 58 19 21 16 36 14 37 24 29 4 46 26 39 5 8 48 30 51 3 55 47 6 28 43 12 59 54 40 49 18 23 35 27 11 10 33 52 45 2 50 17 31 44 0 7 38 57 22 13
48 44 54 34 55 4 39 27 29 21 47 42 24 26 25 58 36 56 30 43 1 16 41 37 46 53 45 18 52 50 7 35 20 31 17 11 19 28 33 12 8 51 0 23 59 13 38 49 3 14 40 32 22 5 6 57 9 15 10 2
9 56 32 27 39 1 45 13 55 4 41 58 19 21 50 36 14 37 24 29 48 46 20 25 5 8 49 30 22 59 35 44 6 31 43 12 3 54 40 53 18 23 34 15 11 38 33 52 42 26 16 17 28 47 0 7 2 57 51 10
48 44 54 34 55 39 1 27 29 21 37 42 24 43 35 26 36 56 30 13 41 16 45 47 46 53 4 40 52 58 7 25 20 31 17 11 51 28 33 12 8 19 0 23 59 9 14 49 3 18 38 32 22 5 50 57 6 15 10 2
6747200409005909446 1024
21 47 56 5 18 40 19 51 25 58 45 4 59 37 46 33 36 39 0 13 41 48 54 16 15 7 34 10 53 32 28 6 38 55 50 31 27 9 11 24 23 1 49 26 8 42 30 17 12 20 57 44 43 35 3 22 2 14 29 52
37 23 14 34 21 32 29 40 43 36 4 33 31 45 12 18 54 44 20 24 49 5 56 41 55 13 59 19 28 30 8 17 3 51 48 42 7 27 2 47 1 38 57 35 26 9 52 53 16 22 58 25 39 0 46 6 11 50 10 15
5 47 7 26 35 28 18 53 25 44 13 12 52 54 59 31 36 56 50 39 27 10 38 6 40 43 48 21 34 1 0 41 57 45 16 33 51 58 42 11 20 15 29 49 8 24 4 37 23 2 17 14 30 9 46 22 19 32 55 3
24 43 59 34 28 47 6 48 20 53 0 33 44 45 19 21 58 55 30 22 42 51 13 40 5 50 17 49 12 8 56 32 4 36 9 15 54 16 57 26 1 37 25 3 2 10 52 14 35 39 46 27 41 31 23 38 18 29 7 11
15982571535069720296 1024
2 3 26 50 32 35 17 36 20 7 31 41 54 30 12 16 48 58 45 42 49 10 18 39 44 37 59 52 57 40 46 25 51 43 56 15 6 11 55 4 21 53 38 5 8 29 34 23 27 24 14 33 1 9 28 22 0 13 47 19
15 40 57 30 2 37 54 45 6 59 51 35 33 48 27 21 36 8 42 43 29 26 47 3 52 39 58 10 55 22 49 12 56 19 0 38 32 7 5 41 23 14 18 24 13 11 53 1 25 50 34 20 46 44 31 17 9 28 16 4
51 59 44 31 48 34 5 23 49 47 57 14 24 42 54 32 12 29 58 45 27 17 18 21 40 52 3 37 55 8 7 20 35 43 38 15 9 11 22 2 30 53 25 0 56 33 19 4 13 36 10 28 41 6 39 16 1 46 50 26
5 44 20 30 21 7 40 34 38 31 48 58 37 28 24 27 33 2 57 45 0 6 41 42 36 18 11 17 55 10 1 8 12 51 4 23 46 26 32 39 19 14 50 47 13 53 56 25 59 43 29 16 22 52 54 35 9 3 49 15
17558774581372858034 1024
41 31 24 59 39 34 21 29 46 6 54 51 49 45 10 44 8 40 20 32 16 42 47 37 0 22 7 14 1 48 2 3 11 13 33 38 18 36 4 53 26 55 56 15 23 50 5 30 57 27 43 28 58 35 12 19 52 17 9 25
40 16 56 20 25 3 27 50 49 55 51 58 22 8 12 23 44 53 29 2 39 5 52 34 9 43 15 24 41 59 30 28 54 21 48 6 33 38 10 14 0 31 17 13 36 1 18 42 4 45 47 26 37 19 35 7 46 32 57 11
38 41 20 34 6 46 43 0 31 17 40 51 1 47 49 45 5 56 27 48 13 42 2 53 55 30 7 19 16 8 12 10 28 25 44 32 58 9 4 35 14 23 57 15 52 22 33 24 26 29 21 54 39 50 18 59 11 36 37 3
25 1 59 0 47 43 16 12 28 53 34 44 11 57 37 39 41 4 9 50 14 35 3 51 21 15 42 7 40 31 36 24 8 18 23 19 26 38 49 54 6 55 10 58 5 46 56 2 48 45 33 32 13 20 17 30 29 52 22 27
7642046845051360594 1024
18 4 31 38 47 9 2 34 17 56 44 3 51 15 21 37 1 11 48 10 27 53 23 32 50 36 58 29 14 6 19 45 42 41 54 39 40 55 35 7 22 24 49 8 33 46 0 12 16 43 28 57 25 26 13 59 52 20 5 30
57 40 31 1 53 10 38 29 43 49 5 47 30 56 16 21 51 25 50 28 48 39 59 0 3 15 18 42 35 52 46 13 32 58 2 14 24 54 7 41 20 8 44 33 19 26 9 17 12 4 23 27 36 55 22 6 45 34 11 37
18 4 31 38 47 9 2 34 17 56 44 3 51 15 21 37 1 11 48 10 27 53 23 29 50 36 58 32 14 6 19 45 42 41 54 39 40 55 33 7 22 24 49 8 35 46 0 12 16 43 28 57 25 26 13 59 52 20 5 30
57 40 31 1 39 10 38 29 43 49 5 21 32 56 16 47 51 25 50 28 48 53 59 0 3 15 18 42 35 52 46 13 30 58 22 14 24 54 7 41 20 8 44 33 19 26 9 17 12 4 23 27 36 55 2 6 45 34 11 37
16648265970952515788 1024
36 42 28 58 27 24 52 26 38 43 50 31 59 29 44 21 35 10 9 39 25 57 19 8 3 56 45 49 40 14 32 41 23 18 6 4 53 7 55 15 48 1 34 33 12 5 0 16 46 13 54 20 22 2 37 11 30 47 17 51
7 48 37 52 29 8 13 54 45 25 53 22 34 44 28 20 4 2 16 9 51 58 10 24 15 42 46 38 1 6 41 21 40 19 36 47 43 17 56 57 27 26 30 12 50 59 32 23 35 0 39 14 55 3 18 33 31 5 11 49
36 42 28 58 27 24 52 35 38 43 50 31 59 29 44 21 26 10 9 39 53 57 19 7 3 56 45 49 40 23 32 41 14 18 6 4 25 8 55 15 48 1 34 33 12 5 0 16 46 2 54 20 22 13 37 11 30 47 17 51
7 48 37 52 29 8 13 54 45 25 46 22 9 44 28 20 4 2 16 34 51 58 10 24 19 42 53 38 1 6 41 21 40 15 36 47 43 17 56 57 27 26 30 12 50 59 32 23 35 0 39 14 55 3 18 33 31 5 11 49
4133296203462709460 1024
4 28 0 46 59 25 19 9 39 11 20 57 47 45 51 2 56 14 34 22 41 40 18 44 53 27 49 17 33 12 8 42 43 58 31 3 24 32 15 50 16 5 6 26 36 52 23 30 54 21 13 38 55 1 7 35 29 48 10 37
54 4 19 33 16 52 38 13 46 27 24 51 1 48 58 17 18 21 29 37 31 15 20 41 3 40 50 34 2 43 28 45 53 55 56 6 11 47 5 32 49 25 44 8 59 26 9 7 22 57 0 12 30 39 35 23 10 36 14 42
40 48 5 17 46 59 23 47 30 27 38 43 25 16 49 26 19 0 3 11 51 4 45 44 58 9 31 18 42 57 12 8 37 32 21 2 29 56 6 53 24 14 1 20 35 50 52 7 54 15 10 34 33 28 55 41 36 22 13 39
7 37 56 20 32 18 34 36 3 23 47 51 31 19 58 38 50 13 28 8 26 52 17 43 5 0 29 11 35 1 24 59 53 40 9 42 14 4 41 49 48 55 39 46 15 22 25 6 27 21 2 57 44 33 16 30 10 45 54 12
752127717163298316 1024
43 52 23 13 33 55 40 36 59 57 9 2 35 53 46 22 30 58 44 10 12 27 25 26 21 42 45 54 0 34 51 16 32 47 15 50 38 56 8 37 14 49 11 39 48 19 31 6 5 18 20 3 28 24 4 7 17 41 1 29
47 31 6 39 58 41 15 26 43 8 25 35 10 27 33 46 34 38 12 50 52 18 19 16 23 7 4 22 37 0 44 13 51 42 56 53 5 59 48 45 11 28 40 30 57 1 55 17 54 20 21 9 2 49 36 24 3 32 14 29
43 52 23 13 33 55 40 36 59 57 9 2 35 53 46 22 30 58 44 10 12 27 25 26 21 42 45 54 0 34 51 16 32 47 15 50 38 56 8 37 14 49 11 39 48 19 31 6 5 18 20 3 28 24 4 7 17 41 1 29
47 31 6 39 58 41 15 26 43 8 25 35 10 27 33 46 34 38 12 50 52 18 19 16 23 7 4 22 37 0 44 13 51 42 56 53 5 59 48 45 11 28 40 30 57 1 55 17 54 20 21 9 2 49 36 24 3 32 14 29
