FACTOR_PERMUTATION_V1 12 16 1024 1 3.25
10 0 1 1 1 1 1 1 1 1 1 1 1 0 2 2 2 2 1 2 2 2 2 2 1 0 2 2 2 2 1 2 2 2 2 2
0 10 1 1 1 1 1 1 1 1 1 1 0 1 2 2 2 2 2 1 2 2 2 2 0 1 2 2 2 2 2 1 2 2 2 2
1 1 10 0 1 1 1 1 1 1 1 1 2 2 1 0 2 2 2 2 1 2 2 2 2 2 1 0 2 2 2 2 1 2 2 2
1 1 0 10 1 1 1 1 1 1 1 1 2 2 0 1 2 2 2 2 2 1 2 2 2 2 0 1 2 2 2 2 2 1 2 2
1 1 1 1 10 0 1 1 1 1 1 1 2 2 2 2 1 0 2 2 2 2 1 2 2 2 2 2 1 0 2 2 2 2 1 2
1 1 1 1 0 10 1 1 1 1 1 1 2 2 2 2 0 1 2 2 2 2 2 1 2 2 2 2 0 1 2 2 2 2 2 1
1 1 1 1 1 1 10 0 1 1 1 1 1 2 2 2 2 2 1 0 2 2 2 2 1 2 2 2 2 2 1 0 2 2 2 2
1 1 1 1 1 1 0 10 1 1 1 1 2 1 2 2 2 2 0 1 2 2 2 2 2 1 2 2 2 2 0 1 2 2 2 2
1 1 1 1 1 1 1 1 10 0 1 1 2 2 1 2 2 2 2 2 1 0 2 2 2 2 1 2 2 2 2 2 1 0 2 2
1 1 1 1 1 1 1 1 0 10 1 1 2 2 2 1 2 2 2 2 0 1 2 2 2 2 2 1 2 2 2 2 0 1 2 2
1 1 1 1 1 1 1 1 1 1 10 0 2 2 2 2 1 2 2 2 2 2 1 0 2 2 2 2 1 2 2 2 2 2 1 0
1 1 1 1 1 1 1 1 1 1 0 10 2 2 2 2 2 1 2 2 2 2 0 1 2 2 2 2 2 1 2 2 2 2 0 1
1 0 2 2 2 2 1 2 2 2 2 2 10 0 1 1 1 1 1 1 1 1 1 1 1 2 2 2 2 2 1 0 2 2 2 2
0 1 2 2 2 2 2 1 2 2 2 2 0 10 1 1 1 1 1 1 1 1 1 1 2 1 2 2 2 2 0 1 2 2 2 2
2 2 1 0 2 2 2 2 1 2 2 2 1 1 10 0 1 1 1 1 1 1 1 1 2 2 1 2 2 2 2 2 1 0 2 2
2 2 0 1 2 2 2 2 2 1 2 2 1 1 0 10 1 1 1 1 1 1 1 1 2 2 2 1 2 2 2 2 0 1 2 2
2 2 2 2 1 0 2 2 2 2 1 2 1 1 1 1 10 0 1 1 1 1 1 1 2 2 2 2 1 2 2 2 2 2 1 0
2 2 2 2 0 1 2 2 2 2 2 1 1 1 1 1 0 10 1 1 1 1 1 1 2 2 2 2 2 1 2 2 2 2 0 1
1 2 2 2 2 2 1 0 2 2 2 2 1 1 1 1 1 1 10 0 1 1 1 1 1 0 2 2 2 2 1 2 2 2 2 2
2 1 2 2 2 2 0 1 2 2 2 2 1 1 1 1 1 1 0 10 1 1 1 1 0 1 2 2 2 2 2 1 2 2 2 2
2 2 1 2 2 2 2 2 1 0 2 2 1 1 1 1 1 1 1 1 10 0 1 1 2 2 1 0 2 2 2 2 1 2 2 2
2 2 2 1 2 2 2 2 0 1 2 2 1 1 1 1 1 1 1 1 0 10 1 1 2 2 0 1 2 2 2 2 2 1 2 2
2 2 2 2 1 2 2 2 2 2 1 0 1 1 1 1 1 1 1 1 1 1 10 0 2 2 2 2 1 0 2 2 2 2 1 2
2 2 2 2 2 1 2 2 2 2 0 1 1 1 1 1 1 1 1 1 1 1 0 10 2 2 2 2 0 1 2 2 2 2 2 1
1 0 2 2 2 2 1 2 2 2 2 2 1 2 2 2 2 2 1 0 2 2 2 2 10 0 1 1 1 1 1 1 1 1 1 1
0 1 2 2 2 2 2 1 2 2 2 2 2 1 2 2 2 2 0 1 2 2 2 2 0 10 1 1 1 1 1 1 1 1 1 1
2 2 1 0 2 2 2 2 1 2 2 2 2 2 1 2 2 2 2 2 1 0 2 2 1 1 10 0 1 1 1 1 1 1 1 1
2 2 0 1 2 2 2 2 2 1 2 2 2 2 2 1 2 2 2 2 0 1 2 2 1 1 0 10 1 1 1 1 1 1 1 1
2 2 2 2 1 0 2 2 2 2 1 2 2 2 2 2 1 2 2 2 2 2 1 0 1 1 1 1 10 0 1 1 1 1 1 1
2 2 2 2 0 1 2 2 2 2 2 1 2 2 2 2 2 1 2 2 2 2 0 1 1 1 1 1 0 10 1 1 1 1 1 1
1 2 2 2 2 2 1 0 2 2 2 2 1 0 2 2 2 2 1 2 2 2 2 2 1 1 1 1 1 1 10 0 1 1 1 1
2 1 2 2 2 2 0 1 2 2 2 2 0 1 2 2 2 2 2 1 2 2 2 2 1 1 1 1 1 1 0 10 1 1 1 1
2 2 1 2 2 2 2 2 1 0 2 2 2 2 1 0 2 2 2 2 1 2 2 2 1 1 1 1 1 1 1 1 10 0 1 1
2 2 2 1 2 2 2 2 0 1 2 2 2 2 0 1 2 2 2 2 2 1 2 2 1 1 1 1 1 1 1 1 0 10 1 1
2 2 2 2 1 2 2 2 2 2 1 0 2 2 2 2 1 0 2 2 2 2 1 2 1 1 1 1 1 1 1 1 1 1 10 0
2 2 2 2 2 1 2 2 2 2 0 1 2 2 2 2 0 1 2 2 2 2 2 1 1 1 1 1 1 1 1 1 1 1 0 10
0 2
0 3
0 4
0 5
0 6
0 7
0 8
0 9
0 10
0 11
1 2
1 3
1 4
1 5
1 6
1 7
1 8
1 9
1 10
1 11
2 4
2 5
2 6
2 7
2 8
2 9
2 10
2 11
3 4
3 5
3 6
3 7
3 8
3 9
3 10
3 11
4 6
4 7
4 8
4 9
4 10
4 11
5 6
5 7
5 8
5 9
5 10
5 11
6 8
6 9
6 10
6 11
7 8
7 9
7 10
7 11
8 10
8 11
9 10
9 11
0 2
0 3
0 4
0 5
0 6
0 7
0 8
0 9
0 10
0 11
1 2
1 3
1 4
1 5
1 6
1 7
1 8
1 9
1 10
1 11
2 4
2 5
2 6
2 7
2 8
2 9
2 10
2 11
3 4
3 5
3 6
3 7
3 8
3 9
3 10
3 11
4 6
4 7
4 8
4 9
4 10
4 11
5 6
5 7
5 8
5 9
5 10
5 11
6 8
6 9
6 10
6 11
7 8
7 9
7 10
7 11
8 10
8 11
9 10
9 11
0 2
0 3
0 4
0 5
0 6
0 7
0 8
0 9
0 10
0 11
1 2
1 3
1 4
1 5
1 6
1 7
1 8
1 9
1 10
1 11
2 4
2 5
2 6
2 7
2 8
2 9
2 10
2 11
3 4
3 5
3 6
3 7
3 8
3 9
3 10
3 11
4 6
4 7
4 8
4 9
4 10
4 11
5 6
5 7
5 8
5 9
5 10
5 11
6 8
6 9
6 10
6 11
7 8
7 9
7 10
7 11
8 10
8 11
9 10
9 11
10358708411853495209 6144
55 46 35 25 20 15 47 4 23 54 56 19 50 24 34 3 36 52 30 43 2 10 16 9 45 42 7 26 53 31 57 37 18 13 39 49 5 33 41 21 17 48 29 32 22 58 44 14 28 51 11 38 59 1 0 40 8 6 27 12
7 28 23 32 18 57 53 21 37 51 13 19 6 50 59 58 31 54 42 10 24 34 45 14 38 36 12 1 9 56 22 3 0 29 17 43 33 41 30 55 46 49 52 15 27 4 5 16 47 11 2 20 40 8 48 25 26 35 44 39
3 33 53 30 40 57 41 10 59 5 50 55 47 1 46 32 48 20 28 21 37 58 12 2 22 19 6 45 36 16 9 15 51 34 44 25 52 0 35 49 42 24 39 29 54 27 23 14 13 4 26 11 7 18 17 56 8 31 43 38
55 9 51 23 24 32 25 1 40 45 57 56 30 58 21 41 54 37 44 36 6 33 11 14 20 13 49 16 7 48 31 34 29 12 0 43 39 19 15 22 52 27 18 3 35 4 53 28 2 47 50 59 38 26 46 17 8 42 10 5
15741287146775084815 6144
47 27 51 39 44 5 28 58 0 49 42 14 3 26 24 6 30 43 41 56 12 11 37 22 57 8 4 18 35 31 9 46 2 45 38 15 7 34 53 33 10 23 25 40 13 1 16 59 19 52 50 32 29 20 55 17 54 36 21 48
9 46 28 6 37 34 31 14 13 21 24 41 16 30 35 2 18 45 42 54 56 22 50 43 55 39 58 11 49 47 10 59 4 15 17 1 57 23 36 29 5 12 27 3 48 26 25 53 44 7 52 40 19 20 32 8 0 33 38 51
47 24 40 39 44 27 28 58 30 5 45 15 51 1 26 49 10 16 41 32 52 11 2 36 57 8 14 3 35 4 9 46 37 42 38 12 7 34 53 17 0 23 25 54 13 6 43 33 19 31 50 56 29 20 55 59 18 22 21 48
9 46 31 47 28 59 54 50 20 21 52 41 14 30 35 38 27 45 37 43 56 4 12 3 36 39 58 11 49 57 10 16 42 23 17 6 44 0 55 1 5 22 18 34 48 26 25 53 29 19 24 7 40 13 32 8 15 33 2 51
7750444325271457809 6144
22 19 53 38 35 5 37 43 44 30 27 29 3 34 10 32 51 17 46 49 15 52 48 4 13 40 41 25 20 6 56 57 54 28 58 55 24 39 50 59 23 14 2 45 9 26 42 7 11 16 33 8 12 0 18 31 1 21 47 36
41 52 56 17 3 9 29 20 15 59 16 12 28 23 31 40 32 19 22 54 7 48 27 45 47 18 2 4 49 8 36 21 35 5 53 38 44 25 50 55 26 10 24 34 13 1 6 30 11 58 46 57 37 42 14 33 39 0 51 43
50 28 9 56 24 53 47 4 39 30 57 33 36 21 26 40 6 14 42 10 35 0 25 55 11 45 18 2 58 16 22 46 44 43 52 48 19 38 7 8 13 5 15 31 32 17 49 37 51 12 1 41 34 27 3 59 20 23 54 29
27 50 24 34 2 44 55 58 36 43 40 35 52 42 23 25 51 33 1 56 7 48 46 30 8 12 15 19 14 49 29 6 37 39 13 38 26 21 47 31 45 59 57 18 10 5 54 28 17 3 20 16 41 9 11 53 32 0 4 22
15761348876166825780 6144
55 6 53 58 34 13 41 43 22 48 36 35 50 21 18 47 56 3 25 28 33 20 10 4 46 23 52 59 14 54 49 57 15 42 39 7 27 38 8 9 5 30 0 12 1 11 44 32 29 51 31 16 26 40 2 45 24 19 17 37
44 46 18 49 6 20 58 59 55 29 37 26 32 7 45 31 19 50 13 16 4 11 8 33 22 15 25 41 57 5 54 17 30 40 14 38 48 9 28 0 3 53 12 47 10 35 52 42 21 51 34 39 56 23 24 2 36 1 43 27
21 8 47 22 34 52 51 37 33 7 53 38 25 14 30 35 18 3 56 28 31 6 45 15 36 54 41 42 55 43 48 9 46 49 12 2 20 59 32 16 50 23 44 29 1 58 24 5 11 27 13 19 40 57 0 39 17 10 4 26
23 7 31 56 47 39 28 55 21 19 57 15 36 59 20 58 26 32 22 29 4 43 17 46 48 25 53 8 13 24 45 9 49 54 5 38 11 52 41 51 33 27 2 14 18 50 16 30 40 42 44 6 35 0 34 3 1 10 12 37
17390369113944358177 6144
27 55 37 18 44 2 48 23 29 24 43 41 32 51 46 59 54 50 4 0 58 5 39 6 11 14 30 40 49 34 1 8 13 3 17 53 28 21 26 47 22 9 35 38 10 7 56 25 42 20 15 57 31 36 16 52 33 12 45 19
1 47 16 57 34 21 35 20 15 54 53 0 19 48 24 27 42 39 43 44 55 40 13 6 10 46 50 22 37 29 56 12 36 14 32 51 4 7 9 30 38 17 49 5 11 33 2 18 52 25 26 41 28 31 45 58 3 8 59 23
40 55 27 49 50 28 47 39 44 0 45 46 7 4 24 17 23 31 38 14 57 9 12 52 42 5 22 37 32 16 53 19 36 18 59 3 15 56 51 2 33 25 34 58 54 41 43 30 13 29 8 35 6 26 10 20 11 1 21 48
49 41 37 59 26 3 32 43 27 56 36 44 11 29 16 54 8 58 53 55 15 7 1 21 52 51 20 46 4 39 38 18 19 23 6 0 45 57 22 10 34 35 9 24 14 30 31 12 40 17 50 25 28 5 48 33 13 47 42 2
16073141514121976056 6144
38 58 37 51 8 46 22 18 35 29 59 5 11 45 24 39 43 40 20 33 52 15 30 1 25 13 4 42 41 26 57 21 9 14 32 2 19 7 56 50 49 55 36 16 3 31 53 48 34 27 10 17 28 44 54 23 47 12 6 0
25 58 53 44 41 16 34 31 30 20 13 19 26 50 54 39 22 9 43 35 51 12 47 59 5 2 46 17 49 14 57 3 52 45 37 56 40 11 18 23 38 1 0 8 29 33 24 55 4 27 21 48 15 42 28 36 7 32 6 10
38 58 39 31 57 46 5 3 4 30 49 23 10 51 44 28 47 40 16 37 55 43 33 14 8 45 21 22 41 54 19 29 13 50 2 6 34 7 24 11 42 1 9 18 0 56 17 15 48 25 26 20 35 27 32 59 36 52 53 12
45 54 48 10 55 33 2 3 30 15 39 44 37 24 6 42 22 28 56 59 5 49 9 38 57 23 13 46 1 36 58 41 43 35 52 4 14 27 53 34 7 26 17 0 31 18 19 32 12 47 20 11 40 50 21 16 8 51 29 25
16312737334630238376 6144
54 39 22 32 55 46 3 21 23 1 13 47 53 52 29 24 27 17 14 25 57 49 50 28 44 33 0 12 40 5 16 6 36 9 19 48 10 8 15 59 38 34 26 41 58 51 11 31 20 42 30 45 37 18 35 43 7 4 56 2
35 54 57 50 58 29 30 37 4 25 59 6 12 45 21 56 51 43 28 32 17 18 49 40 55 8 2 42 31 48 47 36 3 19 26 0 34 9 24 39 10 22 14 1 5 23 15 41 7 11 33 38 20 27 44 53 13 46 16 52
38 58 27 42 46 41 3 15 6 28 14 29 57 48 9 23 33 8 40 45 59 49 34 54 55 36 43 21 12 52 13 56 51 47 16 37 30 10 17 31 24 1 5 7 20 26 4 35 2 39 25 18 44 0 11 32 19 53 50 22
45 46 52 24 33 25 11 41 40 4 28 27 3 17 26 43 2 57 30 48 19 42 10 59 29 5 7 22 44 50 14 6 51 8 53 12 54 0 38 49 35 39 32 1 18 15 21 31 13 58 16 9 37 36 56 47 23 55 20 34
4051013011560588151 6144
52 33 41 20 57 34 46 17 45 5 36 30 59 44 39 29 51 48 40 27 58 8 25 18 4 26 55 43 14 50 21 9 19 37 0 47 22 2 11 23 16 32 24 7 13 1 31 49 15 42 56 35 54 38 6 53 3 28 12 10
55 8 17 32 0 43 9 20 34 38 56 19 11 24 53 36 40 47 3 35 6 26 12 27 50 39 33 14 28 49 37 22 48 46 29 13 21 57 54 59 52 4 51 5 45 25 2 7 44 15 58 23 31 18 16 41 30 10 42 1
2 56 54 55 30 58 28 21 24 29 10 42 49 34 59 57 0 38 37 26 13 52 40 5 50 51 17 22 16 6 43 41 18 39 35 3 25 31 9 27 48 11 8 14 12 53 46 7 32 19 45 20 44 1 47 15 23 36 4 33
31 32 27 23 29 40 41 56 47 49 26 8 39 33 36 53 21 14 34 3 51 17 58 12 55 45 4 38 46 42 57 16 15 43 50 20 19 10 48 1 6 5 30 54 7 44 24 11 18 0 13 52 2 9 25 35 28 22 59 37
3493208148202254993 6144
49 27 3 47 40 28 54 21 33 48 46 41 32 58 14 55 29 8 24 20 31 23 42 56 44 15 36 9 13 4 2 53 50 19 43 16 38 59 0 30 51 1 57 26 11 52 5 34 35 17 6 25 12 37 10 22 18 45 39 7
37 40 38 49 17 39 35 42 47 27 53 15 16 31 46 33 12 20 54 29 50 25 32 14 21 41 1 58 2 57 51 44 3 24 11 59 0 7 9 30 19 23 5 56 55 18 4 10 28 26 45 6 8 43 34 22 48 52 36 13
56 26 52 42 40 2 31 22 59 25 4 41 35 28 23 17 18 46 24 30 58 7 20 43 19 15 36 8 50 11 45 32 44 39 55 3 47 13 53 14 6 38 48 0 21 54 5 27 9 51 33 12 57 37 10 16 29 49 34 1
54 22 25 40 59 44 2 13 45 51 27 55 16 30 46 56 28 42 12 39 19 36 4 35 8 47 24 17 1 15 38 58 14 53 49 5 23 33 43 50 7 48 29 32 9 52 26 21 34 41 3 10 57 11 37 6 18 31 0 20
2051225771896625883 6144
39 25 24 58 7 54 9 20 52 32 45 35 48 16 51 28 43 53 29 55 2 47 34 41 4 31 13 27 59 6 57 0 14 19 50 37 36 11 18 1 26 15 5 33 46 12 23 30 38 42 8 10 44 56 17 21 40 49 22 3
54 43 5 45 27 56 22 59 33 19 57 30 29 16 26 55 37 14 21 38 17 35 42 7 47 36 15 18 9 58 12 13 2 44 52 48 32 23 51 40 41 25 24 8 11 46 1 31 3 53 50 39 49 0 28 20 10 6 4 34
49 51 37 56 10 32 59 20 46 18 57 12 4 21 44 58 22 15 28 33 0 53 17 47 5 36 42 23 6 41 50 1 40 7 52 29 8 13 11 19 24 14 30 25 45 55 16 2 48 26 39 35 27 43 34 31 9 38 54 3
42 56 33 9 59 37 32 20 29 53 23 13 7 36 25 38 35 34 58 19 50 54 40 17 45 15 57 28 3 51 52 44 8 41 49 39 16 11 2 55 6 24 21 1 48 22 18 31 30 47 0 4 46 5 10 27 12 43 14 26
11794151124290886908 6144
57 29 3 33 5 51 40 20 7 52 50 41 39 56 10 24 4 30 13 37 53 14 2 47 19 43 49 32 59 48 18 42 26 54 45 17 44 15 34 58 28 22 35 21 8 11 31 55 16 23 27 0 12 9 6 1 25 38 36 46
49 12 7 37 34 27 8 15 9 39 28 53 14 11 30 57 59 46 20 22 35 6 47 56 5 4 10 55 3 58 44 43 50 41 48 1 25 26 19 54 32 2 17 33 24 21 42 52 40 38 0 18 13 23 45 36 29 16 31 51
0 49 23 59 8 41 13 18 38 31 25 54 43 50 27 29 20 30 6 37 12 21 44 51 55 19 42 11 35 39 33 7 48 5 10 57 28 34 4 14 58 9 26 53 3 1 16 56 32 2 47 52 46 24 17 36 15 40 22 45
19 44 35 51 58 7 56 28 2 25 8 55 49 39 57 21 30 43 16 38 6 45 59 31 54 10 22 41 34 52 1 18 37 42 48 4 17 50 36 27 53 24 23 12 11 0 46 32 47 29 20 14 9 40 33 26 15 13 3 5
2963781750116126784 6144
58 50 51 52 36 39 26 21 32 31 57 0 16 46 10 25 55 28 17 47 8 45 24 13 43 42 11 38 19 14 41 2 15 35 3 6 49 53 12 5 37 27 33 9 56 40 23 20 34 18 44 59 1 54 22 48 4 30 29 7
55 6 58 42 29 53 9 27 30 20 26 5 57 11 22 40 51 47 21 31 14 8 45 38 13 43 7 4 12 34 46 50 33 36 39 17 59 32 0 28 23 52 15 25 54 16 35 49 24 19 18 44 10 3 56 2 37 41 1 48
36 46 52 1 47 58 34 10 49 37 13 50 8 6 45 27 11 28 24 30 4 21 18 40 43 42 7 53 59 14 38 55 31 0 29 32 56 33 19 41 5 57 35 2 51 15 26 17 12 39 48 20 9 25 44 16 23 3 54 22
3 11 35 50 45 7 24 57 30 23 32 39 21 49 27 31 2 14 46 0 59 5 12 55 58 37 10 56 48 44 8 42 41 40 15 38 26 54 18 6 28 53 17 16 34 22 19 47 33 36 52 29 9 13 20 25 43 4 1 51
12048712829362805471 6144
55 40 33 58 18 37 46 29 38 42 12 48 2 52 27 35 30 26 25 8 20 56 44 0 19 54 53 14 24 9 7 1 43 10 59 36 50 5 31 51 22 6 34 15 49 4 13 28 41 32 3 45 16 47 21 17 11 57 39 23
25 52 55 16 40 27 14 37 11 34 38 43 58 26 10 29 51 35 18 21 6 5 13 54 12 49 47 44 36 41 57 17 28 1 8 22 32 19 56 23 9 30 0 33 31 50 24 4 46 59 42 39 3 48 53 20 45 7 2 15
55 1 33 6 18 36 46 29 38 42 12 48 2 52 27 35 30 26 25 8 16 56 44 58 0 54 53 14 24 9 50 40 43 10 59 37 7 5 31 51 22 19 34 15 49 4 13 28 41 32 3 45 20 47 21 39 11 57 17 23
25 52 45 16 40 27 22 37 11 34 38 43 58 26 10 29 51 35 18 21 8 5 13 54 12 49 47 44 36 41 57 17 28 1 6 30 32 19 56 23 9 14 0 33 31 50 24 4 46 59 42 39 3 48 53 20 55 7 2 15
6206765626851700115 6144
53 6 47 46 23 26 15 9 56 31 44 41 25 4 51 34 27 43 35 13 52 5 18 19 49 38 20 22 54 42 0 57 37 14 39 33 12 7 32 50 48 36 59 55 30 58 11 10 29 21 8 16 40 24 3 2 45 1 17 28
40 21 52 11 14 6 8 19 53 59 17 50 18 42 56 37 33 15 1 36 23 41 38 29 7 3 10 31 49 26 44 4 28 27 43 13 34 35 30 2 57 5 55 25 54 22 16 9 47 58 32 20 24 51 0 39 48 46 45 12
36 42 28 58 27 24 52 26 45 43 50 31 59 29 44 22 14 13 7 39 25 57 19 56 3 21 12 49 40 10 35 41 37 18 6 4 53 9 55 15 48 1 8 33 38 5 0 16 46 2 54 20 34 32 23 11 30 47 17 51
1 48 37 52 32 55 4 18 45 28 53 22 34 44 58 20 13 40 16 9 51 25 10 24 15 42 46 38 7 6 41 21 11 19 39 47 43 17 56 57 27 26 30 12 50 59 29 31 35 0 36 14 8 3 54 33 23 5 2 49
17757751610886091908 6144
53 59 55 46 32 3 42 41 1 24 31 44 25 6 29 2 54 45 12 48 9 49 10 26 5 8 39 13 38 40 11 52 4 58 43 20 50 57 27 22 30 16 21 19 34 18 0 37 28 47 56 36 35 15 33 7 17 14 51 23
57 5 44 58 42 28 35 1 16 46 9 52 18 39 27 54 34 6 45 48 25 53 11 8 12 51 37 3 10 29 40 14 47 15 7 2 41 55 43 50 0 33 38 26 4 59 22 49 23 17 19 24 56 20 30 13 36 32 31 21
36 9 22 53 59 46 12 40 39 3 20 57 47 45 51 2 56 48 34 0 41 8 54 44 25 15 49 17 33 19 28 14 43 58 31 10 23 32 52 50 16 5 11 26 4 27 24 30 18 21 13 38 55 1 7 35 29 42 6 37
35 4 46 31 16 49 38 44 7 20 25 51 34 48 58 17 18 21 1 57 0 14 12 41 54 39 50 8 36 43 28 3 45 55 56 11 27 15 19 32 52 24 47 2 6 26 13 59 22 5 9 53 30 40 29 23 10 37 33 42
10930895090164567922 6144
58 51 5 8 40 19 47 53 28 24 13 57 39 20 7 55 46 36 9 48 59 37 35 12 6 42 43 50 31 17 45 54 2 11 10 49 0 32 21 27 30 16 14 23 34 18 25 29 22 38 44 41 4 26 56 1 52 15 33 3
9 47 38 54 33 6 1 26 31 42 46 5 53 8 57 20 11 39 30 55 7 23 36 32 34 49 17 56 51 50 2 58 3 52 28 12 24 40 37 15 27 0 59 29 14 10 16 44 21 13 22 18 19 35 45 25 48 41 43 4
7 52 27 13 33 29 40 36 1 57 19 2 35 53 46 25 30 58 44 10 12 23 9 56 21 42 45 55 0 34 51 32 16 47 15 50 38 59 5 14 31 49 3 41 8 54 22 6 48 18 20 11 28 26 4 43 17 39 37 24
57 41 34 27 58 28 15 26 43 6 1 32 10 39 19 13 47 50 38 3 52 18 12 9 40 42 5 22 37 0 44 46 51 55 56 53 49 7 33 45 30 36 4 54 48 25 31 17 23 20 21 16 2 11 24 59 8 29 14 35
