FACTOR_PERMUTATION_V1 12 16 1024 1 3.25
10 0 1 1 1 1 1 1 1 1 1 1 1 0 2 2 2 2 1 2 2 2 2 2 1 0 2 2 2 2 1 2 2 2 2 2
0 10 1 1 1 1 1 1 1 1 1 1 0 1 2 2 2 2 2 1 2 2 2 2 0 1 2 2 2 2 2 1 2 2 2 2
1 1 10 0 1 1 1 1 1 1 1 1 2 2 1 0 2 2 2 2 1 2 2 2 2 2 1 0 2 2 2 2 1 2 2 2
1 1 0 10 1 1 1 1 1 1 1 1 2 2 0 1 2 2 2 2 2 1 2 2 2 2 0 1 2 2 2 2 2 1 2 2
1 1 1 1 10 0 1 1 1 1 1 1 2 2 2 2 1 0 2 2 2 2 1 2 2 2 2 2 1 0 2 2 2 2 1 2
1 1 1 1 0 10 1 1 1 1 1 1 2 2 2 2 0 1 2 2 2 2 2 1 2 2 2 2 0 1 2 2 2 2 2 1
1 1 1 1 1 1 10 0 1 1 1 1 1 2 2 2 2 2 1 0 2 2 2 2 1 2 2 2 2 2 1 0 2 2 2 2
1 1 1 1 1 1 0 10 1 1 1 1 2 1 2 2 2 2 0 1 2 2 2 2 2 1 2 2 2 2 0 1 2 2 2 2
1 1 1 1 1 1 1 1 10 0 1 1 2 2 1 2 2 2 2 2 1 0 2 2 2 2 1 2 2 2 2 2 1 0 2 2
1 1 1 1 1 1 1 1 0 10 1 1 2 2 2 1 2 2 2 2 0 1 2 2 2 2 2 1 2 2 2 2 0 1 2 2
1 1 1 1 1 1 1 1 1 1 10 0 2 2 2 2 1 2 2 2 2 2 1 0 2 2 2 2 1 2 2 2 2 2 1 0
1 1 1 1 1 1 1 1 1 1 0 10 2 2 2 2 2 1 2 2 2 2 0 1 2 2 2 2 2 1 2 2 2 2 0 1
1 0 2 2 2 2 1 2 2 2 2 2 10 0 1 1 1 1 1 1 1 1 1 1 1 2 2 2 2 2 1 0 2 2 2 2
0 1 2 2 2 2 2 1 2 2 2 2 0 10 1 1 1 1 1 1 1 1 1 1 2 1 2 2 2 2 0 1 2 2 2 2
2 2 1 0 2 2 2 2 1 2 2 2 1 1 10 0 1 1 1 1 1 1 1 1 2 2 1 2 2 2 2 2 1 0 2 2
2 2 0 1 2 2 2 2 2 1 2 2 1 1 0 10 1 1 1 1 1 1 1 1 2 2 2 1 2 2 2 2 0 1 2 2
2 2 2 2 1 0 2 2 2 2 1 2 1 1 1 1 10 0 1 1 1 1 1 1 2 2 2 2 1 2 2 2 2 2 1 0
2 2 2 2 0 1 2 2 2 2 2 1 1 1 1 1 0 10 1 1 1 1 1 1 2 2 2 2 2 1 2 2 2 2 0 1
1 2 2 2 2 2 1 0 2 2 2 2 1 1 1 1 1 1 10 0 1 1 1 1 1 0 2 2 2 2 1 2 2 2 2 2
2 1 2 2 2 2 0 1 2 2 2 2 1 1 1 1 1 1 0 10 1 1 1 1 0 1 2 2 2 2 2 1 2 2 2 2
2 2 1 2 2 2 2 2 1 0 2 2 1 1 1 1 1 1 1 1 10 0 1 1 2 2 1 0 2 2 2 2 1 2 2 2
2 2 2 1 2 2 2 2 0 1 2 2 1 1 1 1 1 1 1 1 0 10 1 1 2 2 0 1 2 2 2 2 2 1 2 2
2 2 2 2 1 2 2 2 2 2 1 0 1 1 1 1 1 1 1 1 1 1 10 0 2 2 2 2 1 0 2 2 2 2 1 2
2 2 2 2 2 1 2 2 2 2 0 1 1 1 1 1 1 1 1 1 1 1 0 10 2 2 2 2 0 1 2 2 2 2 2 1
1 0 2 2 2 2 1 2 2 2 2 2 1 2 2 2 2 2 1 0 2 2 2 2 10 0 1 1 1 1 1 1 1 1 1 1
0 1 2 2 2 2 2 1 2 2 2 2 2 1 2 2 2 2 0 1 2 2 2 2 0 10 1 1 1 1 1 1 1 1 1 1
2 2 1 0 2 2 2 2 1 2 2 2 2 2 1 2 2 2 2 2 1 0 2 2 1 1 10 0 1 1 1 1 1 1 1 1
2 2 0 1 2 2 2 2 2 1 2 2 2 2 2 1 2 2 2 2 0 1 2 2 1 1 0 10 1 1 1 1 1 1 1 1
2 2 2 2 1 0 2 2 2 2 1 2 2 2 2 2 1 2 2 2 2 2 1 0 1 1 1 1 10 0 1 1 1 1 1 1
2 2 2 2 0 1 2 2 2 2 2 1 2 2 2 2 2 1 2 2 2 2 0 1 1 1 1 1 0 10 1 1 1 1 1 1
1 2 2 2 2 2 1 0 2 2 2 2 1 0 2 2 2 2 1 2 2 2 2 2 1 1 1 1 1 1 10 0 1 1 1 1
2 1 2 2 2 2 0 1 2 2 2 2 0 1 2 2 2 2 2 1 2 2 2 2 1 1 1 1 1 1 0 10 1 1 1 1
2 2 1 2 2 2 2 2 1 0 2 2 2 2 1 0 2 2 2 2 1 2 2 2 1 1 1 1 1 1 1 1 10 0 1 1
2 2 2 1 2 2 2 2 0 1 2 2 2 2 0 1 2 2 2 2 2 1 2 2 1 1 1 1 1 1 1 1 0 10 1 1
2 2 2 2 1 2 2 2 2 2 1 0 2 2 2 2 1 0 2 2 2 2 1 2 1 1 1 1 1 1 1 1 1 1 10 0
2 2 2 2 2 1 2 2 2 2 0 1 2 2 2 2 0 1 2 2 2 2 2 1 1 1 1 1 1 1 1 1 1 1 0 10
0 2
0 3
0 4
0 5
0 6
0 7
0 8
0 9
0 10
0 11
1 2
1 3
1 4
1 5
1 6
1 7
1 8
1 9
1 10
1 11
2 4
2 5
2 6
2 7
2 8
2 9
2 10
2 11
3 4
3 5
3 6
3 7
3 8
3 9
3 10
3 11
4 6
4 7
4 8
4 9
4 10
4 11
5 6
5 7
5 8
5 9
5 10
5 11
6 8
6 9
6 10
6 11
7 8
7 9
7 10
7 11
8 10
8 11
9 10
9 11
0 2
0 3
0 4
0 5
0 6
0 7
0 8
0 9
0 10
0 11
1 2
1 3
1 4
1 5
1 6
1 7
1 8
1 9
1 10
1 11
2 4
2 5
2 6
2 7
2 8
2 9
2 10
2 11
3 4
3 5
3 6
3 7
3 8
3 9
3 10
3 11
4 6
4 7
4 8
4 9
4 10
4 11
5 6
5 7
5 8
5 9
5 10
5 11
6 8
6 9
6 10
6 11
7 8
7 9
7 10
7 11
8 10
8 11
9 10
9 11
0 2
0 3
0 4
0 5
0 6
0 7
0 8
0 9
0 10
0 11
1 2
1 3
1 4
1 5
1 6
1 7
1 8
1 9
1 10
1 11
2 4
2 5
2 6
2 7
2 8
2 9
2 10
2 11
3 4
3 5
3 6
3 7
3 8
3 9
3 10
3 11
4 6
4 7
4 8
4 9
4 10
4 11
5 6
5 7
5 8
5 9
5 10
5 11
6 8
6 9
6 10
6 11
7 8
7 9
7 10
7 11
8 10
8 11
9 10
9 11
7080938589157268568 0
18 54 30 33 23 42 13 15 44 51 52 53 9 48 35 6 50 20 55 8 16 0 7 39 12 28 38 47 58 10 21 24 4 22 34 11 5 31 2 49 27 37 59 17 36 3 1 26 41 56 45 32 57 19 43 14 46 40 25 29
37 3 24 6 51 18 7 14 10 19 49 15 40 35 50 57 13 47 25 5 55 1 58 38 22 39 9 26 54 28 32 59 30 48 17 29 27 43 23 8 4 11 45 52 56 21 12 46 20 33 0 44 53 16 34 36 41 42 31 2
18 54 30 33 23 42 13 15 44 51 52 53 9 48 35 6 50 20 55 8 16 0 7 39 12 28 38 47 58 10 21 24 4 22 34 11 5 31 2 49 27 37 59 17 36 3 1 26 41 56 45 32 57 19 43 14 46 40 25 29
37 3 24 6 51 18 7 14 10 19 49 15 40 35 50 57 13 47 25 5 55 1 58 38 22 39 9 26 54 28 32 59 30 48 17 29 27 43 23 8 4 11 45 52 56 21 12 46 20 33 0 44 53 16 34 36 41 42 31 2
4166930194122809142 0
35 38 19 32 52 58 14 29 53 48 41 17 6 0 9 11 5 15 13 46 55 20 39 56 57 2 51 28 27 31 59 25 12 33 43 10 34 30 4 16 7 1 22 44 23 40 49 3 50 37 45 47 42 21 18 54 8 26 36 24
12 9 42 22 19 16 25 50 58 59 30 23 34 8 6 56 31 47 20 57 38 53 24 3 43 4 45 18 5 17 55 29 1 28 7 11 44 41 36 37 40 39 49 48 15 51 46 54 26 27 10 21 33 2 35 13 52 0 14 32
35 38 19 32 52 58 14 29 53 48 41 17 6 0 9 11 5 15 13 46 55 20 39 56 57 2 51 28 27 31 59 25 12 33 43 10 34 30 4 16 7 1 22 44 23 40 49 3 50 37 45 47 42 21 18 54 8 26 36 24
12 9 42 22 19 16 25 50 58 59 30 23 34 8 6 56 31 47 20 57 38 53 24 3 43 4 45 18 5 17 55 29 1 28 7 11 44 41 36 37 40 39 49 48 15 51 46 54 26 27 10 21 33 2 35 13 52 0 14 32
13877774608087398618 0
2 28 19 20 53 59 52 27 31 1 22 18 40 58 11 16 15 4 42 6 24 5 43 54 55 12 0 51 34 48 13 21 35 46 45 14 57 17 25 41 47 32 44 50 8 7 39 23 10 33 36 29 26 38 56 30 3 9 49 37
2 42 30 39 46 44 28 27 0 51 24 15 16 17 57 8 47 53 18 50 31 58 21 11 52 3 23 5 1 59 19 12 37 25 14 35 6 26 48 4 9 45 41 10 34 13 36 54 7 56 22 32 49 29 38 33 55 43 40 20
2 28 19 20 53 59 52 27 31 1 22 18 40 58 11 16 15 4 42 6 24 5 43 54 55 12 0 51 34 48 13 21 35 46 45 14 57 17 25 41 47 32 44 50 8 7 39 23 10 33 36 29 26 38 56 30 3 9 49 37
2 42 30 39 46 44 28 27 0 51 24 15 16 17 57 8 47 53 18 50 31 58 21 11 52 3 23 5 1 59 19 12 37 25 14 35 6 26 48 4 9 45 41 10 34 13 36 54 7 56 22 32 49 29 38 33 55 43 40 20
15426748791775854311 0
52 14 10 47 24 26 43 44 36 45 7 25 58 1 40 31 2 35 17 27 15 13 19 21 33 57 49 29 4 9 41 20 42 5 32 18 23 34 59 37 11 16 53 54 8 3 48 46 38 0 12 50 28 51 55 39 6 22 30 56
11 18 38 27 12 19 53 9 35 32 56 13 49 24 54 7 33 25 16 57 28 14 40 26 23 48 1 52 17 20 22 21 31 47 15 6 46 0 30 41 50 39 8 3 29 43 45 42 34 55 37 2 51 59 10 58 5 4 36 44
52 14 10 47 24 26 43 44 36 45 7 25 58 1 40 31 2 35 17 27 15 13 19 21 33 57 49 29 4 9 41 20 42 5 32 18 23 34 59 37 11 16 53 54 8 3 48 46 38 0 12 50 28 51 55 39 6 22 30 56
11 18 38 27 12 19 53 9 35 32 56 13 49 24 54 7 33 25 16 57 28 14 40 26 23 48 1 52 17 20 22 21 31 47 15 6 46 0 30 41 50 39 8 3 29 43 45 42 34 55 37 2 51 59 10 58 5 4 36 44
17849448540829179582 0
52 36 42 9 19 29 0 46 30 56 12 51 49 54 55 21 41 2 35 18 7 3 47 23 33 13 25 59 22 45 17 44 20 15 8 53 14 27 28 26 58 57 24 39 4 37 34 32 11 48 38 40 6 16 10 1 31 43 5 50
44 1 46 50 4 15 53 54 48 22 52 39 49 16 30 5 6 8 3 11 58 2 14 45 23 19 13 43 42 29 21 33 38 56 24 17 31 57 32 59 26 20 7 34 18 41 0 25 37 10 47 51 9 27 55 12 28 35 36 40
52 36 42 9 19 29 0 46 30 56 12 51 49 54 55 21 41 2 35 18 7 3 47 23 33 13 25 59 22 45 17 44 20 15 8 53 14 27 28 26 58 57 24 39 4 37 34 32 11 48 38 40 6 16 10 1 31 43 5 50
44 1 46 50 4 15 53 54 48 22 52 39 49 16 30 5 6 8 3 11 58 2 14 45 23 19 13 43 42 29 21 33 38 56 24 17 31 57 32 59 26 20 7 34 18 41 0 25 37 10 47 51 9 27 55 12 28 35 36 40
15403488063317490764 0
5 35 25 7 31 21 45 47 46 53 49 1 36 44 41 52 33 0 11 32 12 40 55 30 54 10 34 56 13 20 2 18 29 28 9 19 17 22 6 58 14 50 42 3 4 26 15 16 24 51 8 39 59 23 27 48 38 57 43 37
50 15 56 46 11 0 36 17 54 9 8 51 31 20 4 14 6 29 45 5 40 55 43 25 28 1 48 16 21 12 2 49 26 19 30 47 39 33 58 57 38 41 35 52 7 27 22 13 32 59 34 23 10 42 44 3 37 18 24 53
5 35 25 7 31 21 45 47 46 53 49 1 36 44 41 52 33 0 11 32 12 40 55 30 54 10 34 56 13 20 2 18 29 28 9 19 17 22 6 58 14 50 42 3 4 26 15 16 24 51 8 39 59 23 27 48 38 57 43 37
50 15 56 46 11 0 36 17 54 9 8 51 31 20 4 14 6 29 45 5 40 55 43 25 28 1 48 16 21 12 2 49 26 19 30 47 39 33 58 57 38 41 35 52 7 27 22 13 32 59 34 23 10 42 44 3 37 18 24 53
14987515583761905977 0
21 23 44 53 34 14 58 25 28 50 41 46 19 59 5 9 18 6 47 13 42 12 1 11 38 22 20 29 40 8 52 10 2 3 16 51 24 17 54 43 31 48 55 49 35 32 27 57 37 36 0 33 56 39 45 15 7 4 26 30
38 7 9 46 5 21 43 27 39 33 12 23 0 14 40 4 37 45 18 36 11 52 19 35 26 41 44 49 3 8 24 28 58 54 16 48 2 6 59 17 20 13 25 53 1 32 31 30 22 15 50 42 57 34 56 29 47 55 10 51
21 23 44 53 34 14 58 25 28 50 41 46 19 59 5 9 18 6 47 13 42 12 1 11 38 22 20 29 40 8 52 10 2 3 16 51 24 17 54 43 31 48 55 49 35 32 27 57 37 36 0 33 56 39 45 15 7 4 26 30
38 7 9 46 5 21 43 27 39 33 12 23 0 14 40 4 37 45 18 36 11 52 19 35 26 41 44 49 3 8 24 28 58 54 16 48 2 6 59 17 20 13 25 53 1 32 31 30 22 15 50 42 57 34 56 29 47 55 10 51
14729498854538275781 0
51 35 37 48 1 40 58 36 59 5 47 12 27 29 24 16 20 14 15 0 50 57 26 4 46 13 53 8 25 2 3 30 7 39 33 6 22 55 41 45 44 23 52 38 49 21 18 34 56 42 19 17 54 28 32 10 31 9 43 11
44 53 9 14 1 37 41 4 50 33 45 18 21 10 23 25 39 22 32 49 3 20 30 59 48 34 58 28 2 15 29 36 19 31 27 6 16 8 17 57 11 52 43 35 38 42 46 13 56 5 26 54 0 55 7 47 40 24 51 12
51 35 37 48 1 40 58 36 59 5 47 12 27 29 24 16 20 14 15 0 50 57 26 4 46 13 53 8 25 2 3 30 7 39 33 6 22 55 41 45 44 23 52 38 49 21 18 34 56 42 19 17 54 28 32 10 31 9 43 11
44 53 9 14 1 37 41 4 50 33 45 18 21 10 23 25 39 22 32 49 3 20 30 59 48 34 58 28 2 15 29 36 19 31 27 6 16 8 17 57 11 52 43 35 38 42 46 13 56 5 26 54 0 55 7 47 40 24 51 12
9570177856646176019 0
42 17 58 5 8 4 13 0 55 7 50 51 45 59 14 34 29 32 18 40 28 56 23 11 44 27 53 48 20 6 49 22 25 36 1 12 46 52 21 24 39 31 19 37 33 47 10 35 15 9 16 41 43 30 57 3 38 26 2 54
50 1 10 31 52 47 12 40 11 29 5 35 39 6 4 21 2 45 15 19 33 55 23 53 57 14 56 0 44 27 37 46 8 42 49 26 13 28 34 25 24 20 17 51 16 7 59 36 41 18 48 54 32 9 38 30 43 3 22 58
42 17 58 5 8 4 13 0 55 7 50 51 45 59 14 34 29 32 18 40 28 56 23 11 44 27 53 48 20 6 49 22 25 36 1 12 46 52 21 24 39 31 19 37 33 47 10 35 15 9 16 41 43 30 57 3 38 26 2 54
50 1 10 31 52 47 12 40 11 29 5 35 39 6 4 21 2 45 15 19 33 55 23 53 57 14 56 0 44 27 37 46 8 42 49 26 13 28 34 25 24 20 17 51 16 7 59 36 41 18 48 54 32 9 38 30 43 3 22 58
5348839742765573254 0
22 41 16 34 38 13 49 8 28 44 24 26 20 43 7 30 11 58 1 21 59 5 29 6 10 31 18 39 48 17 0 47 15 27 57 52 23 54 4 33 2 45 40 12 46 25 42 37 51 32 19 14 3 9 56 36 53 35 55 50
27 51 37 25 3 52 13 42 38 11 4 0 54 19 26 21 58 55 44 28 17 40 20 49 24 10 12 43 33 36 39 15 48 5 53 9 22 57 34 32 7 16 23 45 47 50 2 31 6 59 46 14 41 30 1 8 35 29 56 18
22 41 16 34 38 13 49 8 28 44 24 26 20 43 7 30 11 58 1 21 59 5 29 6 10 31 18 39 48 17 0 47 15 27 57 52 23 54 4 33 2 45 40 12 46 25 42 37 51 32 19 14 3 9 56 36 53 35 55 50
27 51 37 25 3 52 13 42 38 11 4 0 54 19 26 21 58 55 44 28 17 40 20 49 24 10 12 43 33 36 39 15 48 5 53 9 22 57 34 32 7 16 23 45 47 50 2 31 6 59 46 14 41 30 1 8 35 29 56 18
18402799506068620387 0
51 0 44 12 48 16 31 23 29 22 42 46 32 34 43 28 1 33 30 21 38 17 56 15 20 55 3 57 10 26 37 9 35 58 27 45 41 11 6 5 19 47 25 14 52 39 7 4 13 53 2 40 59 54 49 18 24 36 50 8
58 44 22 39 14 56 25 49 6 31 52 30 45 16 24 27 33 8 35 15 21 38 11 42 41 0 57 17 29 10 46 50 12 59 2 37 1 7 36 9 19 55 13 47 34 18 23 40 51 43 5 28 53 48 26 3 20 4 54 32
51 0 44 12 48 16 31 23 29 22 42 46 32 34 43 28 1 33 30 21 38 17 56 15 20 55 3 57 10 26 37 9 35 58 27 45 41 11 6 5 19 47 25 14 52 39 7 4 13 53 2 40 59 54 49 18 24 36 50 8
58 44 22 39 14 56 25 49 6 31 52 30 45 16 24 27 33 8 35 15 21 38 11 42 41 0 57 17 29 10 46 50 12 59 2 37 1 7 36 9 19 55 13 47 34 18 23 40 51 43 5 28 53 48 26 3 20 4 54 32
8086980207152912405 0
17 56 59 9 58 51 26 40 2 7 53 1 47 57 34 13 38 18 27 48 54 35 52 10 44 30 23 29 33 49 12 55 3 32 37 46 8 5 15 19 45 25 11 42 0 22 6 24 43 36 28 4 31 16 50 20 21 39 41 14
25 20 3 57 47 11 16 12 24 46 53 44 22 58 37 21 36 17 5 33 28 45 50 35 48 15 26 41 40 18 34 2 55 1 19 13 0 42 31 7 6 38 52 10 51 39 56 32 23 4 59 14 8 43 9 30 49 27 29 54
17 56 59 9 58 51 26 40 2 7 53 1 47 57 34 13 38 18 27 48 54 35 52 10 44 30 23 29 33 49 12 55 3 32 37 46 8 5 15 19 45 25 11 42 0 22 6 24 43 36 28 4 31 16 50 20 21 39 41 14
25 20 3 57 47 11 16 12 24 46 53 44 22 58 37 21 36 17 5 33 28 45 50 35 48 15 26 41 40 18 34 2 55 1 19 13 0 42 31 7 6 38 52 10 51 39 56 32 23 4 59 14 8 43 9 30 49 27 29 54
8836244594902661319 0
15 32 30 49 47 23 28 24 10 7 16 4 3 2 1 54 50 44 20 37 0 48 21 36 43 41 52 58 8 11 26 33 55 59 29 39 46 18 57 6 38 40 42 35 5 14 34 13 12 51 9 19 45 53 22 17 56 25 27 31
59 12 31 40 50 10 33 35 47 23 19 26 52 55 29 42 0 41 37 28 7 17 5 18 32 43 8 21 1 44 14 20 46 39 22 11 3 24 34 56 38 57 45 25 54 9 6 15 58 4 53 27 36 49 30 48 2 16 51 13
15 32 30 49 47 23 28 24 10 7 16 4 3 2 1 54 50 44 20 37 0 48 21 36 43 41 52 58 8 11 26 33 55 59 29 39 46 18 57 6 38 40 42 35 5 14 34 13 12 51 9 19 45 53 22 17 56 25 27 31
59 12 31 40 50 10 33 35 47 23 19 26 52 55 29 42 0 41 37 28 7 17 5 18 32 43 8 21 1 44 14 20 46 39 22 11 3 24 34 56 38 57 45 25 54 9 6 15 58 4 53 27 36 49 30 48 2 16 51 13
9839485196264530899 0
36 28 17 57 52 22 46 13 2 16 11 7 39 56 4 10 41 48 53 47 1 20 18 33 58 59 29 14 23 45 43 42 25 49 32 55 12 27 24 35 15 30 34 9 38 37 5 6 44 21 51 8 54 31 3 19 50 26 40 0
32 43 40 34 42 5 12 16 19 31 22 10 17 55 48 0 30 56 57 41 52 50 38 23 29 24 11 9 53 3 46 13 44 14 8 47 18 20 7 26 28 45 36 58 6 25 59 27 2 51 21 35 39 33 4 15 1 37 49 54
36 28 17 57 52 22 46 13 2 16 11 7 39 56 4 10 41 48 53 47 1 20 18 33 58 59 29 14 23 45 43 42 25 49 32 55 12 27 24 35 15 30 34 9 38 37 5 6 44 21 51 8 54 31 3 19 50 26 40 0
32 43 40 34 42 5 12 16 19 31 22 10 17 55 48 0 30 56 57 41 52 50 38 23 29 24 11 9 53 3 46 13 44 14 8 47 18 20 7 26 28 45 36 58 6 25 59 27 2 51 21 35 39 33 4 15 1 37 49 54
12980833113064518596 0
10 33 5 2 46 55 23 48 36 9 38 43 25 6 40 22 26 21 3 47 12 31 24 0 34 59 57 52 11 7 51 8 37 30 27 13 49 56 35 53 45 44 14 50 17 20 28 29 54 18 16 58 42 32 41 15 1 19 4 39
7 0 41 24 11 18 51 53 3 29 28 17 34 45 9 38 50 22 27 35 54 52 32 8 5 26 30 57 33 20 16 25 55 40 19 42 37 59 36 2 58 31 6 46 15 13 10 49 23 21 1 39 14 43 56 48 44 4 47 12
10 33 5 2 46 55 23 48 36 9 38 43 25 6 40 22 26 21 3 47 12 31 24 0 34 59 57 52 11 7 51 8 37 30 27 13 49 56 35 53 45 44 14 50 17 20 28 29 54 18 16 58 42 32 41 15 1 19 4 39
7 0 41 24 11 18 51 53 3 29 28 17 34 45 9 38 50 22 27 35 54 52 32 8 5 26 30 57 33 20 16 25 55 40 19 42 37 59 36 2 58 31 6 46 15 13 10 49 23 21 1 39 14 43 56 48 44 4 47 12
17609159716404810396 0
55 47 10 0 41 38 39 23 12 36 9 24 22 58 33 25 26 44 46 11 18 35 15 8 13 14 32 56 5 7 21 3 6 43 1 17 54 2 53 42 20 16 51 31 34 19 48 57 45 50 59 4 49 37 40 28 52 27 30 29
51 18 30 45 48 29 36 11 49 6 43 59 13 56 58 37 57 40 50 35 22 16 52 8 31 19 26 9 53 55 5 21 10 24 32 33 41 47 39 46 28 20 17 27 38 1 34 42 15 23 12 0 54 3 7 2 14 25 4 44
55 47 10 0 41 38 39 23 12 36 9 24 22 58 33 25 26 44 46 11 18 35 15 8 13 14 32 56 5 7 21 3 6 43 1 17 54 2 53 42 20 16 51 31 34 19 48 57 45 50 59 4 49 37 40 28 52 27 30 29
51 18 30 45 48 29 36 11 49 6 43 59 13 56 58 37 57 40 50 35 22 16 52 8 31 19 26 9 53 55 5 21 10 24 32 33 41 47 39 46 28 20 17 27 38 1 34 42 15 23 12 0 54 3 7 2 14 25 4 44
