FACTOR_PERMUTATION_V1 12 16 1024 1 3.25
10 0 1 1 1 1 1 1 1 1 1 1 1 0 2 2 2 2 1 2 2 2 2 2 1 0 2 2 2 2 1 2 2 2 2 2
0 10 1 1 1 1 1 1 1 1 1 1 0 1 2 2 2 2 2 1 2 2 2 2 0 1 2 2 2 2 2 1 2 2 2 2
1 1 10 0 1 1 1 1 1 1 1 1 2 2 1 0 2 2 2 2 1 2 2 2 2 2 1 0 2 2 2 2 1 2 2 2
1 1 0 10 1 1 1 1 1 1 1 1 2 2 0 1 2 2 2 2 2 1 2 2 2 2 0 1 2 2 2 2 2 1 2 2
1 1 1 1 10 0 1 1 1 1 1 1 2 2 2 2 1 0 2 2 2 2 1 2 2 2 2 2 1 0 2 2 2 2 1 2
1 1 1 1 0 10 1 1 1 1 1 1 2 2 2 2 0 1 2 2 2 2 2 1 2 2 2 2 0 1 2 2 2 2 2 1
1 1 1 1 1 1 10 0 1 1 1 1 1 2 2 2 2 2 1 0 2 2 2 2 1 2 2 2 2 2 1 0 2 2 2 2
1 1 1 1 1 1 0 10 1 1 1 1 2 1 2 2 2 2 0 1 2 2 2 2 2 1 2 2 2 2 0 1 2 2 2 2
1 1 1 1 1 1 1 1 10 0 1 1 2 2 1 2 2 2 2 2 1 0 2 2 2 2 1 2 2 2 2 2 1 0 2 2
1 1 1 1 1 1 1 1 0 10 1 1 2 2 2 1 2 2 2 2 0 1 2 2 2 2 2 1 2 2 2 2 0 1 2 2
1 1 1 1 1 1 1 1 1 1 10 0 2 2 2 2 1 2 2 2 2 2 1 0 2 2 2 2 1 2 2 2 2 2 1 0
1 1 1 1 1 1 1 1 1 1 0 10 2 2 2 2 2 1 2 2 2 2 0 1 2 2 2 2 2 1 2 2 2 2 0 1
1 0 2 2 2 2 1 2 2 2 2 2 10 0 1 1 1 1 1 1 1 1 1 1 1 2 2 2 2 2 1 0 2 2 2 2
0 1 2 2 2 2 2 1 2 2 2 2 0 10 1 1 1 1 1 1 1 1 1 1 2 1 2 2 2 2 0 1 2 2 2 2
2 2 1 0 2 2 2 2 1 2 2 2 1 1 10 0 1 1 1 1 1 1 1 1 2 2 1 2 2 2 2 2 1 0 2 2
2 2 0 1 2 2 2 2 2 1 2 2 1 1 0 10 1 1 1 1 1 1 1 1 2 2 2 1 2 2 2 2 0 1 2 2
2 2 2 2 1 0 2 2 2 2 1 2 1 1 1 1 10 0 1 1 1 1 1 1 2 2 2 2 1 2 2 2 2 2 1 0
2 2 2 2 0 1 2 2 2 2 2 1 1 1 1 1 0 10 1 1 1 1 1 1 2 2 2 2 2 1 2 2 2 2 0 1
1 2 2 2 2 2 1 0 2 2 2 2 1 1 1 1 1 1 10 0 1 1 1 1 1 0 2 2 2 2 1 2 2 2 2 2
2 1 2 2 2 2 0 1 2 2 2 2 1 1 1 1 1 1 0 10 1 1 1 1 0 1 2 2 2 2 2 1 2 2 2 2
2 2 1 2 2 2 2 2 1 0 2 2 1 1 1 1 1 1 1 1 10 0 1 1 2 2 1 0 2 2 2 2 1 2 2 2
2 2 2 1 2 2 2 2 0 1 2 2 1 1 1 1 1 1 1 1 0 10 1 1 2 2 0 1 2 2 2 2 2 1 2 2
2 2 2 2 1 2 2 2 2 2 1 0 1 1 1 1 1 1 1 1 1 1 10 0 2 2 2 2 1 0 2 2 2 2 1 2
2 2 2 2 2 1 2 2 2 2 0 1 1 1 1 1 1 1 1 1 1 1 0 10 2 2 2 2 0 1 2 2 2 2 2 1
1 0 2 2 2 2 1 2 2 2 2 2 1 2 2 2 2 2 1 0 2 2 2 2 10 0 1 1 1 1 1 1 1 1 1 1
0 1 2 2 2 2 2 1 2 2 2 2 2 1 2 2 2 2 0 1 2 2 2 2 0 10 1 1 1 1 1 1 1 1 1 1
2 2 1 0 2 2 2 2 1 2 2 2 2 2 1 2 2 2 2 2 1 0 2 2 1 1 10 0 1 1 1 1 1 1 1 1
2 2 0 1 2 2 2 2 2 1 2 2 2 2 2 1 2 2 2 2 0 1 2 2 1 1 0 10 1 1 1 1 1 1 1 1
2 2 2 2 1 0 2 2 2 2 1 2 2 2 2 2 1 2 2 2 2 2 1 0 1 1 1 1 10 0 1 1 1 1 1 1
2 2 2 2 0 1 2 2 2 2 2 1 2 2 2 2 2 1 2 2 2 2 0 1 1 1 1 1 0 10 1 1 1 1 1 1
1 2 2 2 2 2 1 0 2 2 2 2 1 0 2 2 2 2 1 2 2 2 2 2 1 1 1 1 1 1 10 0 1 1 1 1
2 1 2 2 2 2 0 1 2 2 2 2 0 1 2 2 2 2 2 1 2 2 2 2 1 1 1 1 1 1 0 10 1 1 1 1
2 2 1 2 2 2 2 2 1 0 2 2 2 2 1 0 2 2 2 2 1 2 2 2 1 1 1 1 1 1 1 1 10 0 1 1
2 2 2 1 2 2 2 2 0 1 2 2 2 2 0 1 2 2 2 2 2 1 2 2 1 1 1 1 1 1 1 1 0 10 1 1
2 2 2 2 1 2 2 2 2 2 1 0 2 2 2 2 1 0 2 2 2 2 1 2 1 1 1 1 1 1 1 1 1 1 10 0
2 2 2 2 2 1 2 2 2 2 0 1 2 2 2 2 0 1 2 2 2 2 2 1 1 1 1 1 1 1 1 1 1 1 0 10
0 2
0 3
0 4
0 5
0 6
0 7
0 8
0 9
0 10
0 11
1 2
1 3
1 4
1 5
1 6
1 7
1 8
1 9
1 10
1 11
2 4
2 5
2 6
2 7
2 8
2 9
2 10
2 11
3 4
3 5
3 6
3 7
3 8
3 9
3 10
3 11
4 6
4 7
4 8
4 9
4 10
4 11
5 6
5 7
5 8
5 9
5 10
5 11
6 8
6 9
6 10
6 11
7 8
7 9
7 10
7 11
8 10
8 11
9 10
9 11
0 2
0 3
0 4
0 5
0 6
0 7
0 8
0 9
0 10
0 11
1 2
1 3
1 4
1 5
1 6
1 7
1 8
1 9
1 10
1 11
2 4
2 5
2 6
2 7
2 8
2 9
2 10
2 11
3 4
3 5
3 6
3 7
3 8
3 9
3 10
3 11
4 6
4 7
4 8
4 9
4 10
4 11
5 6
5 7
5 8
5 9
5 10
5 11
6 8
6 9
6 10
6 11
7 8
7 9
7 10
7 11
8 10
8 11
9 10
9 11
0 2
0 3
0 4
0 5
0 6
0 7
0 8
0 9
0 10
0 11
1 2
1 3
1 4
1 5
1 6
1 7
1 8
1 9
1 10
1 11
2 4
2 5
2 6
2 7
2 8
2 9
2 10
2 11
3 4
3 5
3 6
3 7
3 8
3 9
3 10
3 11
4 6
4 7
4 8
4 9
4 10
4 11
5 6
5 7
5 8
5 9
5 10
5 11
6 8
6 9
6 10
6 11
7 8
7 9
7 10
7 11
8 10
8 11
9 10
9 11
17810703623536507269 7168
44 26 42 51 27 45 15 8 56 1 52 57 9 36 30 0 41 46 39 29 50 19 16 33 2 25 23 43 28 54 4 13 17 37 14 35 20 18 22 7 59 48 3 24 6 40 49 53 34 55 10 38 47 58 32 21 5 12 31 11
0 37 57 29 34 8 7 41 25 19 16 10 28 46 49 27 54 55 38 39 44 52 43 40 9 3 42 36 14 58 22 32 51 48 2 53 12 17 50 31 30 5 24 47 56 4 15 59 35 20 1 45 33 13 6 23 21 11 18 26
3 33 53 30 40 57 41 10 59 5 50 55 47 1 46 32 48 20 28 21 37 58 12 2 22 19 6 45 36 16 9 15 51 34 44 25 52 0 35 49 42 24 39 29 54 27 23 14 13 4 26 11 7 18 17 56 8 31 43 38
55 9 51 23 24 32 25 1 40 45 57 56 30 58 21 41 54 37 44 36 6 33 11 14 20 13 49 16 7 48 31 34 29 12 0 43 39 19 15 22 52 27 18 3 35 4 53 28 2 47 50 59 38 26 46 17 8 42 10 5
10609710714674067252 7168
40 48 53 21 50 7 37 34 25 49 59 51 12 30 42 38 33 24 8 43 0 28 5 32 17 14 13 9 31 55 6 15 26 36 3 10 18 2 4 35 45 23 44 29 54 19 52 58 27 39 56 16 11 47 57 22 46 41 20 1
33 45 8 57 20 13 21 51 54 37 48 0 26 34 59 35 9 46 36 42 2 3 55 38 52 27 19 50 56 49 44 41 18 15 7 4 16 39 22 31 30 12 10 23 1 17 32 53 43 24 14 58 47 25 5 6 40 28 29 11
47 24 40 39 44 27 28 58 30 5 45 15 51 1 26 49 10 16 41 32 52 11 2 36 57 8 14 3 35 4 9 46 37 42 38 12 7 34 53 17 0 23 25 54 13 6 43 33 19 31 50 56 29 20 55 59 18 22 21 48
9 46 31 47 28 59 54 50 20 21 52 41 14 30 35 38 27 45 37 43 56 4 12 3 36 39 58 11 49 57 10 16 42 23 17 6 44 0 55 1 5 22 18 34 48 26 25 53 29 19 24 7 40 13 32 8 15 33 2 51
13217501879513061972 7168
8 47 23 1 32 39 41 45 22 56 49 38 57 21 34 35 40 10 42 7 51 52 44 24 5 26 59 14 4 58 36 0 13 27 15 17 25 33 46 20 16 31 19 2 18 3 6 29 12 53 37 9 50 55 54 28 48 43 30 11
29 45 27 37 31 38 22 51 47 24 8 39 14 30 59 40 16 10 6 35 32 49 20 9 17 58 44 53 55 52 26 48 54 4 41 36 3 25 5 12 1 33 57 7 34 19 56 18 46 28 23 13 2 21 11 15 42 0 50 43
50 28 9 56 24 53 47 4 39 30 57 33 36 21 26 40 6 14 42 10 35 0 25 55 11 45 18 2 58 16 22 46 44 43 52 48 19 38 7 8 13 5 15 31 32 17 49 37 51 12 1 41 34 27 3 59 20 23 54 29
27 50 24 34 2 44 55 58 36 43 40 35 52 42 23 25 51 33 1 56 7 48 46 30 8 12 15 19 14 49 29 6 37 39 13 38 26 21 47 31 45 59 57 18 10 5 54 28 17 3 20 16 41 9 11 53 32 0 4 22
2805971721105911719 7168
29 8 5 2 49 39 51 21 32 57 40 35 27 43 48 18 44 52 25 28 30 26 10 4 46 54 17 53 23 47 59 50 15 36 6 7 24 41 42 58 33 12 45 1 31 11 14 16 37 9 38 34 56 20 3 19 22 0 13 55
44 17 27 48 22 59 54 43 8 30 36 26 32 56 9 49 12 55 42 53 45 0 41 34 19 37 46 39 51 31 15 33 21 3 13 38 47 4 20 50 5 10 40 57 18 35 16 58 29 25 6 52 24 11 23 2 28 1 7 14
21 8 47 22 34 52 51 37 33 7 53 38 25 14 30 35 18 3 56 28 31 6 45 15 36 54 41 42 55 43 48 9 46 49 12 2 20 59 32 16 50 23 44 29 1 58 24 5 11 27 13 19 40 57 0 39 17 10 4 26
23 7 31 56 47 39 28 55 21 19 57 15 36 59 20 58 26 32 22 29 4 43 17 46 48 25 53 8 13 24 45 9 49 54 5 38 11 52 41 51 33 27 2 14 18 50 16 30 40 42 44 6 35 0 34 3 1 10 12 37
13533555501533876553 7168
42 35 38 20 44 9 3 37 56 55 13 46 54 33 34 25 36 48 17 27 19 5 14 24 58 43 1 39 32 51 7 12 22 15 18 53 28 0 11 8 49 30 29 40 57 4 52 10 41 59 47 16 31 21 45 50 23 2 26 6
12 4 25 50 6 26 35 20 53 34 58 48 27 57 18 56 0 51 1 44 19 52 40 43 13 49 3 14 55 5 59 16 47 31 24 2 29 33 30 42 54 23 10 7 36 45 46 39 17 21 32 41 38 9 22 28 11 8 37 15
40 55 27 49 50 28 47 39 44 0 45 46 7 4 24 17 23 31 38 14 57 9 12 52 42 5 22 37 32 16 53 19 36 18 59 3 15 56 51 2 33 25 34 58 54 41 43 30 13 29 8 35 6 26 10 20 11 1 21 48
49 41 37 59 26 3 32 43 27 56 36 44 11 29 16 54 8 58 53 55 15 7 1 21 52 51 20 46 4 39 38 18 19 23 6 0 45 57 22 10 34 35 9 24 14 30 31 12 40 17 50 25 28 5 48 33 13 47 42 2
1570596823394319470 7168
40 24 49 23 16 20 57 46 1 29 17 44 36 42 25 34 19 51 27 35 31 12 4 43 56 13 9 10 22 50 58 5 55 14 37 2 0 59 7 32 30 39 18 11 3 8 53 45 47 33 54 48 28 41 26 6 21 15 38 52
20 44 53 36 41 16 34 9 25 23 54 28 57 45 30 39 58 24 43 14 10 7 47 52 6 4 49 59 27 5 19 31 51 42 56 21 50 2 18 55 38 29 32 22 12 11 17 48 13 8 33 40 46 0 26 35 1 37 15 3
38 58 39 31 57 46 5 3 4 30 49 23 10 51 44 28 47 40 16 37 55 43 33 14 8 45 21 22 41 54 19 29 13 50 2 6 34 7 24 11 42 1 9 18 0 56 17 15 48 25 26 20 35 27 32 59 36 52 53 12
45 54 48 10 55 33 2 3 30 15 39 44 37 24 6 42 22 28 56 59 5 49 9 38 57 23 13 46 1 36 58 41 43 35 52 4 14 27 53 34 7 26 17 0 31 18 19 32 12 47 20 11 40 50 21 16 8 51 29 25
8235858650037376970 7168
39 19 54 49 32 23 33 6 40 21 14 37 20 28 44 41 27 56 31 8 59 52 22 50 13 34 2 9 30 46 18 5 4 47 58 25 51 7 15 10 1 48 26 3 53 55 12 16 17 43 11 35 38 45 42 29 24 57 0 36
45 58 57 52 54 29 35 9 36 20 0 49 8 21 22 33 51 39 16 32 18 50 12 31 38 55 25 14 34 1 47 40 44 48 5 3 59 27 10 15 42 7 26 17 41 13 6 23 56 11 28 4 2 53 24 37 30 43 46 19
38 58 27 42 46 41 3 15 6 28 14 29 57 48 9 23 33 8 40 45 59 49 34 54 55 36 43 21 12 52 13 56 51 47 16 37 30 10 17 31 24 1 5 7 20 26 4 35 2 39 25 18 44 0 11 32 19 53 50 22
45 46 52 24 33 25 11 41 40 4 28 27 3 17 26 43 2 57 30 48 19 42 10 59 29 5 7 22 44 50 14 6 51 8 53 12 54 0 38 49 35 39 32 1 18 15 21 31 13 58 16 9 37 36 56 47 23 55 20 34
18240074124787078402 7168
59 33 57 20 3 22 34 56 12 31 46 42 26 32 45 39 51 55 11 0 25 15 35 30 37 27 53 2 4 16 41 14 40 6 52 21 38 8 49 5 29 17 7 18 10 50 9 48 54 58 24 19 13 43 1 23 47 28 36 44
19 8 23 33 57 43 28 25 32 5 56 59 49 40 37 2 18 34 22 31 6 27 17 44 16 47 42 53 12 54 36 1 29 14 50 48 13 9 55 20 10 38 58 15 26 52 30 51 35 46 3 0 39 41 45 24 7 21 4 11
2 56 54 55 30 58 28 21 24 29 10 42 49 34 59 57 0 38 37 26 13 52 40 5 50 51 17 22 16 6 43 41 18 39 35 3 25 31 9 27 48 11 8 14 12 53 46 7 32 19 45 20 44 1 47 15 23 36 4 33
31 32 27 23 29 40 41 56 47 49 26 8 39 33 36 53 21 14 34 3 51 17 58 12 55 45 4 38 46 42 57 16 15 43 50 20 19 10 48 1 6 5 30 54 7 44 24 11 18 0 13 52 2 9 25 35 28 22 59 37
15116612152931464756 7168
24 16 27 28 36 47 54 43 7 48 3 53 22 49 35 19 51 34 17 52 15 14 46 33 57 2 32 20 59 4 30 44 50 38 37 18 39 56 1 23 13 31 26 0 45 11 5 8 55 42 6 12 40 9 21 29 10 41 58 25
44 40 54 53 10 7 35 20 57 58 26 47 30 33 34 32 16 27 37 25 23 55 17 19 12 14 4 42 48 49 46 43 5 38 45 59 8 31 39 9 11 15 6 18 56 13 28 24 41 29 52 3 51 0 2 1 21 22 36 50
56 26 52 42 40 2 31 22 59 25 4 41 35 28 23 17 18 46 24 30 58 7 20 43 19 15 36 8 50 11 45 32 44 39 55 3 47 13 53 14 6 38 48 0 21 54 5 27 9 51 33 12 57 37 10 16 29 49 34 1
54 22 25 40 59 44 2 13 45 51 27 55 16 30 46 56 28 42 12 39 19 36 4 35 8 47 24 17 1 15 38 58 14 53 49 5 23 33 43 50 7 48 29 32 9 52 26 21 34 41 3 10 57 11 37 6 18 31 0 20
1235604914231623650 7168
45 41 30 51 24 32 27 53 46 31 19 6 33 44 50 14 48 20 34 15 56 13 40 2 26 54 52 4 37 0 47 11 55 57 42 7 1 9 18 22 25 23 21 12 5 8 43 59 36 16 17 10 58 35 38 3 29 28 39 49
43 44 12 55 4 41 39 32 53 11 0 47 18 49 33 29 34 14 2 20 16 8 30 38 37 3 40 57 5 56 7 17 35 13 42 31 21 26 27 36 1 51 28 58 45 22 24 48 10 6 15 23 52 54 25 9 50 46 19 59
49 51 37 56 10 32 59 20 46 18 57 12 4 21 44 58 22 15 28 33 0 53 17 47 5 36 42 23 6 41 50 1 40 7 52 29 8 13 11 19 24 14 30 25 45 55 16 2 48 26 39 35 27 43 34 31 9 38 54 3
42 56 33 9 59 37 32 20 29 53 23 13 7 36 25 38 35 34 58 19 50 54 40 17 45 15 57 28 3 51 52 44 8 41 49 39 16 11 2 55 6 24 21 1 48 22 18 31 30 47 0 4 46 5 10 27 12 43 14 26
8821324479381483061 7168
19 53 57 33 46 8 42 52 41 20 2 40 51 0 47 44 58 31 30 49 25 45 50 4 38 43 10 7 48 9 17 24 6 12 21 13 28 15 34 54 59 23 5 39 55 18 16 14 11 27 56 22 37 29 26 32 36 1 3 35
49 37 36 21 25 52 29 18 11 8 10 59 46 20 19 7 40 50 53 35 51 15 3 57 22 39 34 45 26 4 44 5 9 13 48 1 17 58 31 6 0 28 33 2 30 55 24 56 41 54 14 38 32 27 47 42 43 16 12 23
0 49 23 59 8 41 13 18 38 31 25 54 43 50 27 29 20 30 6 37 12 21 44 51 55 19 42 11 35 39 33 7 48 5 10 57 28 34 4 14 58 9 26 53 3 1 16 56 32 2 47 52 46 24 17 36 15 40 22 45
19 44 35 51 58 7 56 28 2 25 8 55 49 39 57 21 30 43 16 38 6 45 59 31 54 10 22 41 34 52 1 18 37 42 48 4 17 50 36 27 53 24 23 12 11 0 46 32 47 29 20 14 9 40 33 26 15 13 3 5
9013111901341554656 7168
14 53 15 1 29 38 50 35 45 57 51 39 11 52 20 32 41 0 17 42 58 12 22 25 43 7 55 37 56 48 47 19 30 31 3 26 49 2 13 5 24 27 59 46 54 40 16 34 8 6 18 33 23 44 4 10 28 9 21 36
57 41 58 42 10 45 5 55 1 6 50 43 38 25 20 51 26 3 53 35 0 29 8 16 15 40 13 48 18 37 49 11 21 36 56 12 59 22 52 28 14 31 44 39 27 4 2 54 19 24 46 30 34 47 32 9 7 33 23 17
36 46 52 1 47 58 34 10 49 37 13 50 8 6 45 27 11 28 24 30 4 21 18 40 43 42 7 53 59 14 38 55 31 0 29 32 56 33 19 41 5 57 35 2 51 15 26 17 12 39 48 20 9 25 44 16 23 3 54 22
3 11 35 50 45 7 24 57 30 23 32 39 21 49 27 31 2 14 46 0 59 5 12 55 58 37 10 56 48 44 8 42 41 40 15 38 26 54 18 6 28 53 17 16 34 22 19 47 33 36 52 29 9 13 20 25 43 4 1 51
6210385455621214308 7168
1 37 35 18 47 26 0 59 38 29 24 48 31 52 46 33 30 19 40 39 45 4 27 42 16 54 53 36 6 9 49 58 43 12 11 8 22 5 55 14 13 56 17 57 34 44 50 25 28 32 51 7 41 20 21 2 10 15 3 23
24 28 5 27 12 47 46 31 4 45 40 44 9 26 1 37 57 51 38 14 11 23 55 7 36 49 43 21 59 16 41 18 42 8 29 2 50 13 56 39 25 33 6 0 54 52 17 30 22 15 10 58 3 35 48 32 19 53 34 20
18 37 33 49 47 26 0 59 38 29 2 48 31 52 46 35 30 19 40 39 45 32 44 51 16 54 53 14 6 8 50 58 43 17 10 36 9 5 55 22 15 56 12 13 34 3 1 25 28 27 42 7 20 41 21 24 11 57 4 23
54 42 5 41 20 27 46 50 11 31 38 43 22 26 51 29 58 57 37 16 55 2 13 7 36 49 47 10 59 14 44 18 28 8 1 23 32 35 56 40 25 4 52 33 24 6 45 30 9 15 0 39 3 17 48 21 19 53 34 12
2710537546858329176 7168
23 57 28 29 51 8 11 7 39 0 24 38 1 25 40 41 9 12 34 14 49 16 36 2 47 58 46 53 13 50 54 56 5 21 15 33 10 45 26 27 48 52 59 43 55 4 32 20 42 3 44 6 18 22 17 35 37 30 31 19
18 36 31 17 29 59 55 58 44 35 49 45 20 23 22 54 16 28 9 34 13 8 7 24 41 53 33 42 32 40 15 26 1 51 37 14 56 4 30 2 19 39 11 48 57 25 43 0 21 12 27 52 3 47 38 46 6 5 50 10
36 42 28 58 27 24 52 26 45 43 50 31 59 29 44 22 14 13 7 39 25 57 19 56 3 21 12 49 40 10 35 41 37 18 6 4 53 9 55 15 48 1 8 33 38 5 0 16 46 2 54 20 34 32 23 11 30 47 17 51
1 48 37 52 32 55 4 18 45 28 53 22 34 44 58 20 13 40 16 9 51 25 10 24 15 42 46 38 7 6 41 21 11 19 39 47 43 17 56 57 27 26 30 12 50 59 29 31 35 0 36 14 8 3 54 33 23 5 2 49
14124136492866205149 7168
8 38 59 22 37 3 52 14 53 27 19 49 25 29 48 47 58 24 12 1 36 55 7 46 21 39 30 13 45 50 44 56 16 9 31 15 34 5 4 57 10 51 0 11 40 18 6 32 17 28 26 41 35 43 54 20 42 2 33 23
13 4 23 25 11 44 3 46 40 28 59 58 41 15 37 26 34 5 45 51 6 1 42 17 14 21 31 24 53 27 36 32 12 7 56 55 0 47 39 50 48 16 18 22 52 2 33 49 35 19 10 57 54 20 38 8 29 30 9 43
36 9 22 53 59 46 12 40 39 3 20 57 47 45 51 2 56 48 34 0 41 8 54 44 25 15 49 17 33 19 28 14 43 58 31 10 23 32 52 50 16 5 11 26 4 27 24 30 18 21 13 38 55 1 7 35 29 42 6 37
35 4 46 31 16 49 38 44 7 20 25 51 34 48 58 17 18 21 1 57 0 14 12 41 54 39 50 8 36 43 28 3 45 55 56 11 27 15 19 32 52 24 47 2 6 26 13 59 22 5 9 53 30 40 29 23 10 37 33 42
14044171489000549692 7168
35 49 59 8 45 28 47 21 52 20 46 15 11 14 39 51 32 2 23 36 7 57 41 24 43 12 4 55 56 58 3 40 9 13 17 48 16 27 22 50 34 37 0 6 54 53 25 29 38 26 44 30 33 5 42 1 18 10 31 19
42 57 38 35 29 5 8 49 53 24 26 40 47 0 59 48 18 52 30 28 31 23 34 41 6 7 58 17 2 16 12 9 45 43 4 51 56 54 32 10 19 14 27 3 36 50 15 1 21 39 13 37 22 46 44 25 11 55 20 33
7 52 27 13 33 29 40 36 1 57 19 2 35 53 46 25 30 58 44 10 12 23 9 56 21 42 45 55 0 34 51 32 16 47 15 50 38 59 5 14 31 49 3 41 8 54 22 6 48 18 20 11 28 26 4 43 17 39 37 24
57 41 34 27 58 28 15 26 43 6 1 32 10 39 19 13 47 50 38 3 52 18 12 9 40 42 5 22 37 0 44 46 51 55 56 53 49 7 33 45 30 36 4 54 48 25 31 17 23 20 21 16 2 11 24 59 8 29 14 35
