FACTOR_PERMUTATION_V1 12 16 1024 1 3.25
10 0 1 1 1 1 1 1 1 1 1 1 1 0 2 2 2 2 1 2 2 2 2 2 1 0 2 2 2 2 1 2 2 2 2 2
0 10 1 1 1 1 1 1 1 1 1 1 0 1 2 2 2 2 2 1 2 2 2 2 0 1 2 2 2 2 2 1 2 2 2 2
1 1 10 0 1 1 1 1 1 1 1 1 2 2 1 0 2 2 2 2 1 2 2 2 2 2 1 0 2 2 2 2 1 2 2 2
1 1 0 10 1 1 1 1 1 1 1 1 2 2 0 1 2 2 2 2 2 1 2 2 2 2 0 1 2 2 2 2 2 1 2 2
1 1 1 1 10 0 1 1 1 1 1 1 2 2 2 2 1 0 2 2 2 2 1 2 2 2 2 2 1 0 2 2 2 2 1 2
1 1 1 1 0 10 1 1 1 1 1 1 2 2 2 2 0 1 2 2 2 2 2 1 2 2 2 2 0 1 2 2 2 2 2 1
1 1 1 1 1 1 10 0 1 1 1 1 1 2 2 2 2 2 1 0 2 2 2 2 1 2 2 2 2 2 1 0 2 2 2 2
1 1 1 1 1 1 0 10 1 1 1 1 2 1 2 2 2 2 0 1 2 2 2 2 2 1 2 2 2 2 0 1 2 2 2 2
1 1 1 1 1 1 1 1 10 0 1 1 2 2 1 2 2 2 2 2 1 0 2 2 2 2 1 2 2 2 2 2 1 0 2 2
1 1 1 1 1 1 1 1 0 10 1 1 2 2 2 1 2 2 2 2 0 1 2 2 2 2 2 1 2 2 2 2 0 1 2 2
1 1 1 1 1 1 1 1 1 1 10 0 2 2 2 2 1 2 2 2 2 2 1 0 2 2 2 2 1 2 2 2 2 2 1 0
1 1 1 1 1 1 1 1 1 1 0 10 2 2 2 2 2 1 2 2 2 2 0 1 2 2 2 2 2 1 2 2 2 2 0 1
1 0 2 2 2 2 1 2 2 2 2 2 10 0 1 1 1 1 1 1 1 1 1 1 1 2 2 2 2 2 1 0 2 2 2 2
0 1 2 2 2 2 2 1 2 2 2 2 0 10 1 1 1 1 1 1 1 1 1 1 2 1 2 2 2 2 0 1 2 2 2 2
2 2 1 0 2 2 2 2 1 2 2 2 1 1 10 0 1 1 1 1 1 1 1 1 2 2 1 2 2 2 2 2 1 0 2 2
2 2 0 1 2 2 2 2 2 1 2 2 1 1 0 10 1 1 1 1 1 1 1 1 2 2 2 1 2 2 2 2 0 1 2 2
2 2 2 2 1 0 2 2 2 2 1 2 1 1 1 1 10 0 1 1 1 1 1 1 2 2 2 2 1 2 2 2 2 2 1 0
2 2 2 2 0 1 2 2 2 2 2 1 1 1 1 1 0 10 1 1 1 1 1 1 2 2 2 2 2 1 2 2 2 2 0 1
1 2 2 2 2 2 1 0 2 2 2 2 1 1 1 1 1 1 10 0 1 1 1 1 1 0 2 2 2 2 1 2 2 2 2 2
2 1 2 2 2 2 0 1 2 2 2 2 1 1 1 1 1 1 0 10 1 1 1 1 0 1 2 2 2 2 2 1 2 2 2 2
2 2 1 2 2 2 2 2 1 0 2 2 1 1 1 1 1 1 1 1 10 0 1 1 2 2 1 0 2 2 2 2 1 2 2 2
2 2 2 1 2 2 2 2 0 1 2 2 1 1 1 1 1 1 1 1 0 10 1 1 2 2 0 1 2 2 2 2 2 1 2 2
2 2 2 2 1 2 2 2 2 2 1 0 1 1 1 1 1 1 1 1 1 1 10 0 2 2 2 2 1 0 2 2 2 2 1 2
2 2 2 2 2 1 2 2 2 2 0 1 1 1 1 1 1 1 1 1 1 1 0 10 2 2 2 2 0 1 2 2 2 2 2 1
1 0 2 2 2 2 1 2 2 2 2 2 1 2 2 2 2 2 1 0 2 2 2 2 10 0 1 1 1 1 1 1 1 1 1 1
0 1 2 2 2 2 2 1 2 2 2 2 2 1 2 2 2 2 0 1 2 2 2 2 0 10 1 1 1 1 1 1 1 1 1 1
2 2 1 0 2 2 2 2 1 2 2 2 2 2 1 2 2 2 2 2 1 0 2 2 1 1 10 0 1 1 1 1 1 1 1 1
2 2 0 1 2 2 2 2 2 1 2 2 2 2 2 1 2 2 2 2 0 1 2 2 1 1 0 10 1 1 1 1 1 1 1 1
2 2 2 2 1 0 2 2 2 2 1 2 2 2 2 2 1 2 2 2 2 2 1 0 1 1 1 1 10 0 1 1 1 1 1 1
2 2 2 2 0 1 2 2 2 2 2 1 2 2 2 2 2 1 2 2 2 2 0 1 1 1 1 1 0 10 1 1 1 1 1 1
1 2 2 2 2 2 1 0 2 2 2 2 1 0 2 2 2 2 1 2 2 2 2 2 1 1 1 1 1 1 10 0 1 1 1 1
2 1 2 2 2 2 0 1 2 2 2 2 0 1 2 2 2 2 2 1 2 2 2 2 1 1 1 1 1 1 0 10 1 1 1 1
2 2 1 2 2 2 2 2 1 0 2 2 2 2 1 0 2 2 2 2 1 2 2 2 1 1 1 1 1 1 1 1 10 0 1 1
2 2 2 1 2 2 2 2 0 1 2 2 2 2 0 1 2 2 2 2 2 1 2 2 1 1 1 1 1 1 1 1 0 10 1 1
2 2 2 2 1 2 2 2 2 2 1 0 2 2 2 2 1 0 2 2 2 2 1 2 1 1 1 1 1 1 1 1 1 1 10 0
2 2 2 2 2 1 2 2 2 2 0 1 2 2 2 2 0 1 2 2 2 2 2 1 1 1 1 1 1 1 1 1 1 1 0 10
0 2
0 3
0 4
0 5
0 6
0 7
0 8
0 9
0 10
0 11
1 2
1 3
1 4
1 5
1 6
1 7
1 8
1 9
1 10
1 11
2 4
2 5
2 6
2 7
2 8
2 9
2 10
2 11
3 4
3 5
3 6
3 7
3 8
3 9
3 10
3 11
4 6
4 7
4 8
4 9
4 10
4 11
5 6
5 7
5 8
5 9
5 10
5 11
6 8
6 9
6 10
6 11
7 8
7 9
7 10
7 11
8 10
8 11
9 10
9 11
0 2
0 3
0 4
0 5
0 6
0 7
0 8
0 9
0 10
0 11
1 2
1 3
1 4
1 5
1 6
1 7
1 8
1 9
1 10
1 11
2 4
2 5
2 6
2 7
2 8
2 9
2 10
2 11
3 4
3 5
3 6
3 7
3 8
3 9
3 10
3 11
4 6
4 7
4 8
4 9
4 10
4 11
5 6
5 7
5 8
5 9
5 10
5 11
6 8
6 9
6 10
6 11
7 8
7 9
7 10
7 11
8 10
8 11
9 10
9 11
0 2
0 3
0 4
0 5
0 6
0 7
0 8
0 9
0 10
0 11
1 2
1 3
1 4
1 5
1 6
1 7
1 8
1 9
1 10
1 11
2 4
2 5
2 6
2 7
2 8
2 9
2 10
2 11
3 4
3 5
3 6
3 7
3 8
3 9
3 10
3 11
4 6
4 7
4 8
4 9
4 10
4 11
5 6
5 7
5 8
5 9
5 10
5 11
6 8
6 9
6 10
6 11
7 8
7 9
7 10
7 11
8 10
8 11
9 10
9 11
4753880033044394798 4096
21 52 32 46 39 7 31 41 30 44 18 33 27 57 25 17 48 20 34 4 36 5 3 40 51 19 8 23 53 2 42 56 12 55 13 15 1 59 0 54 37 22 11 29 58 14 49 10 9 50 16 26 43 24 35 38 47 28 6 45
31 54 36 0 35 16 40 46 29 53 33 22 27 30 34 38 47 9 18 32 14 56 25 8 20 44 49 45 17 48 2 55 11 12 21 28 41 43 42 1 52 50 3 58 57 7 23 19 59 37 6 24 51 26 5 39 4 15 10 13
3 33 53 30 40 57 41 10 59 5 50 55 47 1 46 32 48 20 28 21 37 58 12 2 22 19 6 45 36 16 9 15 51 34 44 25 52 0 35 49 42 24 39 29 54 27 23 14 13 4 26 11 7 18 17 56 8 31 43 38
55 9 51 23 24 32 25 1 40 45 57 56 30 58 21 41 54 37 44 36 6 33 11 14 20 13 49 16 7 48 31 34 29 12 0 43 39 19 15 22 52 27 18 3 35 4 53 28 2 47 50 59 38 26 46 17 8 42 10 5
12277458457699390479 4096
40 37 32 49 52 20 9 13 46 10 17 28 48 33 42 57 24 27 58 5 47 30 11 45 53 8 16 22 18 23 34 36 35 14 43 59 54 41 0 31 7 6 15 2 44 50 55 21 38 26 4 39 19 3 56 51 1 12 25 29
36 53 19 46 44 24 55 1 49 33 25 12 39 54 17 3 34 42 5 56 52 8 40 37 14 35 47 48 0 28 30 6 7 51 41 26 45 11 9 10 4 38 57 58 22 59 23 16 50 21 31 29 32 20 15 27 13 2 18 43
37 46 3 56 44 20 53 4 17 35 48 38 49 13 40 23 52 54 41 1 15 43 57 59 14 9 34 25 55 22 58 47 29 19 5 50 42 26 27 32 39 16 8 7 51 18 21 0 31 45 11 36 2 30 6 10 33 28 24 12
17 52 21 43 59 31 34 28 9 20 50 45 25 56 26 38 55 11 32 51 53 1 18 3 41 57 49 58 40 54 12 0 36 8 42 35 15 19 30 7 5 24 10 48 33 4 22 6 27 37 29 44 16 46 39 47 13 2 14 23
7391400038657564469 4096
47 37 57 7 40 32 10 31 21 30 48 0 11 33 13 58 35 19 38 43 42 15 45 39 50 14 24 34 3 20 59 18 46 55 52 16 27 26 12 4 9 23 1 49 6 56 22 29 28 51 44 53 5 41 8 25 54 36 17 2
33 45 8 32 56 51 54 58 20 44 39 34 27 6 49 26 46 47 13 11 0 18 19 12 48 28 42 15 50 5 40 9 37 14 38 24 1 55 30 21 17 59 10 31 3 25 22 36 35 4 57 43 41 16 29 2 52 7 53 23
50 28 9 56 24 53 47 4 39 30 57 33 36 21 26 40 6 14 42 10 35 0 25 55 11 45 18 2 58 16 22 46 44 43 52 48 19 38 7 8 13 5 15 31 32 17 49 37 51 12 1 41 34 27 3 59 20 23 54 29
27 50 24 34 2 44 55 58 36 43 40 35 52 42 23 25 51 33 1 56 7 48 46 30 8 12 15 19 14 49 29 6 37 39 13 38 26 21 47 31 45 59 57 18 10 5 54 28 17 3 20 16 41 9 11 53 32 0 4 22
18373606735208514624 4096
7 8 28 44 45 26 51 27 38 53 13 40 25 34 39 47 31 21 12 30 1 14 56 22 41 4 16 57 59 36 55 9 3 54 49 10 18 52 6 35 50 42 32 33 37 0 19 23 29 48 20 24 58 15 11 2 5 46 43 17
38 22 11 52 12 3 58 31 45 46 47 17 36 8 16 24 14 59 2 35 50 27 25 34 49 44 54 7 19 53 43 40 29 55 6 21 57 56 15 26 28 37 42 5 20 18 48 30 23 41 0 51 9 39 13 10 33 32 4 1
22 38 28 44 45 26 43 35 5 53 51 16 25 34 7 47 31 4 36 12 1 15 39 6 40 17 13 48 59 41 52 30 2 54 46 23 19 56 42 55 24 8 32 58 21 0 18 14 27 10 37 29 11 49 33 3 50 57 9 20
43 22 16 52 37 35 46 31 19 58 51 29 47 21 57 25 20 28 54 53 34 27 0 45 15 38 13 8 49 18 56 40 3 55 6 11 33 5 24 4 12 10 7 1 14 50 32 36 23 41 30 42 9 44 17 59 39 48 26 2
8853139884022109954 4096
40 55 26 49 48 31 28 39 44 0 57 36 7 4 37 43 23 47 38 14 56 9 12 20 42 5 30 52 32 16 53 19 46 18 59 3 15 41 51 2 33 25 34 58 54 45 24 22 13 29 8 35 6 27 10 17 11 1 21 50
49 28 37 59 30 54 32 43 27 56 19 46 36 29 16 3 8 34 53 55 15 7 1 21 52 51 20 26 4 39 38 18 11 23 6 0 45 57 22 10 58 35 9 14 24 44 31 12 40 17 50 25 41 33 48 5 13 47 42 2
40 55 27 49 50 28 47 39 44 0 45 46 7 4 24 17 23 31 38 14 57 9 12 52 42 5 22 37 32 16 53 19 36 18 59 3 15 56 51 2 33 25 34 58 54 41 43 30 13 29 8 35 6 26 10 20 11 1 21 48
49 41 37 59 26 3 32 43 27 56 36 44 11 29 16 54 8 58 53 55 15 7 1 21 52 51 20 46 4 39 38 18 19 23 6 0 45 57 22 10 34 35 9 24 14 30 31 12 40 17 50 25 28 5 48 33 13 47 42 2
6989499601638960205 4096
6 31 36 57 52 13 23 4 55 41 39 37 33 8 25 28 34 29 42 17 15 14 50 24 59 40 0 3 51 56 2 38 12 46 10 35 47 7 54 16 32 58 19 45 11 26 18 43 21 49 44 1 9 27 30 5 48 22 53 20
42 58 34 26 27 2 31 19 59 44 4 13 23 18 36 35 50 46 52 56 38 43 9 15 16 55 40 22 49 48 54 39 29 12 3 5 11 47 6 17 0 28 1 14 41 10 33 53 7 45 57 32 25 8 24 20 37 51 30 21
7 50 58 0 46 30 41 43 57 10 40 51 14 15 21 44 2 25 34 22 1 33 27 56 36 49 55 42 28 17 38 6 52 4 29 19 59 23 5 18 48 35 8 31 32 9 13 26 47 37 11 45 16 12 53 39 20 54 3 24
47 40 19 18 28 24 31 20 34 3 32 45 57 39 30 43 26 36 14 54 55 5 13 10 41 29 56 49 0 16 6 58 42 37 51 15 50 35 11 53 25 38 59 33 46 4 1 48 8 44 21 23 2 22 7 17 52 27 12 9
7160127942942191973 4096
41 2 35 42 6 38 58 15 30 46 14 28 36 59 25 43 9 3 29 13 17 49 21 55 5 40 11 4 54 52 45 56 51 47 16 37 20 33 10 31 7 57 1 12 34 26 23 19 48 39 24 8 44 27 0 32 18 53 50 22
38 45 52 24 54 14 0 47 40 4 28 34 27 44 36 21 18 59 29 48 19 42 20 55 30 58 7 39 32 10 17 6 51 11 43 12 33 46 9 22 2 49 25 1 15 31 8 3 13 5 57 35 37 26 16 41 23 56 50 53
38 58 27 42 46 41 3 15 6 28 14 29 57 48 9 23 33 8 40 45 59 49 34 54 55 36 43 21 12 52 13 56 51 47 16 37 30 10 17 31 24 1 5 7 20 26 4 35 2 39 25 18 44 0 11 32 19 53 50 22
45 46 52 24 33 25 11 41 40 4 28 27 3 17 26 43 2 57 30 48 19 42 10 59 29 5 7 22 44 50 14 6 51 8 53 12 54 0 38 49 35 39 32 1 18 15 21 31 13 58 16 9 37 36 56 47 23 55 20 34
17655424375368475077 4096
45 5 35 34 24 20 50 23 27 57 28 39 36 17 46 43 1 26 44 22 58 40 25 3 2 13 41 49 14 53 7 12 47 32 4 54 31 0 56 59 6 10 51 33 19 42 9 48 18 38 15 29 55 8 52 16 21 30 11 37
39 26 24 53 52 5 58 47 14 1 45 44 22 41 27 37 28 29 54 56 15 16 3 49 34 7 23 9 33 36 35 13 4 18 2 31 32 57 51 40 59 0 11 8 55 20 48 43 38 50 46 10 6 21 25 12 42 19 30 17
2 56 54 55 30 58 28 21 24 29 10 42 49 34 59 57 0 38 37 26 13 52 40 5 50 51 17 22 16 6 43 41 18 39 35 3 25 31 9 27 48 11 8 14 12 53 46 7 32 19 45 20 44 1 47 15 23 36 4 33
31 32 27 23 29 40 41 56 47 49 26 8 39 33 36 53 21 14 34 3 51 17 58 12 55 45 4 38 46 42 57 16 15 43 50 20 19 10 48 1 6 5 30 54 7 44 24 11 18 0 13 52 2 9 25 35 28 22 59 37
9850109895464744420 4096
40 44 32 7 55 57 29 47 45 6 23 15 13 33 35 38 22 54 24 30 59 19 50 14 27 9 2 46 16 41 51 56 8 25 43 28 21 34 4 36 31 53 42 0 1 26 48 5 52 39 58 20 11 37 10 17 12 49 3 18
4 3 13 46 24 15 22 55 45 48 29 58 28 2 34 59 56 26 54 27 51 17 42 40 8 43 10 16 1 50 20 41 53 12 52 5 49 25 18 44 36 9 35 32 37 14 7 33 19 57 0 38 47 11 21 6 23 31 39 30
9 56 32 27 39 1 45 13 55 4 41 58 19 21 50 36 14 37 24 29 48 46 20 25 5 8 49 30 22 59 35 44 6 31 43 12 3 54 40 53 18 23 34 15 11 38 33 52 42 26 16 17 28 47 0 7 2 57 51 10
48 44 54 34 55 39 1 27 29 21 37 42 24 43 35 26 36 56 30 13 41 16 45 47 46 53 4 40 52 58 7 25 20 31 17 11 51 28 33 12 8 19 0 23 59 9 14 49 3 18 38 32 22 5 50 57 6 15 10 2
16285568934713642611 4096
20 25 49 27 31 42 2 10 59 32 47 34 26 56 38 30 37 53 39 57 33 46 19 51 44 18 5 0 14 6 9 12 15 35 52 36 40 7 24 8 11 55 29 16 50 41 21 1 28 45 22 17 3 4 58 54 48 13 43 23
37 47 15 46 38 20 10 7 49 27 41 13 48 51 14 29 57 34 6 2 50 36 19 24 5 44 21 16 59 56 32 58 40 4 23 22 33 3 12 26 52 17 25 35 53 54 0 31 9 43 1 39 28 55 18 8 45 30 11 42
49 51 37 56 10 32 59 20 46 18 57 12 4 21 44 58 22 15 28 33 0 53 17 47 5 36 42 23 6 41 50 1 40 7 52 29 8 13 11 19 24 14 30 25 45 55 16 2 48 26 39 35 27 43 34 31 9 38 54 3
42 56 33 9 59 37 32 20 29 53 23 13 7 36 25 38 35 34 58 19 50 54 40 17 45 15 57 28 3 51 52 44 8 41 49 39 16 11 2 55 6 24 21 1 48 22 18 31 30 47 0 4 46 5 10 27 12 43 14 26
17519669428158318127 4096
0 59 23 34 38 58 44 37 32 2 56 52 14 17 49 1 24 22 20 35 19 33 47 36 9 28 25 54 7 46 51 13 18 50 29 48 27 39 30 16 43 31 8 26 3 55 57 4 12 10 11 42 53 21 6 41 5 15 40 45
7 36 57 43 39 9 25 42 54 10 17 44 46 47 56 38 8 4 34 49 27 50 6 26 45 21 15 41 2 37 35 40 32 18 19 59 14 33 12 11 53 23 24 1 55 58 0 30 28 5 3 51 31 20 29 52 22 13 48 16
0 49 23 59 8 41 13 18 38 31 25 54 43 50 27 29 20 30 6 37 12 21 44 51 55 19 42 11 35 39 33 7 48 5 10 57 28 34 4 14 58 9 26 53 3 1 16 56 32 2 47 52 46 24 17 36 15 40 22 45
19 44 35 51 58 7 56 28 2 25 8 55 49 39 57 21 30 43 16 38 6 45 59 31 54 10 22 41 34 52 1 18 37 42 48 4 17 50 36 27 53 24 23 12 11 0 46 32 47 29 20 14 9 40 33 26 15 13 3 5
5758121479107299034 4096
25 21 52 24 41 13 31 54 1 37 40 49 47 35 33 20 43 36 19 48 38 59 50 3 27 42 53 12 28 14 34 55 10 0 6 57 2 7 56 15 4 51 58 46 22 23 5 11 29 16 44 26 8 17 32 45 18 39 30 9
47 15 58 53 29 7 24 34 36 23 32 39 25 54 1 48 42 21 20 30 13 56 37 26 50 2 49 55 14 44 27 9 28 45 8 4 57 52 41 31 33 5 17 6 18 22 19 51 10 46 38 16 35 12 43 40 0 3 59 11
36 46 52 1 47 58 34 10 49 37 13 50 8 6 45 27 11 28 24 30 4 21 18 40 43 42 7 53 59 14 38 55 31 0 29 32 56 33 19 41 5 57 35 2 51 15 26 17 12 39 48 20 9 25 44 16 23 3 54 22
3 11 35 50 45 7 24 57 30 23 32 39 21 49 27 31 2 14 46 0 59 5 12 55 58 37 10 56 48 44 8 42 41 40 15 38 26 54 18 6 28 53 17 16 34 22 19 47 33 36 52 29 9 13 20 25 43 4 1 51
9329050429025658096 4096
19 37 55 50 39 33 51 45 5 6 10 57 4 44 58 46 48 40 31 34 36 49 29 53 2 8 16 56 24 3 32 1 14 13 42 9 15 38 26 27 25 11 17 20 54 22 30 41 47 18 0 23 35 59 43 7 21 12 28 52
26 43 25 48 45 35 6 34 38 20 21 11 58 51 18 39 55 32 42 37 28 53 36 2 13 22 7 17 4 3 0 47 44 19 52 31 16 24 41 15 54 23 56 8 33 12 10 59 27 1 29 57 40 9 30 49 5 50 14 46
18 4 31 38 47 9 36 34 17 39 57 3 51 15 25 37 29 11 58 10 27 0 23 28 50 48 2 1 14 6 19 45 42 41 54 56 40 53 35 7 22 24 49 8 33 21 55 13 16 43 32 44 46 26 12 59 52 20 5 30
57 26 31 1 53 10 38 29 43 49 5 47 30 56 16 21 50 25 13 28 9 20 59 40 3 58 18 42 35 52 46 2 32 15 22 14 24 54 7 41 39 8 34 33 19 23 48 17 12 4 51 27 36 55 0 6 45 44 11 37
9005327089445203794 4096
15 2 52 30 56 27 54 53 16 25 50 24 12 10 48 34 45 29 0 43 38 6 59 55 42 4 40 11 58 18 1 44 47 37 51 3 35 7 31 20 49 22 17 19 26 5 33 57 41 46 23 28 9 36 13 39 32 14 21 8
9 20 32 47 25 5 33 54 38 11 42 30 49 3 43 16 41 34 26 22 37 8 46 19 7 36 10 1 4 35 45 13 52 58 59 12 0 17 2 55 31 27 57 40 39 21 15 23 14 29 56 53 50 28 24 44 51 18 48 6
36 42 28 58 27 24 52 26 45 43 50 31 59 29 44 22 14 13 7 39 25 57 19 56 3 21 12 49 40 10 35 41 37 18 6 4 53 9 55 15 48 1 8 33 38 5 0 16 46 2 54 20 34 32 23 11 30 47 17 51
1 48 37 52 32 55 4 18 45 28 53 22 34 44 58 20 13 40 16 9 51 25 10 24 15 42 46 38 7 6 41 21 11 19 39 47 43 17 56 57 27 26 30 12 50 59 29 31 35 0 36 14 8 3 54 33 23 5 2 49
1418752943939671583 4096
58 31 35 9 30 32 0 50 16 39 43 27 36 22 41 59 18 26 54 15 13 14 7 2 42 55 4 44 37 53 40 34 3 33 21 57 29 38 23 51 19 8 52 6 56 17 45 11 48 49 10 20 47 5 25 46 12 1 24 28
54 59 49 35 12 43 8 39 40 20 14 41 32 24 47 56 30 19 10 53 27 7 58 28 46 3 55 16 18 38 17 0 37 5 42 52 1 9 29 23 25 57 36 45 4 15 44 34 21 51 2 31 33 26 11 48 6 13 50 22
36 9 22 53 59 46 12 40 39 3 20 57 47 45 51 2 56 48 34 0 41 8 54 44 25 15 49 17 33 19 28 14 43 58 31 10 23 32 52 50 16 5 11 26 4 27 24 30 18 21 13 38 55 1 7 35 29 42 6 37
35 4 46 31 16 49 38 44 7 20 25 51 34 48 58 17 18 21 1 57 0 14 12 41 54 39 50 8 36 43 28 3 45 55 56 11 27 15 19 32 52 24 47 2 6 26 13 59 22 5 9 53 30 40 29 23 10 37 33 42
18314465186224419282 4096
57 6 20 26 29 58 22 54 30 38 32 51 56 33 16 39 42 7 23 55 45 5 25 48 15 4 21 40 31 52 41 46 13 12 34 35 28 0 53 49 19 50 44 59 8 18 17 10 9 47 11 1 27 14 43 2 36 37 3 24
5 21 24 13 39 35 47 53 55 41 17 20 19 54 56 33 49 12 29 22 4 25 59 6 14 46 36 7 51 34 48 16 1 8 40 15 11 2 38 42 23 43 0 57 50 27 10 28 26 31 44 9 37 58 45 30 52 3 32 18
7 52 27 13 33 29 40 36 1 57 19 2 35 53 46 25 30 58 44 10 12 23 9 56 21 42 45 55 0 34 51 32 16 47 15 50 38 59 5 14 31 49 3 41 8 54 22 6 48 18 20 11 28 26 4 43 17 39 37 24
57 41 34 27 58 28 15 26 43 6 1 32 10 39 19 13 47 50 38 3 52 18 12 9 40 42 5 22 37 0 44 46 51 55 56 53 49 7 33 45 30 36 4 54 48 25 31 17 23 20 21 16 2 11 24 59 8 29 14 35
