FACTOR_PERMUTATION_V1 12 16 1024 1 3.25
10 0 1 1 1 1 1 1 1 1 1 1 1 0 2 2 2 2 1 2 2 2 2 2 1 0 2 2 2 2 1 2 2 2 2 2
0 10 1 1 1 1 1 1 1 1 1 1 0 1 2 2 2 2 2 1 2 2 2 2 0 1 2 2 2 2 2 1 2 2 2 2
1 1 10 0 1 1 1 1 1 1 1 1 2 2 1 0 2 2 2 2 1 2 2 2 2 2 1 0 2 2 2 2 1 2 2 2
1 1 0 10 1 1 1 1 1 1 1 1 2 2 0 1 2 2 2 2 2 1 2 2 2 2 0 1 2 2 2 2 2 1 2 2
1 1 1 1 10 0 1 1 1 1 1 1 2 2 2 2 1 0 2 2 2 2 1 2 2 2 2 2 1 0 2 2 2 2 1 2
1 1 1 1 0 10 1 1 1 1 1 1 2 2 2 2 0 1 2 2 2 2 2 1 2 2 2 2 0 1 2 2 2 2 2 1
1 1 1 1 1 1 10 0 1 1 1 1 1 2 2 2 2 2 1 0 2 2 2 2 1 2 2 2 2 2 1 0 2 2 2 2
1 1 1 1 1 1 0 10 1 1 1 1 2 1 2 2 2 2 0 1 2 2 2 2 2 1 2 2 2 2 0 1 2 2 2 2
1 1 1 1 1 1 1 1 10 0 1 1 2 2 1 2 2 2 2 2 1 0 2 2 2 2 1 2 2 2 2 2 1 0 2 2
1 1 1 1 1 1 1 1 0 10 1 1 2 2 2 1 2 2 2 2 0 1 2 2 2 2 2 1 2 2 2 2 0 1 2 2
1 1 1 1 1 1 1 1 1 1 10 0 2 2 2 2 1 2 2 2 2 2 1 0 2 2 2 2 1 2 2 2 2 2 1 0
1 1 1 1 1 1 1 1 1 1 0 10 2 2 2 2 2 1 2 2 2 2 0 1 2 2 2 2 2 1 2 2 2 2 0 1
1 0 2 2 2 2 1 2 2 2 2 2 10 0 1 1 1 1 1 1 1 1 1 1 1 2 2 2 2 2 1 0 2 2 2 2
0 1 2 2 2 2 2 1 2 2 2 2 0 10 1 1 1 1 1 1 1 1 1 1 2 1 2 2 2 2 0 1 2 2 2 2
2 2 1 0 2 2 2 2 1 2 2 2 1 1 10 0 1 1 1 1 1 1 1 1 2 2 1 2 2 2 2 2 1 0 2 2
2 2 0 1 2 2 2 2 2 1 2 2 1 1 0 10 1 1 1 1 1 1 1 1 2 2 2 1 2 2 2 2 0 1 2 2
2 2 2 2 1 0 2 2 2 2 1 2 1 1 1 1 10 0 1 1 1 1 1 1 2 2 2 2 1 2 2 2 2 2 1 0
2 2 2 2 0 1 2 2 2 2 2 1 1 1 1 1 0 10 1 1 1 1 1 1 2 2 2 2 2 1 2 2 2 2 0 1
1 2 2 2 2 2 1 0 2 2 2 2 1 1 1 1 1 1 10 0 1 1 1 1 1 0 2 2 2 2 1 2 2 2 2 2
2 1 2 2 2 2 0 1 2 2 2 2 1 1 1 1 1 1 0 10 1 1 1 1 0 1 2 2 2 2 2 1 2 2 2 2
2 2 1 2 2 2 2 2 1 0 2 2 1 1 1 1 1 1 1 1 10 0 1 1 2 2 1 0 2 2 2 2 1 2 2 2
2 2 2 1 2 2 2 2 0 1 2 2 1 1 1 1 1 1 1 1 0 10 1 1 2 2 0 1 2 2 2 2 2 1 2 2
2 2 2 2 1 2 2 2 2 2 1 0 1 1 1 1 1 1 1 1 1 1 10 0 2 2 2 2 1 0 2 2 2 2 1 2
2 2 2 2 2 1 2 2 2 2 0 1 1 1 1 1 1 1 1 1 1 1 0 10 2 2 2 2 0 1 2 2 2 2 2 1
1 0 2 2 2 2 1 2 2 2 2 2 1 2 2 2 2 2 1 0 2 2 2 2 10 0 1 1 1 1 1 1 1 1 1 1
0 1 2 2 2 2 2 1 2 2 2 2 2 1 2 2 2 2 0 1 2 2 2 2 0 10 1 1 1 1 1 1 1 1 1 1
2 2 1 0 2 2 2 2 1 2 2 2 2 2 1 2 2 2 2 2 1 0 2 2 1 1 10 0 1 1 1 1 1 1 1 1
2 2 0 1 2 2 2 2 2 1 2 2 2 2 2 1 2 2 2 2 0 1 2 2 1 1 0 10 1 1 1 1 1 1 1 1
2 2 2 2 1 0 2 2 2 2 1 2 2 2 2 2 1 2 2 2 2 2 1 0 1 1 1 1 10 0 1 1 1 1 1 1
2 2 2 2 0 1 2 2 2 2 2 1 2 2 2 2 2 1 2 2 2 2 0 1 1 1 1 1 0 10 1 1 1 1 1 1
1 2 2 2 2 2 1 0 2 2 2 2 1 0 2 2 2 2 1 2 2 2 2 2 1 1 1 1 1 1 10 0 1 1 1 1
2 1 2 2 2 2 0 1 2 2 2 2 0 1 2 2 2 2 2 1 2 2 2 2 1 1 1 1 1 1 0 10 1 1 1 1
2 2 1 2 2 2 2 2 1 0 2 2 2 2 1 0 2 2 2 2 1 2 2 2 1 1 1 1 1 1 1 1 10 0 1 1
2 2 2 1 2 2 2 2 0 1 2 2 2 2 0 1 2 2 2 2 2 1 2 2 1 1 1 1 1 1 1 1 0 10 1 1
2 2 2 2 1 2 2 2 2 2 1 0 2 2 2 2 1 0 2 2 2 2 1 2 1 1 1 1 1 1 1 1 1 1 10 0
2 2 2 2 2 1 2 2 2 2 0 1 2 2 2 2 0 1 2 2 2 2 2 1 1 1 1 1 1 1 1 1 1 1 0 10
0 2
0 3
0 4
0 5
0 6
0 7
0 8
0 9
0 10
0 11
1 2
1 3
1 4
1 5
1 6
1 7
1 8
1 9
1 10
1 11
2 4
2 5
2 6
2 7
2 8
2 9
2 10
2 11
3 4
3 5
3 6
3 7
3 8
3 9
3 10
3 11
4 6
4 7
4 8
4 9
4 10
4 11
5 6
5 7
5 8
5 9
5 10
5 11
6 8
6 9
6 10
6 11
7 8
7 9
7 10
7 11
8 10
8 11
9 10
9 11
0 2
0 3
0 4
0 5
0 6
0 7
0 8
0 9
0 10
0 11
1 2
1 3
1 4
1 5
1 6
1 7
1 8
1 9
1 10
1 11
2 4
2 5
2 6
2 7
2 8
2 9
2 10
2 11
3 4
3 5
3 6
3 7
3 8
3 9
3 10
3 11
4 6
4 7
4 8
4 9
4 10
4 11
5 6
5 7
5 8
5 9
5 10
5 11
6 8
6 9
6 10
6 11
7 8
7 9
7 10
7 11
8 10
8 11
9 10
9 11
0 2
0 3
0 4
0 5
0 6
0 7
0 8
0 9
0 10
0 11
1 2
1 3
1 4
1 5
1 6
1 7
1 8
1 9
1 10
1 11
2 4
2 5
2 6
2 7
2 8
2 9
2 10
2 11
3 4
3 5
3 6
3 7
3 8
3 9
3 10
3 11
4 6
4 7
4 8
4 9
4 10
4 11
5 6
5 7
5 8
5 9
5 10
5 11
6 8
6 9
6 10
6 11
7 8
7 9
7 10
7 11
8 10
8 11
9 10
9 11
13920159899931376014 3072
3 33 53 30 15 57 41 10 59 5 50 55 47 1 46 32 48 20 28 21 37 58 12 2 22 19 6 45 36 16 9 40 51 34 44 25 52 0 35 17 42 24 39 29 54 27 23 14 13 38 26 11 7 18 49 56 8 31 43 4
55 9 14 23 45 32 25 1 40 24 57 56 30 58 21 41 54 37 44 36 6 33 11 5 20 13 49 16 7 48 59 34 29 12 0 43 39 19 15 22 52 27 18 3 51 4 53 28 2 47 50 31 38 26 46 17 8 42 35 10
3 33 53 30 40 57 41 10 59 5 50 55 47 1 46 32 48 20 28 21 37 58 12 2 22 19 6 45 36 16 9 15 51 34 44 25 52 0 35 49 42 24 39 29 54 27 23 14 13 4 26 11 7 18 17 56 8 31 43 38
55 9 51 23 24 32 25 1 40 45 57 56 30 58 21 41 54 37 44 36 6 33 11 14 20 13 49 16 7 48 31 34 29 12 0 43 39 19 15 22 52 27 18 3 35 4 53 28 2 47 50 59 38 26 46 17 8 42 10 5
15494519106042493633 3072
28 42 31 10 39 38 51 37 6 3 40 11 4 25 44 13 9 41 54 33 47 23 14 53 15 7 32 36 5 56 46 45 20 35 49 1 0 50 59 12 52 22 19 57 29 21 58 2 43 48 18 30 34 8 27 24 16 17 26 55
8 39 22 29 41 45 19 56 37 18 21 52 46 17 2 1 59 48 33 51 16 36 40 38 47 25 55 5 7 11 30 12 34 50 57 10 15 27 31 28 14 6 13 58 0 43 54 24 44 49 26 32 20 35 4 23 3 42 9 53
37 46 3 56 44 20 53 4 17 35 48 38 49 13 40 23 52 54 41 1 15 43 57 59 14 9 34 25 55 22 58 47 29 19 5 50 42 26 27 32 39 16 8 7 51 18 21 0 31 45 11 36 2 30 6 10 33 28 24 12
17 52 21 43 59 31 34 28 9 20 50 45 25 56 26 38 55 11 32 51 53 1 18 3 41 57 49 58 40 54 12 0 36 8 42 35 15 19 30 7 5 24 10 48 33 4 22 6 27 37 29 44 16 46 39 47 13 2 14 23
7468169088472417331 3072
45 12 54 56 24 33 47 4 23 36 39 49 28 21 35 18 6 26 42 13 19 0 8 43 38 46 20 9 32 34 15 58 2 55 48 52 22 41 7 57 14 16 53 1 29 17 37 31 40 50 11 44 10 27 3 59 51 25 5 30
27 13 24 33 1 44 54 39 40 42 36 34 35 43 55 25 21 11 20 56 6 48 46 30 8 12 15 19 14 51 29 7 37 18 47 38 26 52 10 50 53 59 57 31 3 5 22 2 17 4 0 16 41 9 58 49 32 28 45 23
50 28 9 56 24 53 47 4 39 30 57 33 36 21 26 40 6 14 42 10 35 0 25 55 11 45 18 2 58 16 22 46 44 43 52 48 19 38 7 8 13 5 15 31 32 17 49 37 51 12 1 41 34 27 3 59 20 23 54 29
27 50 24 34 2 44 55 58 36 43 40 35 52 42 23 25 51 33 1 56 7 48 46 30 8 12 15 19 14 49 29 6 37 39 13 38 26 21 47 31 45 59 57 18 10 5 54 28 17 3 20 16 41 9 11 53 32 0 4 22
5737022957829503404 3072
49 43 28 22 45 26 56 31 57 3 47 50 25 34 7 40 35 42 38 16 23 5 39 9 15 14 4 6 59 32 52 11 2 46 18 0 12 48 36 55 24 8 51 58 21 41 17 19 10 1 44 29 30 13 33 37 54 53 27 20
26 22 16 20 37 30 46 44 19 58 48 43 47 34 57 25 7 28 54 53 8 10 51 45 35 41 29 38 49 55 12 40 3 59 6 11 33 36 24 27 5 15 32 1 14 50 56 4 23 21 0 42 9 31 17 18 39 52 13 2
35 47 40 46 38 52 58 5 24 49 13 2 48 32 21 31 39 51 45 26 19 54 12 7 20 8 42 3 28 22 56 18 27 11 33 53 4 25 50 23 16 0 30 29 14 36 10 59 9 17 34 37 15 1 57 41 43 6 55 44
43 7 50 31 11 39 36 57 46 55 56 13 35 51 24 21 0 18 28 12 20 58 32 26 9 4 49 17 48 42 59 19 54 37 15 38 53 41 44 3 10 30 40 5 27 33 6 16 34 45 47 8 29 2 1 25 14 52 22 23
3132081289410413887 3072
20 48 27 45 47 5 31 39 44 50 49 40 43 0 30 28 34 21 38 42 57 9 12 46 51 13 29 37 22 55 59 1 7 18 17 3 15 58 11 2 14 25 24 19 56 33 52 6 16 36 8 32 23 26 35 41 4 10 54 53
26 23 34 31 49 57 51 37 13 58 36 32 52 19 38 18 20 3 25 53 15 7 46 30 6 0 10 45 4 47 50 40 59 55 33 16 12 17 1 48 41 27 39 24 14 8 2 42 5 22 29 35 28 9 43 11 54 44 56 21
11 9 31 54 47 24 25 43 7 44 8 36 17 35 33 59 42 21 23 46 39 53 57 29 50 13 6 37 4 32 19 40 56 22 1 16 49 0 14 27 38 51 48 10 55 58 45 2 18 20 28 26 52 41 3 15 30 5 34 12
41 44 55 31 19 10 2 25 58 38 20 36 15 21 35 32 40 22 47 17 6 18 53 4 13 52 45 26 27 7 56 23 51 3 12 5 24 42 33 50 14 9 34 57 49 8 43 48 0 37 16 30 46 11 1 39 54 28 59 29
8351502530714881916 3072
54 31 20 34 41 17 16 29 21 24 46 59 19 45 32 28 30 50 33 12 38 57 27 40 0 39 53 42 13 11 47 8 36 4 43 56 49 7 2 9 10 58 37 25 22 15 52 3 6 44 26 48 35 23 18 5 51 1 14 55
46 59 20 48 30 32 47 18 28 52 35 45 49 6 17 43 29 10 54 25 26 40 44 9 12 42 36 31 2 27 22 37 24 50 16 4 53 57 11 55 33 8 1 14 58 19 0 39 13 15 23 41 5 34 56 21 51 7 3 38
7 50 58 0 46 30 41 43 57 10 40 51 14 15 21 44 2 25 34 22 1 33 27 56 36 49 55 42 28 17 38 6 52 4 29 19 59 23 5 18 48 35 8 31 32 9 13 26 47 37 11 45 16 12 53 39 20 54 3 24
47 40 19 18 28 24 31 20 34 3 32 45 57 39 30 43 26 36 14 54 55 5 13 10 41 29 56 49 0 16 6 58 42 37 51 15 50 35 11 53 25 38 59 33 46 4 1 48 8 44 21 23 2 22 7 17 52 27 12 9
15233921159889470286 3072
24 58 55 29 46 41 3 15 16 20 14 28 5 48 57 44 33 8 34 45 59 49 40 54 27 36 43 39 12 52 42 56 51 47 6 37 32 10 38 35 21 1 31 7 23 26 53 19 2 9 25 4 13 0 11 30 17 18 50 22
47 46 52 37 33 25 11 41 40 3 28 27 4 17 58 44 2 57 30 22 19 42 10 59 43 5 7 49 48 50 29 6 51 8 53 12 54 0 38 14 55 39 21 1 18 15 32 31 13 26 16 9 35 36 45 56 23 24 20 34
24 58 55 29 46 41 2 15 16 20 14 28 5 48 39 44 33 8 34 45 59 49 40 54 27 36 43 57 12 52 42 56 51 47 6 37 32 10 38 35 21 1 31 7 23 26 53 19 3 9 25 4 13 0 11 30 17 18 50 22
47 46 52 37 33 25 11 41 40 3 28 27 4 17 58 44 2 57 30 22 19 42 10 59 43 5 7 49 48 50 29 6 51 8 53 12 54 0 38 14 55 39 21 1 18 15 32 31 13 26 16 9 35 36 45 56 23 24 20 34
13248119838657357871 3072
47 21 55 40 38 20 51 41 7 17 44 19 50 52 49 16 31 26 39 30 36 11 8 34 5 15 57 2 13 56 6 28 4 35 54 53 24 1 3 59 58 14 45 33 23 42 48 22 18 12 10 29 46 37 43 9 27 32 0 25
22 10 0 53 35 28 39 30 3 52 45 33 24 18 55 29 50 9 51 23 56 20 16 54 34 41 43 2 1 48 36 7 46 47 13 38 49 44 59 17 14 11 21 19 37 5 8 42 57 26 58 15 4 6 25 12 32 27 31 40
2 56 54 55 30 58 28 21 24 29 10 42 49 34 59 57 0 38 37 26 13 52 40 5 50 51 17 22 16 6 43 41 18 39 35 3 25 31 9 27 48 11 8 14 12 53 46 7 32 19 45 20 44 1 47 15 23 36 4 33
31 32 27 23 29 40 41 56 47 49 26 8 39 33 36 53 21 14 34 3 51 17 58 12 55 45 4 38 46 42 57 16 15 43 50 20 19 10 48 1 6 5 30 54 7 44 24 11 18 0 13 52 2 9 25 35 28 22 59 37
12045531783117628988 3072
12 32 24 33 52 17 29 47 4 43 2 26 56 57 58 44 36 11 42 45 49 48 50 37 19 46 15 27 53 51 16 31 6 41 3 35 14 34 21 28 5 55 13 7 20 1 18 10 8 0 39 23 59 40 22 38 54 30 25 9
24 45 34 18 38 2 5 30 31 46 41 51 15 52 48 25 29 17 36 35 40 9 58 22 50 23 1 14 44 0 54 55 42 10 16 28 59 8 19 32 49 53 3 56 7 27 33 11 12 47 43 20 13 37 21 39 57 26 4 6
9 56 32 27 39 1 45 13 55 4 41 58 19 21 50 36 14 37 24 29 48 46 20 25 5 8 49 30 22 59 35 44 6 31 43 12 3 54 40 53 18 23 34 15 11 38 33 52 42 26 16 17 28 47 0 7 2 57 51 10
48 44 54 34 55 39 1 27 29 21 37 42 24 43 35 26 36 56 30 13 41 16 45 47 46 53 4 40 52 58 7 25 20 31 17 11 51 28 33 12 8 19 0 23 59 9 14 49 3 18 38 32 22 5 50 57 6 15 10 2
12444922697652639724 3072
49 51 37 56 10 32 59 20 46 18 57 12 4 21 44 13 22 15 28 33 54 53 17 47 5 36 42 23 6 41 50 1 40 7 52 29 8 58 11 35 24 14 30 25 45 55 16 2 48 26 19 39 27 43 34 31 9 38 3 0
42 56 33 9 59 37 32 20 29 53 11 13 7 36 25 38 35 34 58 19 50 54 40 17 45 15 6 28 3 51 52 44 8 41 49 39 16 23 30 55 57 24 21 1 48 22 18 31 2 47 0 4 46 5 10 27 12 43 14 26
49 51 37 56 10 32 59 20 46 18 57 12 4 21 44 58 22 15 28 33 0 53 17 47 5 36 42 23 6 41 50 1 40 7 52 29 8 13 11 19 24 14 30 25 45 55 16 2 48 26 39 35 27 43 34 31 9 38 54 3
42 56 33 9 59 37 32 20 29 53 23 13 7 36 25 38 35 34 58 19 50 54 40 17 45 15 57 28 3 51 52 44 8 41 49 39 16 11 2 55 6 24 21 1 48 22 18 31 30 47 0 4 46 5 10 27 12 43 14 26
7505572945824382462 3072
0 49 23 59 8 41 13 18 38 31 53 54 56 11 27 29 20 30 6 37 12 21 44 51 55 19 42 50 35 39 33 7 48 5 10 57 28 24 1 14 34 9 26 25 3 43 16 4 32 2 47 52 46 58 17 36 15 40 22 45
19 44 35 51 58 7 56 25 2 28 8 48 49 39 57 21 30 43 16 38 6 45 4 31 54 10 22 41 34 52 1 18 37 42 55 59 17 50 36 27 53 24 23 12 11 15 46 32 47 29 20 14 9 40 33 26 0 13 3 5
6 37 29 52 34 25 36 50 38 3 4 44 59 16 49 9 13 35 26 40 41 30 45 51 54 43 47 12 11 18 46 17 48 5 22 19 28 24 58 14 32 57 56 21 7 31 42 0 27 23 15 1 55 20 8 33 2 53 39 10
39 44 23 35 21 3 56 10 7 28 41 48 16 13 34 58 22 1 55 45 53 36 47 20 18 2 6 52 33 9 15 40 43 42 46 14 12 8 51 27 0 49 4 31 37 54 17 24 29 50 38 25 59 19 32 57 30 11 26 5
17407918196113264670 3072
18 5 52 1 47 42 34 10 49 37 59 50 32 6 25 27 44 23 28 30 4 21 36 2 51 55 7 53 58 14 38 45 31 8 24 57 9 33 19 41 13 46 35 40 43 15 20 17 12 39 48 26 0 22 11 16 54 3 29 56
9 12 30 40 4 58 57 24 35 23 17 53 42 32 2 51 27 21 46 0 59 5 13 38 31 37 49 56 48 44 8 43 41 50 15 7 26 54 18 6 28 10 45 16 34 22 14 55 25 36 52 33 3 19 20 39 29 47 1 11
2 43 24 59 6 18 21 29 46 39 15 51 49 3 10 44 54 40 20 32 16 42 47 37 0 36 7 14 1 48 41 4 11 13 28 38 34 22 19 58 26 55 56 33 23 12 5 30 50 27 31 53 8 35 57 45 52 9 17 25
13 31 29 57 25 40 2 20 49 55 44 58 56 39 12 16 33 53 22 36 8 43 52 17 9 51 37 27 41 59 42 28 54 21 15 6 35 38 10 14 0 5 19 3 50 1 18 30 24 11 47 26 46 4 23 7 48 32 34 45
3666925130053853356 3072
59 42 11 5 31 33 38 19 34 6 20 29 32 0 45 49 35 48 16 36 13 58 2 56 52 8 50 28 39 24 44 12 14 53 54 9 27 26 37 22 3 51 17 4 30 46 41 15 47 40 18 1 57 55 43 7 10 25 21 23
57 28 40 27 43 41 34 45 14 21 46 50 11 22 29 4 44 59 0 38 9 16 12 2 53 51 54 17 25 31 47 56 19 5 36 15 55 13 48 20 58 1 18 32 3 52 42 33 7 30 24 10 37 26 39 23 35 49 6 8
18 4 31 38 47 9 36 34 17 39 57 3 51 15 25 37 29 11 58 10 27 0 23 28 50 48 2 1 14 6 19 45 42 41 54 56 40 53 35 7 22 24 49 8 33 21 55 13 16 43 32 44 46 26 12 59 52 20 5 30
57 26 31 1 53 10 38 29 43 49 5 47 30 56 16 21 50 25 13 28 9 20 59 40 3 58 18 42 35 52 46 2 32 15 22 14 24 54 7 41 39 8 34 33 19 23 48 17 12 4 51 27 36 55 0 6 45 44 11 37
1532845475089481612 3072
52 41 48 21 45 34 46 53 36 27 42 44 17 7 38 29 28 37 58 19 55 20 25 39 4 8 11 13 12 54 40 2 15 59 23 30 31 56 51 35 49 0 57 47 5 26 14 33 32 16 9 50 10 22 24 18 43 1 3 6
57 3 36 31 24 50 27 37 7 48 43 39 34 9 35 6 25 42 16 59 33 18 1 23 46 49 12 20 53 4 51 56 40 19 21 32 52 26 38 15 47 10 58 17 14 5 22 13 29 0 55 11 28 41 2 44 30 8 54 45
36 42 28 58 27 24 52 26 45 43 50 31 59 29 44 22 14 13 7 39 25 57 19 56 3 21 12 49 40 10 35 41 37 18 6 4 53 9 55 15 48 1 8 33 38 5 0 16 46 2 54 20 34 32 23 11 30 47 17 51
1 48 37 52 32 55 4 18 45 28 53 22 34 44 58 20 13 40 16 9 51 25 10 24 15 42 46 38 7 6 41 21 11 19 39 47 43 17 56 57 27 26 30 12 50 59 29 31 35 0 36 14 8 3 54 33 23 5 2 49
7892328810099612639 3072
21 5 36 0 45 26 11 49 52 50 2 44 42 16 20 59 34 55 56 30 54 13 15 48 43 8 22 4 14 38 40 41 46 18 53 19 57 6 28 12 17 37 1 33 27 58 29 7 32 9 51 23 47 31 10 24 3 25 39 35
35 57 52 27 46 5 43 56 49 26 42 15 39 33 47 48 30 23 54 12 7 22 40 21 16 13 41 58 55 45 17 1 20 51 18 4 19 10 50 0 44 32 24 34 8 31 6 9 2 29 53 14 59 36 11 38 3 37 25 28
36 9 22 53 59 46 12 40 39 3 20 57 47 45 51 2 56 48 34 0 41 8 54 44 25 15 49 17 33 19 28 14 43 58 31 10 23 32 52 50 16 5 11 26 4 27 24 30 18 21 13 38 55 1 7 35 29 42 6 37
35 4 46 31 16 49 38 44 7 20 25 51 34 48 58 17 18 21 1 57 0 14 12 41 54 39 50 8 36 43 28 3 45 55 56 11 27 15 19 32 52 24 47 2 6 26 13 59 22 5 9 53 30 40 29 23 10 37 33 42
1724207497892760786 3072
59 40 19 32 25 54 47 8 10 37 49 52 20 12 41 21 30 23 46 57 11 3 17 48 2 26 5 6 56 51 35 16 4 45 1 18 58 42 24 7 39 31 44 34 50 53 38 13 9 36 14 29 27 15 0 28 55 33 43 22
16 21 24 46 39 35 53 59 1 17 18 58 54 45 2 57 20 30 37 22 49 42 40 41 36 7 6 55 51 50 13 5 56 19 12 48 9 31 4 11 33 10 25 32 15 43 27 28 34 29 44 0 3 26 23 8 47 52 14 38
7 52 27 13 33 29 40 36 1 57 19 2 35 53 46 25 30 58 44 10 12 23 9 56 21 42 45 55 0 34 51 32 16 47 15 50 38 59 5 14 31 49 3 41 8 54 22 6 48 18 20 11 28 26 4 43 17 39 37 24
57 41 34 27 58 28 15 26 43 6 1 32 10 39 19 13 47 50 38 3 52 18 12 9 40 42 5 22 37 0 44 46 51 55 56 53 49 7 33 45 30 36 4 54 48 25 31 17 23 20 21 16 2 11 24 59 8 29 14 35
