FACTOR_PERMUTATION_V1 12 16 1024 1 3.25
10 0 1 1 1 1 1 1 1 1 1 1 1 0 2 2 2 2 1 2 2 2 2 2 1 0 2 2 2 2 1 2 2 2 2 2
0 10 1 1 1 1 1 1 1 1 1 1 0 1 2 2 2 2 2 1 2 2 2 2 0 1 2 2 2 2 2 1 2 2 2 2
1 1 10 0 1 1 1 1 1 1 1 1 2 2 1 0 2 2 2 2 1 2 2 2 2 2 1 0 2 2 2 2 1 2 2 2
1 1 0 10 1 1 1 1 1 1 1 1 2 2 0 1 2 2 2 2 2 1 2 2 2 2 0 1 2 2 2 2 2 1 2 2
1 1 1 1 10 0 1 1 1 1 1 1 2 2 2 2 1 0 2 2 2 2 1 2 2 2 2 2 1 0 2 2 2 2 1 2
1 1 1 1 0 10 1 1 1 1 1 1 2 2 2 2 0 1 2 2 2 2 2 1 2 2 2 2 0 1 2 2 2 2 2 1
1 1 1 1 1 1 10 0 1 1 1 1 1 2 2 2 2 2 1 0 2 2 2 2 1 2 2 2 2 2 1 0 2 2 2 2
1 1 1 1 1 1 0 10 1 1 1 1 2 1 2 2 2 2 0 1 2 2 2 2 2 1 2 2 2 2 0 1 2 2 2 2
1 1 1 1 1 1 1 1 10 0 1 1 2 2 1 2 2 2 2 2 1 0 2 2 2 2 1 2 2 2 2 2 1 0 2 2
1 1 1 1 1 1 1 1 0 10 1 1 2 2 2 1 2 2 2 2 0 1 2 2 2 2 2 1 2 2 2 2 0 1 2 2
1 1 1 1 1 1 1 1 1 1 10 0 2 2 2 2 1 2 2 2 2 2 1 0 2 2 2 2 1 2 2 2 2 2 1 0
1 1 1 1 1 1 1 1 1 1 0 10 2 2 2 2 2 1 2 2 2 2 0 1 2 2 2 2 2 1 2 2 2 2 0 1
1 0 2 2 2 2 1 2 2 2 2 2 10 0 1 1 1 1 1 1 1 1 1 1 1 2 2 2 2 2 1 0 2 2 2 2
0 1 2 2 2 2 2 1 2 2 2 2 0 10 1 1 1 1 1 1 1 1 1 1 2 1 2 2 2 2 0 1 2 2 2 2
2 2 1 0 2 2 2 2 1 2 2 2 1 1 10 0 1 1 1 1 1 1 1 1 2 2 1 2 2 2 2 2 1 0 2 2
2 2 0 1 2 2 2 2 2 1 2 2 1 1 0 10 1 1 1 1 1 1 1 1 2 2 2 1 2 2 2 2 0 1 2 2
2 2 2 2 1 0 2 2 2 2 1 2 1 1 1 1 10 0 1 1 1 1 1 1 2 2 2 2 1 2 2 2 2 2 1 0
2 2 2 2 0 1 2 2 2 2 2 1 1 1 1 1 0 10 1 1 1 1 1 1 2 2 2 2 2 1 2 2 2 2 0 1
1 2 2 2 2 2 1 0 2 2 2 2 1 1 1 1 1 1 10 0 1 1 1 1 1 0 2 2 2 2 1 2 2 2 2 2
2 1 2 2 2 2 0 1 2 2 2 2 1 1 1 1 1 1 0 10 1 1 1 1 0 1 2 2 2 2 2 1 2 2 2 2
2 2 1 2 2 2 2 2 1 0 2 2 1 1 1 1 1 1 1 1 10 0 1 1 2 2 1 0 2 2 2 2 1 2 2 2
2 2 2 1 2 2 2 2 0 1 2 2 1 1 1 1 1 1 1 1 0 10 1 1 2 2 0 1 2 2 2 2 2 1 2 2
2 2 2 2 1 2 2 2 2 2 1 0 1 1 1 1 1 1 1 1 1 1 10 0 2 2 2 2 1 0 2 2 2 2 1 2
2 2 2 2 2 1 2 2 2 2 0 1 1 1 1 1 1 1 1 1 1 1 0 10 2 2 2 2 0 1 2 2 2 2 2 1
1 0 2 2 2 2 1 2 2 2 2 2 1 2 2 2 2 2 1 0 2 2 2 2 10 0 1 1 1 1 1 1 1 1 1 1
0 1 2 2 2 2 2 1 2 2 2 2 2 1 2 2 2 2 0 1 2 2 2 2 0 10 1 1 1 1 1 1 1 1 1 1
2 2 1 0 2 2 2 2 1 2 2 2 2 2 1 2 2 2 2 2 1 0 2 2 1 1 10 0 1 1 1 1 1 1 1 1
2 2 0 1 2 2 2 2 2 1 2 2 2 2 2 1 2 2 2 2 0 1 2 2 1 1 0 10 1 1 1 1 1 1 1 1
2 2 2 2 1 0 2 2 2 2 1 2 2 2 2 2 1 2 2 2 2 2 1 0 1 1 1 1 10 0 1 1 1 1 1 1
2 2 2 2 0 1 2 2 2 2 2 1 2 2 2 2 2 1 2 2 2 2 0 1 1 1 1 1 0 10 1 1 1 1 1 1
1 2 2 2 2 2 1 0 2 2 2 2 1 0 2 2 2 2 1 2 2 2 2 2 1 1 1 1 1 1 10 0 1 1 1 1
2 1 2 2 2 2 0 1 2 2 2 2 0 1 2 2 2 2 2 1 2 2 2 2 1 1 1 1 1 1 0 10 1 1 1 1
2 2 1 2 2 2 2 2 1 0 2 2 2 2 1 0 2 2 2 2 1 2 2 2 1 1 1 1 1 1 1 1 10 0 1 1
2 2 2 1 2 2 2 2 0 1 2 2 2 2 0 1 2 2 2 2 2 1 2 2 1 1 1 1 1 1 1 1 0 10 1 1
2 2 2 2 1 2 2 2 2 2 1 0 2 2 2 2 1 0 2 2 2 2 1 2 1 1 1 1 1 1 1 1 1 1 10 0
2 2 2 2 2 1 2 2 2 2 0 1 2 2 2 2 0 1 2 2 2 2 2 1 1 1 1 1 1 1 1 1 1 1 0 10
0 2
0 3
0 4
0 5
0 6
0 7
0 8
0 9
0 10
0 11
1 2
1 3
1 4
1 5
1 6
1 7
1 8
1 9
1 10
1 11
2 4
2 5
2 6
2 7
2 8
2 9
2 10
2 11
3 4
3 5
3 6
3 7
3 8
3 9
3 10
3 11
4 6
4 7
4 8
4 9
4 10
4 11
5 6
5 7
5 8
5 9
5 10
5 11
6 8
6 9
6 10
6 11
7 8
7 9
7 10
7 11
8 10
8 11
9 10
9 11
0 2
0 3
0 4
0 5
0 6
0 7
0 8
0 9
0 10
0 11
1 2
1 3
1 4
1 5
1 6
1 7
1 8
1 9
1 10
1 11
2 4
2 5
2 6
2 7
2 8
2 9
2 10
2 11
3 4
3 5
3 6
3 7
3 8
3 9
3 10
3 11
4 6
4 7
4 8
4 9
4 10
4 11
5 6
5 7
5 8
5 9
5 10
5 11
6 8
6 9
6 10
6 11
7 8
7 9
7 10
7 11
8 10
8 11
9 10
9 11
0 2
0 3
0 4
0 5
0 6
0 7
0 8
0 9
0 10
0 11
1 2
1 3
1 4
1 5
1 6
1 7
1 8
1 9
1 10
1 11
2 4
2 5
2 6
2 7
2 8
2 9
2 10
2 11
3 4
3 5
3 6
3 7
3 8
3 9
3 10
3 11
4 6
4 7
4 8
4 9
4 10
4 11
5 6
5 7
5 8
5 9
5 10
5 11
6 8
6 9
6 10
6 11
7 8
7 9
7 10
7 11
8 10
8 11
9 10
9 11
11399400157714242150 5120
7 26 14 29 39 6 47 46 42 57 27 2 52 38 45 49 18 35 55 10 33 31 40 56 51 53 30 3 5 58 21 41 28 48 8 43 54 12 0 13 24 1 9 23 50 19 44 59 11 4 17 22 34 15 25 36 37 16 20 32
59 29 25 14 11 57 12 22 44 54 6 16 17 39 36 58 34 9 21 42 15 28 7 51 35 50 23 26 48 55 19 3 20 31 40 53 52 30 18 27 46 0 33 24 38 45 5 32 47 49 56 37 43 41 1 8 4 2 10 13
3 33 53 30 40 57 41 10 59 5 50 55 47 1 46 32 48 20 28 21 37 58 12 2 22 19 6 45 36 16 9 15 51 34 44 25 52 0 35 49 42 24 39 29 54 27 23 14 13 4 26 11 7 18 17 56 8 31 43 38
55 9 51 23 24 32 25 1 40 45 57 56 30 58 21 41 54 37 44 36 6 33 11 14 20 13 49 16 7 48 31 34 29 12 0 43 39 19 15 22 52 27 18 3 35 4 53 28 2 47 50 59 38 26 46 17 8 42 10 5
2121667954184601446 5120
41 51 32 23 50 53 6 59 33 2 21 57 48 30 49 13 58 40 11 54 14 34 39 28 55 8 27 44 26 47 10 15 4 42 52 16 7 9 1 12 22 43 38 46 45 0 37 17 36 31 20 19 18 3 56 35 5 29 25 24
51 46 19 20 59 24 54 6 29 28 45 11 39 50 57 38 23 42 25 35 52 3 13 0 44 10 8 2 49 37 40 53 47 16 4 55 56 17 41 26 32 22 48 18 34 9 58 14 1 31 21 7 30 33 5 27 12 15 36 43
37 46 3 56 44 20 53 4 17 35 48 38 49 13 40 23 52 54 41 1 15 43 57 59 14 9 34 25 55 22 58 47 29 19 5 50 42 26 27 32 39 16 8 7 51 18 21 0 31 45 11 36 2 30 6 10 33 28 24 12
17 52 21 43 59 31 34 28 9 20 50 45 25 56 26 38 55 11 32 51 53 1 18 3 41 57 49 58 40 54 12 0 36 8 42 35 15 19 30 7 5 24 10 48 33 4 22 6 27 37 29 44 16 46 39 47 13 2 14 23
12301927613755748598 5120
13 0 5 8 40 32 24 27 38 45 30 39 17 34 22 20 35 44 23 47 19 49 56 18 59 3 37 1 11 6 58 54 43 26 29 16 57 53 9 7 46 50 10 52 12 21 31 36 42 14 33 15 51 41 4 25 2 28 48 55
54 18 10 32 17 51 2 52 26 57 31 6 4 23 21 40 46 14 35 22 44 39 59 36 15 8 42 9 13 3 43 48 37 41 49 20 7 58 30 47 28 27 1 55 11 50 56 38 24 34 12 45 19 0 29 16 25 5 53 33
50 28 9 56 24 53 47 4 39 30 57 33 36 21 26 40 6 14 42 10 35 0 25 55 11 45 18 2 58 16 22 46 44 43 52 48 19 38 7 8 13 5 15 31 32 17 49 37 51 12 1 41 34 27 3 59 20 23 54 29
27 50 24 34 2 44 55 58 36 43 40 35 52 42 23 25 51 33 1 56 7 48 46 30 8 12 15 19 14 49 29 6 37 39 13 38 26 21 47 31 45 59 57 18 10 5 54 28 17 3 20 16 41 9 11 53 32 0 4 22
14420807073340951529 5120
46 7 47 27 34 52 43 22 31 6 53 57 10 39 30 45 18 3 56 28 33 17 41 15 36 23 21 42 55 54 48 9 35 49 12 2 0 58 32 16 50 51 24 29 1 11 44 5 59 37 13 19 40 38 20 14 8 25 4 26
19 7 31 56 53 39 58 47 22 23 57 15 20 59 55 28 51 30 42 29 4 43 17 46 48 36 25 37 13 50 3 35 21 54 5 38 11 52 41 26 33 27 2 9 18 24 16 49 40 32 1 6 10 0 34 45 44 14 12 8
21 8 47 22 34 52 51 37 33 7 53 38 25 14 30 35 18 3 56 28 31 6 45 15 36 54 41 42 55 43 48 9 46 49 12 2 20 59 32 16 50 23 44 29 1 58 24 5 11 27 13 19 40 57 0 39 17 10 4 26
23 7 31 56 47 39 28 55 21 19 57 15 36 59 20 58 26 32 22 29 4 43 17 46 48 25 53 8 13 24 45 9 49 54 5 38 11 52 41 51 33 27 2 14 18 50 16 30 40 42 44 6 35 0 34 3 1 10 12 37
17797129409420810397 5120
36 57 51 54 20 34 59 53 28 31 19 6 46 33 16 25 50 24 4 7 49 10 39 15 44 42 37 9 23 11 14 30 26 32 18 13 45 40 27 2 48 35 56 3 55 58 47 22 1 29 8 52 41 21 38 0 43 12 5 17
16 14 42 17 36 54 52 47 0 1 40 38 57 30 5 35 10 46 45 53 4 7 29 26 43 59 19 8 34 13 39 44 9 51 32 55 18 33 15 27 37 24 41 6 28 56 31 23 58 11 50 25 21 22 3 12 48 49 20 2
40 55 27 49 50 28 47 39 44 0 45 46 7 4 24 17 23 31 38 14 57 9 12 52 42 5 22 37 32 16 53 19 36 18 59 3 15 56 51 2 33 25 34 58 54 41 43 30 13 29 8 35 6 26 10 20 11 1 21 48
49 41 37 59 26 3 32 43 27 56 36 44 11 29 16 54 8 58 53 55 15 7 1 21 52 51 20 46 4 39 38 18 19 23 6 0 45 57 22 10 34 35 9 24 14 30 31 12 40 17 50 25 28 5 48 33 13 47 42 2
2707601624900122872 5120
38 58 39 31 52 46 50 3 4 30 49 23 10 51 44 28 37 36 16 47 55 43 40 13 8 45 21 22 41 54 19 1 14 5 2 6 34 7 24 11 42 29 9 18 0 56 17 15 48 25 26 20 35 27 32 59 33 57 53 12
45 54 48 10 55 33 38 3 30 15 39 44 53 46 6 42 22 28 56 59 5 49 9 2 57 24 13 23 16 36 58 41 43 34 52 4 17 27 37 35 7 11 14 0 31 18 19 32 12 47 20 26 40 50 21 1 8 51 29 25
7 50 58 0 46 30 41 43 57 10 40 51 14 15 21 44 2 25 34 22 1 33 27 56 36 49 55 42 28 17 38 6 52 4 29 19 59 23 5 18 48 35 8 31 32 9 13 26 47 37 11 45 16 12 53 39 20 54 3 24
47 40 19 18 28 24 31 20 34 3 32 45 57 39 30 43 26 36 14 54 55 5 13 10 41 29 56 49 0 16 6 58 42 37 51 15 50 35 11 53 25 38 59 33 46 4 1 48 8 44 21 23 2 22 7 17 52 27 12 9
12232635205844535590 5120
2 6 22 32 57 37 9 15 29 58 50 36 13 59 3 26 20 21 49 38 33 56 30 39 5 14 47 24 55 45 8 53 46 10 34 35 16 25 11 54 7 41 0 1 12 51 23 31 27 40 17 43 18 44 52 19 42 4 28 48
56 54 48 17 26 57 42 37 27 35 49 29 28 50 21 53 20 19 22 6 12 51 43 5 13 8 3 59 31 9 7 40 16 4 36 10 33 47 41 24 39 14 23 0 25 55 46 58 1 18 32 45 15 11 2 44 52 34 30 38
38 58 27 42 46 41 3 15 6 28 14 29 57 48 9 23 33 8 40 45 59 49 34 54 55 36 43 21 12 52 13 56 51 47 16 37 30 10 17 31 24 1 5 7 20 26 4 35 2 39 25 18 44 0 11 32 19 53 50 22
45 46 52 24 33 25 11 41 40 4 28 27 3 17 26 43 2 57 30 48 19 42 10 59 29 5 7 22 44 50 14 6 51 8 53 12 54 0 38 49 35 39 32 1 18 15 21 31 13 58 16 9 37 36 56 47 23 55 20 34
8887644285139960890 5120
27 44 36 53 32 37 50 9 25 7 41 57 35 16 18 38 34 0 46 51 4 40 45 3 15 54 23 56 52 8 49 30 47 5 14 20 21 12 26 48 55 2 24 33 13 19 42 29 22 28 11 31 1 43 6 59 58 17 10 39
47 44 21 50 40 24 59 20 5 32 56 4 16 54 27 7 18 55 58 22 33 15 49 36 37 48 34 9 39 51 52 0 53 19 29 28 41 57 42 31 25 14 12 35 1 8 38 23 46 2 13 3 30 43 26 45 6 10 11 17
2 56 54 55 30 58 28 21 24 29 10 42 49 34 59 57 0 38 37 26 13 52 40 5 50 51 17 22 16 6 43 41 18 39 35 3 25 31 9 27 48 11 8 14 12 53 46 7 32 19 45 20 44 1 47 15 23 36 4 33
31 32 27 23 29 40 41 56 47 49 26 8 39 33 36 53 21 14 34 3 51 17 58 12 55 45 4 38 46 42 57 16 15 43 50 20 19 10 48 1 6 5 30 54 7 44 24 11 18 0 13 52 2 9 25 35 28 22 59 37
18405738759106659866 5120
56 26 52 42 40 2 31 22 59 25 4 41 35 28 23 17 18 46 24 30 58 7 20 43 19 15 36 8 50 11 45 32 44 39 55 3 47 13 53 14 6 38 48 0 21 54 5 27 9 51 33 12 57 37 10 16 29 49 34 1
54 22 25 40 59 44 2 13 45 51 27 55 16 30 46 56 28 42 12 39 19 36 4 35 8 47 24 17 1 15 38 58 14 53 49 5 23 33 43 50 7 48 29 32 9 52 26 21 34 41 3 10 57 11 37 6 18 31 0 20
56 26 52 42 40 2 31 22 59 25 4 41 35 28 23 17 18 46 24 30 58 7 20 43 19 15 36 8 50 11 45 32 44 39 55 3 47 13 53 14 6 38 48 0 21 54 5 27 9 51 33 12 57 37 10 16 29 49 34 1
54 22 25 40 59 44 2 13 45 51 27 55 16 30 46 56 28 42 12 39 19 36 4 35 8 47 24 17 1 15 38 58 14 53 49 5 23 33 43 50 7 48 29 32 9 52 26 21 34 41 3 10 57 11 37 6 18 31 0 20
3769877979731906799 5120
53 18 55 29 46 43 51 25 36 32 22 34 30 24 7 20 37 26 27 5 57 23 35 8 52 9 13 39 4 6 16 44 14 15 58 47 40 0 45 1 19 49 54 33 2 41 17 56 11 59 48 10 12 42 31 28 21 50 38 3
50 16 24 29 20 45 5 55 39 3 44 53 18 21 14 4 30 26 28 38 48 34 9 54 43 17 23 12 47 36 37 59 1 27 52 42 32 58 19 41 7 31 35 8 25 51 40 6 33 46 49 57 56 10 0 15 2 22 13 11
49 51 37 56 10 32 59 20 46 18 57 12 4 21 44 58 22 15 28 33 0 53 17 47 5 36 42 23 6 41 50 1 40 7 52 29 8 13 11 19 24 14 30 25 45 55 16 2 48 26 39 35 27 43 34 31 9 38 54 3
42 56 33 9 59 37 32 20 29 53 23 13 7 36 25 38 35 34 58 19 50 54 40 17 45 15 57 28 3 51 52 44 8 41 49 39 16 11 2 55 6 24 21 1 48 22 18 31 30 47 0 4 46 5 10 27 12 43 14 26
16354562540204680146 5120
59 31 26 33 56 57 32 36 21 53 39 41 24 5 35 3 50 17 10 23 37 12 45 52 42 0 48 1 7 22 18 47 40 54 51 16 44 19 55 11 30 14 15 4 43 38 34 25 27 8 49 2 6 46 20 29 13 9 58 28
39 32 35 54 55 31 4 13 20 21 16 56 7 41 30 3 27 51 43 40 58 0 6 14 22 17 2 47 12 50 34 19 29 5 53 59 23 44 57 9 18 15 24 1 45 11 42 52 10 38 28 33 46 25 48 37 26 8 49 36
0 49 23 59 8 41 13 18 38 31 25 54 43 50 27 29 20 30 6 37 12 21 44 51 55 19 42 11 35 39 33 7 48 5 10 57 28 34 4 14 58 9 26 53 3 1 16 56 32 2 47 52 46 24 17 36 15 40 22 45
19 44 35 51 58 7 56 28 2 25 8 55 49 39 57 21 30 43 16 38 6 45 59 31 54 10 22 41 34 52 1 18 37 42 48 4 17 50 36 27 53 24 23 12 11 0 46 32 47 29 20 14 9 40 33 26 15 13 3 5
9443754714235836071 5120
25 55 0 35 5 11 41 21 32 13 27 42 34 56 16 33 4 38 7 20 57 17 18 37 50 19 45 48 29 14 8 2 24 31 58 53 59 40 39 12 54 3 1 47 43 49 6 10 28 15 44 36 52 23 22 9 26 51 30 46
8 56 58 53 28 47 11 0 18 27 26 39 36 5 37 40 45 43 32 51 59 19 15 49 21 30 38 57 10 44 9 3 50 16 7 48 29 52 13 33 23 31 17 25 1 55 22 6 24 46 4 54 35 20 42 12 41 34 2 14
36 46 52 1 47 58 34 10 49 37 13 50 8 6 45 27 11 28 24 30 4 21 18 40 43 42 7 53 59 14 38 55 31 0 29 32 56 33 19 41 5 57 35 2 51 15 26 17 12 39 48 20 9 25 44 16 23 3 54 22
3 11 35 50 45 7 24 57 30 23 32 39 21 49 27 31 2 14 46 0 59 5 12 55 58 37 10 56 48 44 8 42 41 40 15 38 26 54 18 6 28 53 17 16 34 22 19 47 33 36 52 29 9 13 20 25 43 4 1 51
900564015410785716 5120
55 50 57 34 36 45 38 29 8 37 24 44 1 3 58 35 30 26 25 19 21 14 13 53 2 51 40 56 43 4 32 20 9 10 42 48 59 12 18 52 7 49 17 31 54 0 6 28 41 27 22 23 16 47 5 46 11 39 15 33
25 44 54 50 35 27 12 37 41 7 55 47 8 45 17 21 38 22 4 28 52 58 14 2 13 49 10 6 36 57 42 11 56 1 26 43 32 24 59 19 48 0 15 18 31 20 30 5 23 46 53 39 40 9 33 16 3 51 34 29
18 4 31 38 47 9 36 34 17 39 57 3 51 15 25 37 29 11 58 10 27 0 23 28 50 48 2 1 14 6 19 45 42 41 54 56 40 53 35 7 22 24 49 8 33 21 55 13 16 43 32 44 46 26 12 59 52 20 5 30
57 26 31 1 53 10 38 29 43 49 5 47 30 56 16 21 50 25 13 28 9 20 59 40 3 58 18 42 35 52 46 2 32 15 22 14 24 54 7 41 39 8 34 33 19 23 48 17 12 4 51 27 36 55 0 6 45 44 11 37
2382880935744185623 5120
56 42 41 43 22 0 31 59 45 18 53 46 49 27 12 47 30 14 57 20 16 33 13 34 50 55 2 52 58 15 1 38 37 28 24 23 9 7 29 54 5 6 32 48 26 3 44 19 21 40 25 35 8 11 10 39 17 51 4 36
10 31 57 33 9 12 21 58 6 48 47 20 44 50 45 24 26 28 14 55 49 54 19 23 5 4 38 52 53 56 30 46 13 42 37 7 25 16 2 35 8 0 15 39 51 17 29 1 32 11 40 36 59 27 34 3 41 18 43 22
36 42 28 58 27 24 52 26 45 43 50 31 59 29 44 22 14 13 7 39 25 57 19 56 3 21 12 49 40 10 35 41 37 18 6 4 53 9 55 15 48 1 8 33 38 5 0 16 46 2 54 20 34 32 23 11 30 47 17 51
1 48 37 52 32 55 4 18 45 28 53 22 34 44 58 20 13 40 16 9 51 25 10 24 15 42 46 38 7 6 41 21 11 19 39 47 43 17 56 57 27 26 30 12 50 59 29 31 35 0 36 14 8 3 54 33 23 5 2 49
1291232767523227217 5120
43 36 27 32 57 8 59 21 1 23 49 58 11 35 47 18 33 26 42 48 53 5 41 29 14 38 24 4 52 50 56 44 0 19 9 28 10 39 46 51 30 7 45 20 37 17 22 55 31 2 12 34 25 3 16 6 15 13 54 40
48 5 11 58 49 9 46 20 30 39 28 40 51 56 27 33 14 26 45 57 55 21 7 44 37 42 19 10 38 4 52 53 47 13 15 36 50 3 31 0 25 17 12 24 18 59 43 23 29 8 16 41 35 34 54 2 6 1 22 32
36 9 22 53 59 46 12 40 39 3 20 57 47 45 51 2 56 48 34 0 41 8 54 44 25 15 49 17 33 19 28 14 43 58 31 10 23 32 52 50 16 5 11 26 4 27 24 30 18 21 13 38 55 1 7 35 29 42 6 37
35 4 46 31 16 49 38 44 7 20 25 51 34 48 58 17 18 21 1 57 0 14 12 41 54 39 50 8 36 43 28 3 45 55 56 11 27 15 19 32 52 24 47 2 6 26 13 59 22 5 9 53 30 40 29 23 10 37 33 42
15335259308736422044 5120
40 6 36 43 54 35 47 49 10 24 20 57 56 22 21 55 46 7 30 39 19 5 25 45 48 15 53 44 31 52 59 58 34 13 50 42 4 32 11 37 0 51 41 14 8 18 38 29 9 1 16 17 12 26 27 2 28 23 3 33
5 47 3 56 34 35 49 57 37 42 12 18 27 14 23 43 32 45 24 30 38 25 59 13 41 26 36 4 51 55 48 7 46 1 33 20 11 58 15 22 0 53 8 29 50 19 54 10 21 39 44 9 17 52 2 28 6 31 16 40
7 52 27 13 33 29 40 36 1 57 19 2 35 53 46 25 30 58 44 10 12 23 9 56 21 42 45 55 0 34 51 32 16 47 15 50 38 59 5 14 31 49 3 41 8 54 22 6 48 18 20 11 28 26 4 43 17 39 37 24
57 41 34 27 58 28 15 26 43 6 1 32 10 39 19 13 47 50 38 3 52 18 12 9 40 42 5 22 37 0 44 46 51 55 56 53 49 7 33 45 30 36 4 54 48 25 31 17 23 20 21 16 2 11 24 59 8 29 14 35
