C99OVERLAPS1 101
0 9 0 15 0 33 0 39 1 4 1 23 1 32 1 38 2 10 2 16 2 25 2 31 3 4 3 15 3 31 3 41 4 50 4 57 5 12 5 22 5 27 5 53 6 9 6 19 6 26 6 58 7 17 7 23 7 45 7 51 8 14 8 21 8 47 8 60 9 28 9 63 10 20 10 66 10 68 11 13 11 18 11 46 11 71 12 19 12 51 12 72 13 17 13 49 13 76 14 22 14 75 14 76 15 32 15 61 16 20 16 36 16 82 17 54 17 83 18 21 18 55 18 66 19 64 19 73 20 42 20 81 21 40 21 79 22 56 22 71 23 69 23 76 24 32 24 38 24 45 24 51 25 43 25 44 25 55 26 29 26 43 26 55 27 28 27 35 27 57 28 36 28 65 29 40 29 66 29 68 30 34 30 40 30 46 30 70 31 61 31 62 32 48 33 42 33 62 33 63 34 37 34 50 34 78 35 36 35 73 35 78 36 67 37 41 37 72 37 82 38 53 38 74 39 42 39 52 39 67 40 78 41 59 41 80 42 79 43 68 43 81 44 52 44 61 44 62 45 64 45 67 46 56 46 58 47 50 47 52 47 70 48 53 48 54 48 74 49 56 49 59 49 77 50 63 51 74 52 81 53 65 54 59 54 80 55 75 56 83 57 70 57 71 58 77 58 82 59 78 60 67 60 73 60 79 61 72 62 77 63 69 64 69 64 72 65 71 65 81 66 73 68 80 69 82 70 76 74 83 75 79 75 80 77 83
0 9 0 15 0 33 0 43 1 4 1 23 1 32 1 38 2 10 2 16 2 25 2 27 3 4 3 15 3 31 3 41 4 50 4 57 5 12 5 22 5 27 5 53 6 9 6 19 6 26 6 51 7 20 7 23 7 45 7 51 8 13 8 14 8 47 8 60 9 28 9 66 10 17 10 66 10 68 11 13 11 18 11 46 11 71 12 19 12 51 12 72 13 49 13 76 14 22 14 32 14 75 15 32 15 61 16 20 16 67 16 72 17 21 17 36 17 83 18 21 18 55 18 66 19 64 19 73 20 42 20 57 21 42 21 79 22 56 22 83 23 71 23 76 24 32 24 38 24 45 24 58 25 39 25 44 25 55 26 29 26 43 26 55 27 35 27 57 28 34 28 36 28 65 29 40 29 63 29 68 30 39 30 40 30 46 30 70 31 37 31 61 31 62 33 42 33 62 33 63 34 42 34 50 34 78 35 36 35 73 35 78 36 74 37 41 37 72 37 82 38 53 38 80 39 52 39 67 40 78 40 79 41 59 41 78 43 68 43 81 44 52 44 61 44 62 45 64 45 67 46 50 46 56 47 52 47 58 47 70 48 53 48 54 48 74 48 76 49 56 49 59 49 77 50 63 51 74 52 81 53 65 54 59 54 64 54 82 55 75 56 71 57 69 58 77 58 82 59 80 60 67 60 73 60 79 61 72 62 77 63 69 64 69 65 71 65 81 66 73 68 80 69 82 70 76 70 81 74 83 75 79 75 80 77 83
0 15 0 17 0 33 0 43 1 4 1 7 1 24 1 38 2 14 2 16 2 25 2 27 3 4 3 15 3 31 3 41 4 50 4 57 5 11 5 12 5 27 5 53 6 9 6 19 6 26 6 51 7 23 7 45 7 51 8 13 8 23 8 60 8 66 9 21 9 28 9 66 10 17 10 22 10 47 10 68 11 18 11 46 11 71 12 19 12 51 12 72 13 22 13 76 13 79 14 20 14 60 14 75 15 32 15 61 16 20 16 67 16 72 17 64 17 83 18 21 18 55 18 66 19 38 19 73 20 42 20 59 21 42 21 79 22 56 22 83 23 68 23 71 24 36 24 45 24 58 25 42 25 44 25 54 26 29 26 43 26 55 27 35 27 57 28 34 28 41 28 65 29 40 29 63 29 68 30 39 30 40 30 46 30 70 31 37 31 45 31 61 32 37 32 38 32 73 33 39 33 62 33 63 34 42 34 50 34 78 35 36 35 73 35 78 36 53 36 74 37 72 37 82 38 80 39 52 39 67 40 78 40 79 41 59 41 78 43 76 43 81 44 52 44 61 44 62 45 64 46 50 46 56 47 52 47 58 47 70 48 53 48 54 48 74 48 76 49 56 49 59 49 75 49 77 50 63 51 74 52 81 53 65 54 64 54 82 55 59 55 75 56 71 57 69 57 80 58 77 58 80 60 67 60 79 61 72 62 67 62 77 63 69 64 69 65 71 65 81 66 73 68 76 69 82 70 81 70 82 74 83 75 80 77 83
0 5 0 15 0 33 0 43 1 7 1 9 1 24 1 38 2 14 2 16 2 25 2 27 3 4 3 18 3 31 3 41 4 21 4 50 4 57 5 11 5 46 5 53 6 9 6 19 6 26 6 51 7 23 7 45 7 59 8 13 8 23 8 60 8 66 9 28 9 66 10 17 10 22 10 47 10 68 11 15 11 44 11 62 12 17 12 19 12 50 12 51 13 22 13 72 13 79 14 20 14 60 14 75 15 32 15 49 16 20 16 67 16 72 17 55 17 64 18 21 18 55 18 66 19 38 19 73 20 59 20 80 21 42 21 79 22 56 22 77 23 68 23 71 24 36 24 45 24 58 25 42 25 44 25 54 26 29 26 43 26 55 27 35 27 51 27 57 28 34 28 41 28 65 29 40 29 63 29 68 30 39 30 40 30 46 30 70 31 37 31 47 31 61 32 37 32 38 32 73 33 39 33 62 33 63 34 42 34 72 34 78 35 36 35 77 35 78 36 53 36 74 37 72 37 83 38 80 39 52 39 67 40 78 40 79 41 58 41 59 42 58 43 76 43 81 44 49 44 61 45 64 45 70 46 56 46 62 47 50 47 52 48 53 48 54 48 74 48 76 49 59 49 73 50 63 51 74 52 56 52 81 53 65 54 64 54 82 55 58 56 71 57 69 57 80 60 67 60 79 61 75 61 76 62 77 63 69 64 69 65 71 65 81 66 73 67 71 68 76 69 82 70 81 70 82 74 83 75 80 75 82 77 83 78 83
0 7 0 16 0 33 0 39 1 9 1 15 1 24 1 38 2 9 2 14 2 25 2 27 3 4 3 18 3 31 3 41 4 21 4 50 4 57 5 11 5 20 5 53 5 54 6 16 6 19 6 26 6 51 7 11 7 45 7 59 8 13 8 23 8 61 8 66 9 28 9 70 10 17 10 22 10 47 10 68 11 44 11 62 12 17 12 19 12 50 12 51 13 22 13 72 13 79 14 20 14 60 14 78 15 23 15 32 15 61 16 67 16 72 17 53 17 64 18 21 18 55 18 66 19 38 19 73 20 59 20 80 21 58 21 79 22 56 22 77 23 68 23 71 24 36 24 45 24 58 25 42 25 44 25 46 26 29 26 30 26 55 27 35 27 51 27 57 28 34 28 41 28 65 29 40 29 63 29 68 30 40 30 46 30 70 31 37 31 47 31 61 32 37 32 38 32 62 33 43 33 63 33 73 34 42 34 72 34 75 35 36 35 76 35 78 36 53 36 74 37 72 37 83 38 80 39 43 39 52 39 67 40 78 40 79 41 59 41 82 42 58 42 69 43 69 43 76 44 49 44 60 45 66 45 69 46 56 46 62 47 50 47 52 48 53 48 54 48 74 48 76 49 59 49 62 49 75 50 63 51 74 52 56 52 81 54 64 54 82 55 58 55 65 56 71 57 80 57 81 60 67 60 79 61 77 63 64 64 69 65 71 65 81 66 75 67 71 68 76 70 81 70 82 73 77 73 80 74 83 75 82 77 83 78 83
0 7 0 16 0 33 0 39 1 15 1 20 1 24 1 38 2 9 2 14 2 25 2 27 3 4 3 19 3 31 3 41 4 21 4 50 4 57 5 9 5 18 5 53 5 54 6 16 6 18 6 24 6 51 7 11 7 45 7 51 8 13 8 23 8 61 8 66 9 28 9 70 10 13 10 22 10 47 10 68 11 21 11 44 11 62 12 17 12 19 12 51 12 77 13 72 13 79 14 20 14 60 14 78 15 23 15 32 15 74 16 67 16 72 17 22 17 53 17 64 18 55 18 66 19 38 19 73 20 59 20 80 21 58 21 79 22 40 22 77 23 70 23 71 24 36 24 58 25 42 25 44 25 55 26 29 26 30 26 44 26 55 27 35 27 57 27 59 28 34 28 41 28 65 29 40 29 63 29 69 30 40 30 46 30 70 31 37 31 47 31 61 32 37 32 38 32 62 33 43 33 63 33 73 34 42 34 72 34 74 35 36 35 76 35 78 36 53 36 74 37 65 37 72 38 80 39 43 39 52 39 67 40 81 41 59 41 82 42 58 42 69 43 56 43 69 44 60 45 56 45 66 45 68 46 56 46 58 46 62 47 50 47 52 48 52 48 54 48 61 48 76 49 53 49 59 49 62 49 75 50 63 50 73 51 61 52 81 54 64 54 82 55 83 56 78 57 80 57 81 60 67 60 79 63 64 64 69 65 71 65 81 66 75 67 71 68 76 68 79 70 82 71 76 73 80 74 83 75 77 75 82 77 83 78 83
0 7 0 16 0 33 0 39 1 15 1 20 1 24 1 38 2 4 2 14 2 25 2 27 3 7 3 9 3 31 3 40 4 21 4 50 4 57 5 9 5 18 5 53 5 54 6 16 6 18 6 48 6 51 7 45 7 55 8 13 8 23 8 61 8 66 9 60 9 70 10 13 10 22 10 47 10 68 11 19 11 21 11 44 11 62 12 17 12 19 12 34 12 51 13 72 13 79 14 20 14 77 14 78 15 23 15 60 15 74 16 67 16 81 17 22 17 53 17 64 18 37 18 66 19 38 19 73 20 59 20 80 21 79 21 82 22 40 22 77 23 70 23 71 24 36 24 52 24 58 25 42 25 44 25 51 26 29 26 30 26 44 26 55 27 35 27 52 27 59 28 34 28 41 28 65 28 67 29 32 29 63 29 69 30 41 30 46 30 70 31 37 31 61 31 67 32 38 32 62 32 79 33 43 33 63 33 73 34 42 34 74 35 36 35 61 35 76 36 53 36 74 37 40 37 65 38 80 39 43 39 66 39 67 40 81 41 77 41 78 42 58 42 69 43 56 43 69 44 60 45 56 45 66 45 68 46 56 46 58 46 62 47 50 47 57 47 71 48 54 48 61 48 76 49 53 49 59 49 62 49 75 50 63 50 73 51 78 52 72 52 75 54 64 54 82 55 72 55 83 56 78 57 80 57 81 58 79 59 83 60 72 63 64 64 69 65 71 65 81 68 76 68 83 70 82 71 76 73 80 74 83 75 77 75 82
0 7 0 8 0 27 0 33 1 20 1 23 1 24 1 38 2 14 2 17 2 25 2 39 3 7 3 9 3 31 3 40 4 21 4 22 4 50 4 57 5 9 5 18 5 53 5 54 6 16 6 18 6 48 6 51 7 45 7 55 8 15 8 29 8 61 9 60 9 70 10 13 10 22 10 47 10 68 11 19 11 21 11 44 11 62 12 17 12 19 12 34 12 51 13 16 13 60 13 79 14 20 14 77 14 78 15 23 15 72 15 74 16 67 16 81 17 53 17 64 18 37 18 66 19 38 19 73 20 59 20 80 21 70 21 79 22 40 22 77 23 71 23 82 24 36 24 52 24 58 25 42 25 44 25 51 26 29 26 30 26 44 26 55 27 35 27 47 27 52 28 32 28 34 28 45 28 65 29 41 29 63 30 41 30 46 30 70 31 37 31 61 31 71 32 38 32 62 32 79 33 43 33 63 33 73 34 42 34 74 35 36 35 49 35 76 36 55 36 74 37 40 37 65 38 80 39 43 39 66 39 67 40 81 41 78 41 81 42 58 42 69 43 56 43 69 44 60 45 56 45 66 46 56 46 58 46 62 47 57 47 67 48 54 48 61 48 73 49 53 49 59 49 62 50 59 50 63 50 76 51 78 52 72 52 75 53 72 54 64 54 82 55 83 56 76 57 80 57 83 58 79 59 77 60 72 61 75 63 64 64 69 65 71 65 81 66 69 67 68 68 78 68 83 70 82 71 76 73 80 74 83 75 77 75 82
0 7 0 8 0 27 0 33 1 18 1 20 1 24 1 38 2 14 2 17 2 29 2 39 3 7 3 9 3 31 3 40 4 21 4 22 4 25 4 44 5 9 5 23 5 24 5 54 6 16 6 18 6 48 6 51 7 45 7 55 8 15 8 29 8 64 9 60 9 70 10 13 10 22 10 47 10 68 11 19 11 21 11 44 11 62 12 17 12 19 12 35 12 62 13 16 13 32 13 79 14 20 14 77 14 78 15 23 15 72 15 74 16 52 16 67 17 53 17 64 18 37 18 66 19 36 19 75 20 59 20 80 21 70 21 79 22 40 22 77 23 71 23 82 24 36 24 52 25 41 25 42 25 51 26 29 26 30 26 55 26 57 27 35 27 44 27 47 28 32 28 34 28 45 28 65 29 63 30 41 30 46 30 70 31 37 31 61 31 71 32 38 32 48 33 43 33 51 33 73 34 42 34 73 34 74 35 36 35 49 36 74 37 40 37 67 38 55 38 80 39 43 39 65 39 66 40 81 41 69 41 78 42 58 42 69 43 56 43 81 44 60 45 56 45 66 46 56 46 58 46 62 47 57 47 67 48 54 48 61 49 53 49 59 49 62 50 52 50 59 50 63 50 76 51 76 52 75 53 58 53 72 54 64 54 83 55 83 56 76 57 80 57 83 58 79 59 77 60 72 60 79 61 69 61 78 63 64 63 75 65 71 65 81 66 69 67 68 68 78 68 83 70 82 71 76 72 81 73 80 73 82 74 82 75 77
0 7 0 8 0 27 0 33 1 18 1 20 1 24 1 38 2 4 2 14 2 29 2 31 3 7 3 9 3 40 3 42 4 21 4 44 4 59 5 9 5 15 5 24 5 54 6 16 6 18 6 48 6 58 7 45 7 46 8 23 8 29 8 64 9 68 9 70 10 13 10 22 10 47 10 68 11 19 11 21 11 44 11 62 12 17 12 19 12 35 12 62 13 16 13 50 13 79 14 20 14 77 14 78 15 23 15 48 15 74 16 52 16 67 17 22 17 53 17 64 18 66 18 73 19 74 19 75 20 59 20 80 21 70 21 79 22 40 22 77 23 69 23 82 24 36 24 52 25 41 25 42 25 49 25 51 26 30 26 37 26 55 26 57 27 35 27 44 27 47 28 32 28 34 28 45 28 65 29 39 29 63 30 41 30 46 30 63 31 34 31 61 31 71 32 38 32 48 32 63 33 43 33 51 33 76 34 73 34 74 35 36 35 49 36 74 36 82 37 40 37 67 37 80 38 55 38 80 39 43 39 65 39 66 40 81 41 71 41 78 42 58 42 69 43 56 43 81 44 60 45 56 45 66 46 56 46 62 47 53 47 67 48 54 49 53 49 62 50 52 50 59 50 76 51 57 51 73 52 83 53 72 54 64 54 75 55 58 55 83 56 76 57 80 57 83 58 79 59 77 60 67 60 72 60 79 61 69 61 72 61 78 63 75 64 70 65 71 65 81 66 69 68 78 68 83 70 82 71 76 72 81 73 82 75 77
0 8 0 10 0 27 0 33 1 18 1 20 1 24 1 35 2 4 2 14 2 28 2 31 3 7 3 9 3 40 3 42 4 21 4 44 4 59 5 9 5 22 5 26 5 54 6 16 6 18 6 48 6 58 7 8 7 45 7 46 8 29 8 64 9 68 9 70 10 22 10 66 10 68 11 19 11 21 11 44 11 62 12 17 12 19 12 35 12 60 13 16 13 23 13 50 13 79 14 20 14 77 14 78 15 17 15 23 15 33 15 72 16 52 16 67 17 53 17 64 18 66 18 73 19 74 19 75 20 59 20 80 21 70 21 79 22 40 22 77 23 69 23 80 24 32 24 52 24 55 25 41 25 42 25 48 25 51 26 30 26 37 26 57 27 38 27 44 27 47 28 34 28 47 28 65 29 36 29 38 29 63 30 41 30 46 30 63 31 34 31 45 31 61 32 39 32 48 32 63 33 43 33 62 34 73 34 74 35 36 35 51 36 74 36 82 37 40 37 67 37 80 38 55 38 80 39 43 39 65 39 66 40 81 41 71 41 78 42 58 42 69 43 56 43 81 44 60 45 56 45 69 46 56 46 71 47 53 47 67 48 61 49 53 49 54 49 74 49 76 50 52 50 59 50 76 51 57 51 73 52 83 53 72 54 64 54 75 55 58 55 83 56 76 57 82 57 83 58 79 59 77 60 67 60 79 61 69 61 75 62 65 62 72 63 78 64 70 65 81 66 71 68 78 68 83 70 82 71 76 72 81 73 82 75 77
0 8 0 23 0 27 0 33 1 18 1 20 1 24 1 35 2 4 2 14 2 28 2 42 3 7 3 9 3 31 3 41 4 21 4 44 4 59 5 9 5 22 5 26 5 54 6 16 6 18 6 48 6 58 7 8 7 45 7 58 8 64 8 71 9 60 9 70 10 13 10 22 10 66 10 68 11 19 11 21 11 44 11 62 12 17 12 19 12 35 12 60 13 16 13 62 13 79 14 20 14 77 14 78 15 17 15 23 15 33 15 72 16 37 16 52 17 53 17 64 18 66 18 73 19 65 19 74 20 59 20 80 21 70 21 79 22 40 22 77 23 69 23 80 24 32 24 52 24 55 25 34 25 41 25 48 25 51 26 28 26 38 26 57 27 30 27 44 27 47 28 47 28 65 29 36 29 38 29 46 29 63 30 37 30 46 30 63 31 40 31 45 31 61 32 39 32 63 32 76 33 43 33 50 34 42 34 72 34 74 35 36 35 51 36 74 36 82 37 40 37 67 38 55 38 80 39 43 39 66 39 75 40 81 41 71 41 78 42 58 42 79 43 56 43 81 44 60 45 56 45 69 46 55 46 56 47 53 47 67 48 61 48 62 49 53 49 54 49 74 49 76 50 52 50 59 50 73 51 57 51 73 52 83 53 72 54 64 54 75 55 83 56 76 57 82 57 83 58 69 59 77 60 79 61 69 61 75 62 65 63 78 64 70 65 81 66 71 67 68 67 80 68 78 68 83 70 82 71 76 72 81 73 82 75 77
0 8 0 23 0 27 0 33 1 18 1 20 1 33 1 35 2 4 2 14 2 28 2 42 3 7 3 9 3 31 3 41 4 21 4 44 4 47 5 9 5 22 5 45 5 54 6 16 6 18 6 48 6 50 7 8 7 26 7 58 8 64 8 71 9 60 9 70 10 13 10 22 10 66 10 69 11 19 11 21 11 44 11 45 12 17 12 19 12 35 12 60 13 16 13 62 13 79 14 20 14 77 14 78 15 17 15 23 15 33 15 48 16 36 16 37 17 53 17 64 18 66 18 73 19 65 19 74 20 41 20 80 21 43 21 70 22 76 22 77 23 69 23 80 24 32 24 39 24 52 24 55 25 34 25 36 25 51 25 56 26 28 26 38 26 57 27 43 27 44 27 50 28 47 28 65 29 38 29 41 29 46 29 63 30 37 30 39 30 46 30 63 31 36 31 61 31 62 32 43 32 63 32 76 33 50 34 42 34 72 34 74 35 40 35 51 36 82 37 40 37 67 38 55 38 80 39 66 39 75 40 70 40 81 41 71 42 58 42 79 43 56 44 60 45 56 45 69 46 49 46 55 47 59 47 67 48 54 48 62 49 53 49 74 49 76 50 73 51 57 51 73 52 58 52 72 52 83 53 59 53 72 54 64 54 75 55 83 56 82 57 82 57 83 58 69 59 77 59 78 60 79 61 68 61 72 61 75 62 65 63 78 64 70 65 81 66 71 67 68 67 80 68 78 68 83 71 76 73 82 74 81 75 77 79 81
0 8 0 23 0 27 0 33 1 18 1 20 1 26 1 33 2 4 2 15 2 28 2 42 3 5 3 7 3 30 3 41 4 9 4 47 4 49 5 21 5 52 5 54 6 16 6 18 6 48 6 50 7 8 7 26 7 58 8 68 8 71 9 22 9 60 9 70 10 13 10 22 10 64 10 66 11 19 11 21 11 44 11 45 12 17 12 19 12 35 12 60 13 16 13 48 13 79 14 20 14 23 14 77 14 78 15 17 15 33 15 62 16 37 16 52 17 39 17 64 18 39 18 66 19 65 19 74 20 41 20 80 21 43 21 70 22 76 22 77 23 69 23 80 24 32 24 39 24 55 24 57 25 34 25 36 25 49 25 51 26 28 26 52 27 43 27 50 27 53 28 47 28 65 29 38 29 41 29 46 29 63 30 37 30 46 30 63 31 36 31 39 31 61 31 62 32 43 32 63 32 76 33 50 34 42 34 72 34 74 35 38 35 40 35 49 36 72 36 82 37 40 37 67 38 73 38 80 40 58 40 81 41 71 42 70 42 79 43 56 44 53 44 59 44 60 45 56 45 58 45 69 46 55 46 56 47 59 47 67 48 54 48 62 49 76 50 73 51 57 51 73 51 74 52 83 53 72 53 75 54 64 54 75 55 66 55 83 56 82 57 82 57 83 58 69 59 77 59 78 60 79 61 69 61 72 61 75 62 65 63 78 64 70 65 80 66 71 67 68 67 81 68 78 68 83 71 76 73 82 74 81 75 77 79 81
0 21 0 23 0 27 0 33 1 18 1 20 1 26 1 33 2 4 2 15 2 28 2 42 3 7 3 20 3 35 3 41 4 8 4 47 4 49 5 9 5 15 5 52 5 54 6 16 6 18 6 46 6 48 7 8 7 26 7 58 8 44 8 71 9 22 9 64 9 70 10 13 10 22 10 64 10 66 11 19 11 21 11 44 11 45 12 17 12 19 12 35 12 60 13 16 13 48 13 79 14 17 14 23 14 77 14 78 15 33 15 62 16 37 16 52 17 39 17 64 18 39 18 66 19 65 19 74 20 41 20 80 21 43 21 70 22 76 22 77 23 69 23 80 24 32 24 39 24 54 24 57 25 34 25 36 25 49 25 51 26 28 26 52 27 43 27 50 27 53 28 46 28 47 29 38 29 41 29 46 29 67 30 37 30 38 30 61 30 63 31 36 31 39 31 61 31 62 32 43 32 63 32 76 33 50 34 42 34 72 34 74 35 40 35 49 36 72 36 82 37 40 37 67 38 73 38 80 40 58 40 81 41 71 42 56 42 79 43 56 44 53 44 59 45 55 45 56 45 69 46 55 47 59 47 66 48 58 48 62 49 76 50 57 50 73 51 56 51 73 51 74 52 75 53 72 53 75 54 81 54 83 55 66 55 83 57 82 57 83 58 69 59 77 59 78 60 68 60 70 60 79 61 72 61 75 62 65 63 71 63 78 64 74 65 69 65 80 67 68 67 81 68 78 68 83 70 82 71 76 73 82 75 77 79 81
0 21 0 23 0 27 0 33 1 18 1 20 1 26 1 33 2 5 2 6 2 28 2 42 3 7 3 20 3 31 3 41 4 8 4 15 4 47 4 49 5 9 5 52 5 54 6 16 6 46 6 57 7 8 7 26 7 58 8 44 8 71 9 14 9 61 9 70 10 13 10 22 10 45 10 64 11 19 11 21 11 44 11 45 12 17 12 19 12 35 12 60 13 16 13 48 13 79 14 23 14 61 14 77 15 18 15 33 15 62 16 37 16 72 17 22 17 39 17 64 18 39 18 66 19 65 19 74 20 41 20 80 21 43 21 80 22 76 22 77 23 69 23 70 24 32 24 39 24 48 24 54 25 34 25 36 25 49 25 50 26 28 26 52 27 43 27 51 27 53 28 47 28 69 29 38 29 41 29 46 29 67 30 37 30 38 30 61 30 63 31 36 31 62 31 64 32 43 32 63 32 73 33 50 34 42 34 72 34 74 35 39 35 40 35 75 36 52 36 82 37 40 37 67 38 73 38 80 40 58 40 81 41 71 42 56 42 79 43 56 44 53 44 59 45 55 45 56 46 55 46 65 47 59 47 66 48 58 48 62 49 61 49 76 50 57 50 76 51 56 51 73 51 74 52 75 53 72 53 75 54 81 54 83 55 66 55 83 57 82 57 83 58 69 59 68 59 77 60 68 60 70 60 79 62 65 63 71 63 78 64 74 65 80 66 68 67 69 67 81 68 78 70 82 71 76 72 78 73 82 75 77 78 83 79 81
0 21 0 23 0 27 0 33 1 18 1 20 1 26 1 33 2 5 2 6 2 28 2 30 3 14 3 20 3 31 3 41 4 12 4 15 4 47 4 49 5 9 5 52 5 58 6 16 6 50 6 57 7 8 7 23 7 26 7 50 8 17 8 44 8 71 9 14 9 61 9 70 10 13 10 22 10 45 10 68 11 19 11 21 11 44 11 45 12 19 12 35 12 60 13 16 13 34 13 79 14 34 14 61 15 18 15 62 15 63 16 37 16 72 17 22 17 39 17 64 18 39 18 66 19 65 19 74 20 77 20 80 21 43 21 82 22 41 22 76 23 69 23 78 24 29 24 39 24 48 24 54 25 34 25 36 25 49 25 59 26 28 26 52 27 43 27 51 27 53 28 47 28 69 29 38 29 46 29 67 30 38 30 61 30 63 31 36 31 62 31 64 32 41 32 43 32 73 32 75 33 50 33 78 34 42 35 39 35 40 35 49 36 52 36 82 37 40 37 42 37 67 38 73 38 80 40 58 40 81 41 83 42 56 42 79 43 56 44 53 44 59 45 55 45 56 46 55 46 57 46 65 47 54 47 66 48 58 48 62 48 74 49 76 50 76 51 56 51 73 51 74 52 75 53 72 53 75 54 81 54 83 55 66 55 83 57 71 57 80 58 69 59 68 59 77 60 64 60 70 60 79 61 75 62 65 63 71 63 77 64 74 65 80 66 68 67 69 67 81 68 78 70 82 70 83 71 76 72 77 72 78 73 82 79 81
0 15 0 21 0 27 0 33 1 10 1 20 1 26 1 28 2 6 2 9 2 28 2 30 3 14 3 20 3 31 3 41 4 12 4 18 4 47 4 49 5 9 5 14 5 52 5 58 6 16 6 50 6 57 7 8 7 23 7 26 7 50 8 17 8 44 8 71 9 61 9 62 10 22 10 45 10 68 11 19 11 21 11 44 11 45 12 19 12 72 12 78 13 16 13 23 13 34 13 79 14 61 14 76 15 18 15 61 15 62 16 37 16 72 17 22 17 39 17 64 18 39 18 66 19 65 19 74 20 79 20 80 21 43 21 82 22 77 22 82 23 69 23 78 24 29 24 39 24 48 24 54 25 34 25 36 25 49 25 59 26 33 26 52 27 42 27 51 27 53 28 47 28 69 29 38 29 46 29 67 30 38 30 61 30 63 31 36 31 64 31 70 32 41 32 43 32 60 32 75 33 50 33 78 34 43 34 48 35 39 35 40 35 49 35 72 36 52 36 82 37 40 37 42 37 67 38 73 38 80 40 58 40 81 41 70 41 83 42 56 42 83 43 56 44 53 44 59 45 55 45 56 46 55 46 57 46 65 47 54 47 66 48 58 48 74 49 76 50 62 51 56 51 73 51 74 52 75 53 72 53 75 54 81 54 83 55 66 55 83 57 71 57 80 58 69 59 68 59 77 60 64 60 70 60 79 62 65 63 71 63 75 63 77 64 74 65 80 66 69 67 68 67 81 68 78 70 76 71 76 73 77 73 82 79 81
0 21 0 22 0 27 0 33 1 5 1 10 1 27 1 28 2 6 2 9 2 28 2 30 3 7 3 20 3 31 3 41 4 12 4 18 4 47 4 49 5 14 5 56 5 59 6 16 6 50 6 57 7 8 7 26 7 50 8 17 8 44 8 71 9 20 9 61 9 62 10 22 10 45 10 68 11 19 11 21 11 44 11 45 12 19 12 62 12 78 13 16 13 23 13 60 13 79 14 23 14 75 14 76 15 17 15 18 15 61 15 62 16 37 16 74 17 39 17 52 18 39 18 66 19 65 19 74 20 79 20 80 21 43 21 82 22 77 22 82 23 69 23 78 24 29 24 39 24 48 24 54 25 34 25 36 25 49 25 58 26 33 26 42 26 52 27 51 27 53 28 47 28 69 29 38 29 46 29 67 30 38 30 61 30 63 31 36 31 64 31 70 32 41 32 43 32 60 32 61 33 50 33 78 34 43 34 48 34 79 35 39 35 40 35 49 35 72 36 52 36 82 37 40 37 42 37 67 38 73 38 80 40 56 40 59 41 70 41 83 42 70 42 83 43 56 44 53 44 59 45 55 45 56 46 55 46 57 46 65 47 54 47 66 48 58 48 63 49 76 50 72 51 52 51 73 51 74 53 72 53 75 54 81 54 83 55 66 55 83 57 77 57 80 58 69 58 76 59 71 60 64 60 70 62 65 63 71 63 75 64 72 64 75 65 80 66 69 67 68 67 81 68 78 68 81 71 76 73 77 73 82 74 77 79 81
0 20 0 22 0 27 0 33 1 5 1 15 1 27 1 28 2 6 2 9 2 28 2 34 3 7 3 20 3 34 3 41 4 12 4 18 4 47 4 49 5 14 5 46 5 56 6 16 6 48 6 55 7 8 7 26 7 50 8 17 8 44 8 71 9 21 9 47 9 61 10 17 10 22 10 45 10 68 11 19 11 21 11 44 11 45 12 19 12 72 12 78 13 16 13 23 13 60 13 79 14 23 14 75 14 76 15 18 15 61 15 62 16 37 16 66 17 39 17 52 18 39 18 74 19 65 19 74 20 79 20 80 21 43 21 82 22 77 22 82 23 69 23 70 24 29 24 39 24 54 24 57 25 30 25 36 25 49 25 58 26 37 26 42 26 53 27 51 27 52 28 47 28 69 29 38 29 46 29 67 30 38 30 61 30 63 31 36 31 39 31 64 31 70 32 41 32 43 32 60 32 61 33 42 33 50 33 78 34 48 34 79 35 40 35 43 35 49 35 72 36 52 36 82 37 40 37 67 38 73 38 80 40 56 40 59 41 56 41 83 42 70 42 83 43 78 44 52 44 59 45 50 45 56 46 57 46 65 47 54 48 58 48 63 49 76 50 62 51 53 51 73 51 74 53 72 53 75 54 81 54 83 55 59 55 66 55 82 57 77 57 80 58 69 58 76 59 71 60 64 60 70 62 65 62 66 63 71 63 75 64 72 64 75 65 80 66 69 67 68 67 81 68 78 68 81 71 76 73 77 73 83 74 77 79 81
0 6 0 20 0 27 0 33 1 5 1 15 1 27 1 28 2 14 2 16 2 28 2 34 3 7 3 20 3 34 3 41 4 12 4 18 4 49 4 51 5 10 5 46 5 56 6 23 6 48 6 55 7 8 7 26 7 59 8 17 8 44 8 71 9 21 9 23 9 60 9 62 10 22 10 45 10 68 11 19 11 21 11 44 11 45 12 19 12 34 12 78 13 16 13 22 13 34 13 63 14 17 14 75 14 76 15 18 15 61 15 62 16 37 16 66 17 39 17 80 18 74 18 83 19 65 19 74 20 79 20 80 21 69 21 82 22 77 22 82 23 70 23 81 24 29 24 39 24 54 24 57 25 30 25 36 25 49 25 58 26 37 26 42 26 53 27 44 27 51 28 47 28 69 29 38 29 46 29 47 30 38 30 61 30 63 31 36 31 39 31 64 31 70 32 41 32 43 32 60 32 61 33 42 33 50 33 78 35 40 35 43 35 49 35 72 36 52 36 82 37 40 37 67 38 73 38 80 39 54 40 56 40 59 41 78 41 83 42 70 42 83 43 56 43 79 44 52 45 50 45 56 46 57 46 65 47 53 47 54 48 58 48 63 48 72 49 76 50 55 50 62 51 73 51 74 52 59 52 65 53 72 53 75 54 81 55 66 55 82 57 77 57 80 58 69 58 76 59 71 60 64 60 79 61 70 62 65 63 66 64 72 64 75 66 69 67 68 67 71 67 81 68 78 68 81 71 76 73 77 73 83 74 77 75 79
0 19 0 20 0 27 0 36 1 5 1 15 1 27 1 28 2 6 2 16 2 28 2 35 3 7 3 20 3 34 3 41 4 12 4 18 4 48 4 51 5 10 5 46 5 53 6 12 6 49 6 55 7 8 7 26 7 59 8 17 8 44 8 71 9 16 9 23 9 60 9 62 10 22 10 47 10 68 11 19 11 21 11 44 11 45 12 73 12 78 13 21 13 22 13 32 13 63 14 17 14 23 14 50 14 75 15 18 15 61 15 62 16 39 16 66 17 39 17 80 18 74 18 83 19 65 19 74 20 57 20 80 21 69 21 82 22 43 22 82 23 70 23 81 24 29 24 39 24 54 24 57 25 33 25 34 25 49 25 58 26 30 26 37 26 53 27 44 27 51 28 45 28 69 29 38 29 46 29 47 30 40 30 46 30 63 31 36 31 39 31 64 31 70 32 41 32 43 32 60 33 42 33 50 33 78 34 48 34 61 35 43 35 49 35 72 36 52 36 82 37 40 37 54 37 67 38 42 38 73 38 80 40 56 40 59 41 78 41 83 42 70 42 83 43 79 44 52 45 50 45 56 46 57 47 54 47 56 48 59 48 63 49 76 50 55 51 73 51 74 52 58 52 65 53 72 53 75 54 81 55 66 55 83 56 77 57 77 58 69 58 76 59 71 60 64 60 79 61 65 61 70 62 65 62 76 63 66 64 72 64 75 66 69 67 68 67 71 67 81 68 78 68 81 71 76 72 77 73 82 74 77 75 79 79 80
0 19 0 20 0 27 0 29 1 5 1 11 1 27 1 40 2 6 2 16 2 40 2 42 3 7 3 20 3 34 3 36 4 12 4 18 4 48 4 51 5 22 5 53 5 55 6 12 6 49 6 55 7 8 7 26 7 59 8 17 8 29 8 44 9 16 9 23 9 60 9 62 10 13 10 22 10 47 10 68 11 19 11 44 11 45 12 34 12 78 13 21 13 32 13 63 14 17 14 23 14 50 14 75 15 18 15 21 15 61 15 62 16 39 16 64 17 39 17 80 18 74 18 82 19 65 19 74 20 79 20 80 21 69 21 82 22 43 22 82 23 70 23 81 24 36 24 39 24 54 24 57 25 33 25 34 25 49 25 58 26 30 26 33 26 53 27 48 27 51 28 35 28 37 28 45 28 60 29 38 29 47 30 37 30 46 30 63 31 39 31 41 31 64 31 70 32 41 32 43 32 60 33 50 33 78 34 51 35 43 35 49 35 72 36 80 36 83 37 54 37 67 38 42 38 52 38 73 40 56 40 59 41 78 41 83 42 70 42 83 43 79 44 52 44 59 45 50 45 56 46 50 46 57 46 71 47 54 47 56 48 63 48 73 49 76 51 74 52 58 52 65 53 72 53 75 54 81 55 66 55 83 56 77 57 76 57 77 58 69 58 76 59 71 60 79 61 65 61 70 61 73 62 65 62 76 63 66 64 69 64 75 66 69 66 72 67 68 67 71 67 81 68 78 68 81 71 80 72 77 73 82 74 77 75 79
0 19 0 20 0 29 0 43 1 5 1 11 1 27 1 40 2 6 2 16 2 40 2 42 3 20 3 23 3 34 3 37 4 12 4 18 4 48 4 51 5 22 5 53 5 55 6 12 6 52 6 55 7 8 7 14 7 26 7 46 8 17 8 29 8 44 9 16 9 23 9 60 9 67 10 13 10 22 10 47 10 64 11 19 11 30 11 45 12 76 12 78 13 21 13 32 13 63 14 17 14 50 14 75 15 18 15 21 15 61 15 62 16 65 16 66 17 39 17 80 18 74 18 83 19 65 19 74 20 79 20 80 21 69 21 82 22 57 22 70 23 70 23 81 24 39 24 41 24 54 24 57 25 33 25 34 25 49 25 58 26 30 26 33 26 53 27 32 27 51 27 57 28 35 28 37 28 45 28 68 29 38 29 47 30 36 30 46 31 39 31 41 31 64 31 70 32 36 32 60 33 48 33 78 34 51 34 62 35 43 35 49 35 72 36 80 36 82 37 54 37 67 38 42 38 52 38 55 39 52 40 56 40 59 41 59 41 78 42 82 42 83 43 76 43 79 44 49 44 59 44 63 45 50 45 56 46 48 46 71 47 54 47 56 48 73 49 76 50 59 50 63 51 74 52 58 53 72 53 75 54 81 55 83 56 77 57 77 58 69 58 76 60 69 60 79 61 65 61 70 61 73 62 65 62 71 63 66 64 72 64 75 66 69 66 73 67 68 67 81 68 78 68 81 71 80 71 83 72 77 73 82 74 77 75 79
0 11 0 20 0 29 0 43 1 5 1 19 1 27 1 40 2 6 2 17 2 40 2 42 3 20 3 23 3 25 3 31 4 12 4 18 4 49 4 51 5 22 5 53 5 55 6 12 6 52 6 55 7 8 7 14 7 25 7 52 8 17 8 29 8 44 9 16 9 23 9 45 9 60 10 13 10 19 10 47 10 64 11 22 11 30 11 67 12 76 12 78 13 21 13 32 13 63 14 16 14 33 14 50 15 18 15 21 15 61 15 62 16 53 16 66 17 39 17 81 18 37 18 74 19 65 19 74 20 79 20 80 21 41 21 82 22 42 22 57 23 43 23 70 24 39 24 41 24 54 24 57 25 33 25 49 26 30 26 33 26 53 26 58 27 32 27 51 27 57 28 35 28 36 28 45 28 68 29 38 29 47 30 36 30 46 31 41 31 65 31 66 32 37 32 60 33 78 34 37 34 39 34 51 34 62 35 43 35 49 35 72 36 80 36 82 37 67 38 42 38 52 38 55 39 52 40 59 40 68 41 78 42 83 43 76 44 48 44 59 44 63 45 50 45 56 46 48 46 58 46 71 47 54 47 56 48 73 48 75 49 76 50 59 50 63 51 74 53 75 54 81 54 83 55 83 56 77 56 78 57 77 58 69 58 76 59 69 60 69 60 79 61 65 61 70 61 73 62 64 62 71 63 70 64 72 64 75 65 72 66 69 66 73 67 68 67 80 68 81 70 82 71 80 71 83 72 77 73 82 74 77 75 79 79 81
0 11 0 20 0 29 0 43 1 5 1 6 1 27 1 40 2 6 2 17 2 32 2 42 3 12 3 23 3 24 3 31 4 12 4 18 4 49 4 51 5 22 5 54 5 57 6 52 6 55 7 8 7 14 7 46 7 52 8 17 8 29 8 44 9 16 9 23 9 47 9 60 10 13 10 19 10 47 10 64 11 22 11 30 11 67 12 61 12 76 13 21 13 32 13 79 14 16 14 33 14 50 15 18 15 21 15 33 15 62 16 53 16 66 17 39 17 81 18 37 18 74 19 20 19 65 19 74 20 78 20 79 21 43 21 82 22 57 22 70 23 59 23 70 24 41 24 54 24 57 25 33 25 39 25 49 25 58 26 33 26 43 26 53 26 58 27 32 27 51 27 53 28 35 28 36 28 45 28 68 29 38 29 71 30 36 30 38 30 46 31 41 31 65 31 66 32 60 34 37 34 39 34 51 34 62 35 42 35 49 35 72 36 80 36 82 37 40 37 67 38 52 38 67 39 52 40 59 40 68 41 69 41 78 42 82 42 83 43 76 44 48 44 59 44 63 45 50 45 56 45 62 46 48 46 71 47 55 47 56 48 73 48 75 49 76 50 59 50 63 51 74 53 75 54 81 54 83 55 80 55 83 56 76 56 77 57 77 58 69 58 80 60 69 60 79 61 65 61 70 61 78 62 64 63 70 63 75 64 72 64 75 65 72 66 69 66 73 67 68 68 81 71 80 71 83 72 77 73 78 73 82 74 77 79 81
0 11 0 17 0 29 0 43 1 5 1 6 1 27 1 40 2 17 2 23 2 32 2 42 3 6 3 9 3 24 3 31 4 12 4 18 4 47 4 49 5 22 5 54 5 57 6 52 6 55 7 14 7 21 7 27 7 52 8 14 8 20 8 44 8 66 9 16 9 47 9 60 10 13 10 19 10 47 10 64 11 22 11 30 11 67 12 23 12 61 12 76 13 21 13 32 13 79 14 33 14 50 15 16 15 18 15 33 15 62 16 53 16 66 17 39 17 81 18 37 18 74 19 20 19 65 19 74 20 78 20 79 21 59 21 82 22 57 22 70 23 70 23 83 24 41 24 54 24 57 25 33 25 39 25 49 25 58 26 33 26 43 26 53 26 58 27 32 27 53 28 35 28 36 28 45 28 68 29 38 29 69 29 71 30 36 30 38 30 46 31 41 31 65 31 66 32 48 34 37 34 39 34 51 34 72 35 42 35 49 35 72 36 80 36 82 37 40 37 67 38 52 38 67 39 52 40 58 40 71 41 69 41 78 42 77 42 82 43 76 43 77 44 48 44 59 44 63 45 50 45 56 45 62 46 48 46 50 46 71 47 55 48 75 49 76 50 63 51 56 51 59 51 74 53 75 54 64 54 83 55 80 55 83 56 76 56 83 57 71 58 69 59 80 60 69 60 73 60 79 61 65 61 70 61 78 62 64 62 77 63 70 63 75 64 75 65 72 66 73 67 68 68 80 68 81 72 81 73 78 73 82 74 77 79 81
0 13 0 18 0 29 0 43 1 5 1 6 1 27 1 40 2 15 2 17 2 37 2 42 3 7 3 9 3 24 3 31 4 11 4 12 4 47 4 49 5 22 5 50 5 53 6 14 6 45 6 55 7 21 7 27 7 52 8 14 8 20 8 60 8 67 9 16 9 47 9 60 10 13 10 19 10 47 10 64 11 22 11 30 11 67 12 23 12 61 12 76 13 32 13 79 14 33 14 50 15 16 15 33 15 62 16 53 16 66 17 21 17 39 17 81 18 23 18 37 18 74 19 20 19 65 19 72 20 78 20 79 21 59 21 76 22 57 22 70 23 70 23 83 24 41 24 54 24 57 25 33 25 39 25 49 25 58 26 33 26 43 26 53 26 58 27 32 27 57 28 34 28 36 28 45 28 68 29 38 29 69 29 71 30 36 30 38 30 46 31 41 31 65 31 66 32 40 32 48 34 39 34 51 34 72 35 37 35 42 35 49 35 72 36 80 36 82 37 67 38 52 38 67 39 52 40 58 40 77 41 78 41 81 42 71 42 82 43 77 43 82 44 56 44 59 44 63 44 69 45 50 45 62 46 48 46 54 46 71 47 55 48 52 48 75 49 76 50 63 51 56 51 59 51 74 53 75 54 64 54 83 55 80 55 83 56 68 56 83 57 69 58 69 59 80 60 73 60 79 61 65 61 70 61 78 62 64 62 77 63 70 63 75 64 75 65 74 66 68 66 73 68 81 71 79 72 81 73 78 73 82 74 77 76 80
0 13 0 18 0 29 0 43 1 5 1 6 1 27 1 40 2 15 2 17 2 37 2 42 3 7 3 9 3 24 3 35 4 10 4 12 4 47 4 49 5 23 5 53 5 54 6 14 6 45 6 55 7 21 7 52 7 55 8 14 8 20 8 60 8 67 9 16 9 47 9 60 10 19 10 47 10 64 11 13 11 22 11 30 11 67 12 22 12 61 12 76 13 34 13 79 14 33 14 50 15 16 15 51 15 62 16 53 16 66 17 21 17 39 17 81 18 23 18 39 18 74 19 20 19 65 19 72 20 69 20 78 21 59 21 76 22 57 22 70 23 70 23 83 24 41 24 54 24 57 25 36 25 39 25 49 25 50 26 33 26 39 26 53 26 58 27 32 27 57 27 59 28 33 28 34 28 45 28 68 29 38 29 69 29 71 30 36 30 38 30 46 31 41 31 42 31 65 31 66 32 40 32 51 32 73 33 74 34 43 34 72 35 37 35 49 35 72 36 80 36 82 37 52 37 67 38 52 38 67 40 58 40 77 41 78 41 81 42 71 42 82 43 77 43 82 44 56 44 59 44 63 44 69 45 50 45 62 46 48 46 58 46 71 47 51 48 52 48 60 48 63 49 76 50 75 51 56 53 75 54 64 54 83 55 80 55 83 56 68 56 83 57 69 58 81 59 80 60 79 61 65 61 70 61 78 62 64 62 77 63 70 63 75 64 75 65 74 66 68 66 73 68 79 71 79 72 81 73 78 73 82 74 77 76 80
0 17 0 22 0 29 0 43 1 5 1 6 1 38 1 40 2 4 2 15 2 37 2 42 3 7 3 9 3 24 3 27 4 12 4 49 4 55 5 23 5 53 5 54 6 10 6 45 6 58 7 21 7 50 7 52 8 14 8 20 8 60 8 67 9 13 9 47 9 61 10 17 10 47 10 64 11 13 11 22 11 30 11 67 12 18 12 61 12 76 13 34 13 79 14 19 14 33 14 50 15 16 15 51 15 62 16 21 16 66 16 67 17 39 17 74 18 23 18 39 18 74 19 20 19 36 19 65 20 58 20 69 21 59 21 76 22 57 22 70 23 70 23 83 24 41 24 54 24 57 25 36 25 39 25 49 25 55 26 33 26 39 26 46 26 53 27 32 27 57 27 59 28 33 28 34 28 45 28 68 29 38 29 62 29 69 30 35 30 36 30 46 31 41 31 42 31 65 31 66 32 40 32 51 32 73 33 74 34 43 34 72 35 37 35 49 35 72 36 80 37 52 37 73 38 52 38 53 40 77 40 78 41 78 41 81 42 71 42 82 43 77 43 82 44 56 44 59 44 63 44 69 45 50 45 71 46 58 46 62 47 48 47 51 48 52 48 60 48 63 49 76 50 75 51 56 53 75 54 64 54 83 55 80 55 83 56 68 56 79 57 69 58 81 59 80 60 70 60 79 61 65 61 78 62 77 63 70 63 75 64 71 64 75 65 81 66 68 66 73 67 82 68 83 71 79 72 81 72 82 73 78 74 77 76 80
0 17 0 22 0 29 0 35 1 5 1 6 1 36 1 38 2 4 2 23 2 37 2 42 3 7 3 9 3 27 3 33 4 12 4 53 4 55 5 14 5 54 5 56 6 10 6 45 6 58 7 21 7 51 7 52 8 20 8 23 8 45 8 60 9 13 9 47 9 60 10 17 10 47 10 64 11 13 11 22 11 30 11 67 12 18 12 61 12 76 13 34 13 79 14 19 14 50 14 63 15 16 15 18 15 51 15 73 16 21 16 66 16 67 17 39 17 54 18 39 18 74 19 20 19 36 19 65 20 58 20 69 21 59 21 76 22 42 22 77 23 82 23 83 24 30 24 41 24 54 24 57 25 36 25 39 25 49 25 55 26 39 26 40 26 46 26 49 27 32 27 57 27 59 28 33 28 34 28 67 28 68 29 38 29 45 29 69 30 42 30 46 31 35 31 41 31 65 31 66 32 40 32 51 32 73 33 48 33 74 34 43 34 72 35 49 35 72 36 80 37 43 37 52 37 73 38 52 38 53 40 57 40 78 41 78 41 81 42 71 43 70 43 77 44 56 44 59 44 63 44 69 45 50 46 58 46 62 47 48 47 50 48 52 48 60 49 76 50 75 51 53 53 75 54 64 55 80 55 83 56 68 56 81 57 69 58 79 59 80 60 79 61 65 61 70 61 78 62 71 62 77 62 78 63 70 63 75 64 71 64 75 65 81 66 68 66 73 67 82 68 83 70 82 71 79 72 81 72 82 74 77 74 83 76 80
0 20 0 22 0 29 0 35 1 5 1 11 1 36 1 38 2 17 2 23 2 33 2 42 3 9 3 22 3 27 3 33 4 10 4 12 4 53 4 55 5 14 5 54 5 56 6 10 6 13 6 45 6 58 7 11 7 21 7 49 7 51 8 17 8 23 8 45 8 60 9 13 9 47 9 60 10 65 10 71 11 30 11 67 12 18 12 61 12 76 13 34 13 79 14 19 14 50 14 63 15 16 15 18 15 51 15 73 16 21 16 66 16 67 17 39 17 54 18 39 18 74 19 20 19 36 19 65 20 58 20 71 21 76 21 83 22 42 22 77 23 59 23 82 24 30 24 41 24 54 24 57 25 36 25 39 25 44 25 55 26 39 26 40 26 46 26 49 27 32 27 50 27 57 28 32 28 34 28 67 28 68 29 38 29 45 29 68 30 42 30 44 31 35 31 41 31 65 31 66 32 51 32 73 33 60 33 74 34 43 34 72 35 49 35 72 36 80 37 40 37 43 37 52 37 55 38 52 38 53 40 69 40 78 41 78 41 81 42 57 43 70 43 77 44 56 44 63 45 50 46 59 46 62 46 69 47 48 47 58 47 64 48 52 48 62 48 79 49 76 50 75 51 53 52 59 53 75 54 64 55 80 56 68 56 81 57 69 58 79 59 80 60 77 61 64 61 70 61 78 62 71 62 78 63 70 63 75 64 75 65 81 66 69 66 73 67 82 68 83 70 82 71 79 72 81 72 82 73 83 74 77 74 83 76 80
0 20 0 22 0 29 0 35 1 5 1 11 1 36 1 42 2 6 2 17 2 33 2 42 3 16 3 22 3 27 3 33 4 10 4 12 4 53 4 55 5 14 5 54 5 56 6 13 6 45 6 58 7 11 7 21 7 49 7 51 8 17 8 23 8 45 8 60 9 13 9 15 9 47 9 60 10 23 10 68 10 71 11 67 11 69 12 18 12 61 12 76 13 34 13 51 14 19 14 32 14 63 15 18 15 73 15 79 16 21 16 65 16 66 17 39 17 54 18 38 18 39 19 20 19 65 19 72 20 58 20 71 21 42 21 83 22 42 22 69 23 77 23 82 24 30 24 40 24 54 24 57 25 36 25 39 25 44 25 55 26 39 26 40 26 46 26 49 27 32 27 50 27 57 28 32 28 34 28 65 28 67 29 38 29 45 29 68 30 38 30 44 30 66 31 35 31 41 31 65 31 66 32 51 33 74 33 76 34 43 34 73 35 49 35 72 36 80 36 82 37 41 37 43 37 52 37 55 38 53 40 77 40 78 41 78 41 81 43 59 43 70 44 56 44 63 45 50 46 59 46 62 46 69 47 48 47 58 47 64 48 52 48 62 48 79 49 60 50 72 50 75 51 53 52 59 52 74 53 82 54 64 55 80 56 68 56 81 57 68 57 69 58 79 59 80 60 77 61 64 61 70 61 78 62 71 62 78 63 70 63 75 64 75 66 73 67 75 67 81 70 82 71 79 72 81 73 83 74 77 74 83 76 80 76 83
0 21 0 22 0 29 0 35 1 5 1 11 1 36 1 42 2 6 2 16 2 33 2 42 3 17 3 22 3 27 3 33 4 10 4 13 4 47 4 53 5 14 5 54 5 56 6 13 6 45 6 58 7 11 7 21 7 47 7 57 8 17 8 23 8 45 8 60 9 12 9 15 9 47 9 60 10 23 10 68 10 70 11 67 11 69 12 18 12 61 12 76 13 34 13 51 14 19 14 32 14 63 15 18 15 73 15 75 16 20 16 53 16 66 17 36 17 39 18 38 18 39 19 20 19 65 19 72 20 58 20 71 21 42 21 77 22 42 22 59 23 82 23 83 24 30 24 40 24 50 24 57 25 36 25 39 25 44 25 55 26 28 26 39 26 46 26 49 27 32 27 46 27 48 28 32 28 64 28 67 29 38 29 45 29 68 30 38 30 44 30 66 31 35 31 41 31 65 31 66 32 51 33 74 33 76 34 40 34 43 34 73 35 49 35 72 36 80 37 41 37 43 37 52 37 55 38 65 40 77 40 78 41 59 41 78 43 70 43 81 44 56 44 63 45 54 46 62 46 69 47 64 48 52 48 62 48 79 49 55 49 60 50 59 50 75 50 77 51 53 51 58 52 59 52 64 53 82 54 74 54 82 55 80 56 68 56 81 57 68 57 69 58 79 60 72 61 65 61 71 61 78 62 71 62 78 63 70 63 79 64 75 66 73 67 75 67 81 69 80 70 82 71 79 72 81 73 83 74 77 74 83 76 80 76 83
0 21 0 22 0 24 0 35 1 5 1 11 1 36 1 42 2 6 2 13 2 30 2 33 3 17 3 22 3 31 3 33 4 10 4 12 4 53 4 55 5 14 5 45 5 54 6 16 6 45 6 59 7 11 7 12 7 47 7 48 8 17 8 23 8 45 8 61 9 13 9 15 9 60 9 70 10 23 10 68 10 70 11 67 11 69 12 61 12 76 13 51 13 77 14 19 14 32 14 63 15 18 15 73 15 75 16 20 16 53 16 66 17 36 17 39 18 21 18 38 18 39 19 20 19 65 19 72 20 58 20 71 21 56 21 77 22 42 22 59 23 82 23 83 24 42 24 54 24 57 25 36 25 39 25 44 25 51 26 28 26 39 26 46 26 49 27 32 27 35 27 46 27 57 28 32 28 64 28 67 29 34 29 40 29 45 29 68 30 34 30 44 30 66 31 41 31 65 31 66 32 51 33 74 33 76 34 73 34 74 35 49 35 72 36 74 37 41 37 43 37 52 37 55 38 40 38 43 38 65 40 77 40 78 41 59 41 78 42 81 43 70 43 81 44 48 44 63 46 62 46 69 47 49 47 63 47 64 48 62 48 79 49 60 50 56 50 59 50 75 50 77 51 53 52 56 52 58 52 64 53 82 54 80 54 82 55 58 55 80 56 68 57 68 57 69 58 79 60 65 60 72 61 71 61 78 62 71 62 78 63 79 64 75 66 73 67 75 67 81 69 80 70 82 71 79 72 81 73 83 74 83 76 80 76 83
0 21 0 22 0 24 0 35 1 5 1 11 1 36 1 42 2 6 2 13 2 30 2 33 3 17 3 22 3 31 3 37 4 10 4 12 4 53 4 55 5 14 5 51 5 57 6 16 6 45 6 59 7 11 7 12 7 48 7 54 8 17 8 23 8 45 8 61 9 13 9 18 9 60 9 70 10 23 10 64 10 70 11 67 11 69 12 60 12 61 13 51 13 76 14 19 14 32 14 63 15 18 15 21 15 32 15 75 16 20 16 66 16 75 17 36 17 83 18 38 18 39 19 20 19 67 19 72 20 58 20 71 21 56 21 77 22 42 22 59 23 82 23 83 24 42 24 54 24 57 25 36 25 39 25 44 25 47 26 32 26 39 26 46 26 49 27 28 27 35 27 45 27 46 28 32 28 67 28 68 29 34 29 40 29 45 29 68 30 34 30 44 30 66 31 41 31 65 31 66 33 43 33 74 33 77 34 73 34 74 35 49 35 72 36 72 37 41 37 52 37 55 38 40 38 43 38 65 39 75 40 77 40 82 41 59 41 78 42 81 43 57 43 70 44 48 44 63 46 62 46 69 47 49 47 63 47 64 48 62 48 79 49 60 50 56 50 59 50 75 50 77 51 53 51 73 52 56 52 58 52 64 53 64 53 82 54 80 54 83 55 58 55 80 56 68 57 68 58 79 60 65 61 71 61 78 62 71 62 78 63 79 65 73 66 73 67 81 69 80 69 81 70 78 71 79 72 76 74 81 74 82 76 80 76 83
0 21 0 22 0 24 0 27 1 5 1 11 1 36 1 42 2 13 2 23 2 30 2 36 3 17 3 22 3 31 3 37 4 10 4 12 4 49 4 55 5 14 5 51 5 57 6 10 6 16 6 45 6 59 7 12 7 15 7 48 7 54 8 17 8 23 8 45 8 68 9 18 9 20 9 64 9 70 10 64 10 70 11 18 11 67 11 69 12 60 12 61 13 16 13 51 13 77 14 19 14 32 14 63 15 21 15 34 15 75 16 66 16 75 17 36 17 83 18 38 18 39 19 20 19 37 19 72 20 58 20 71 21 56 21 77 22 42 22 59 23 82 23 83 24 42 24 50 24 57 25 37 25 39 25 44 25 47 26 32 26 34 26 46 26 53 27 39 27 45 27 46 28 32 28 35 28 61 28 67 29 34 29 40 29 45 29 68 30 35 30 44 30 66 31 41 31 65 31 66 32 74 33 41 33 43 33 74 33 76 34 73 35 49 35 72 36 72 37 52 38 40 38 43 38 65 39 67 40 77 40 82 41 69 41 78 42 81 43 57 43 70 44 48 44 63 46 62 46 69 47 49 47 60 47 63 48 62 48 79 49 60 50 58 50 75 50 77 51 53 51 73 52 56 52 58 52 64 53 64 53 82 54 56 54 80 54 83 55 59 55 75 55 80 56 68 57 68 58 79 59 81 60 65 61 71 61 78 62 71 62 78 63 79 65 73 66 73 67 81 69 80 70 78 71 79 72 76 74 81 74 82 76 80 76 83
0 21 0 22 0 24 0 27 1 5 1 11 1 30 1 36 2 13 2 23 2 30 2 36 3 17 3 22 3 31 3 37 4 10 4 13 4 49 4 55 5 14 5 51 5 57 6 11 6 16 6 27 6 45 7 12 7 15 7 48 7 55 8 17 8 23 8 45 8 69 9 18 9 20 9 60 9 67 10 18 10 64 10 70 11 69 11 70 12 16 12 60 12 61 13 51 13 77 14 19 14 32 14 63 15 21 15 34 15 75 16 66 16 75 17 67 17 72 18 38 18 39 19 20 19 36 19 37 20 58 20 71 21 41 21 80 22 42 22 59 23 82 23 83 24 42 24 50 24 57 25 33 25 39 25 44 25 47 26 32 26 34 26 46 26 53 27 43 27 46 28 35 28 41 28 61 28 67 29 34 29 40 29 45 29 68 30 44 30 66 31 41 31 65 31 66 32 37 32 74 33 43 33 74 33 76 34 48 35 38 35 49 35 72 36 72 37 52 38 40 38 65 39 42 39 83 40 77 40 82 41 70 42 81 43 57 43 78 44 48 44 63 45 59 46 62 46 68 47 49 47 63 47 64 48 79 49 60 50 58 50 75 50 77 51 53 51 73 52 56 52 58 52 64 53 64 53 82 54 56 54 59 54 80 54 83 55 75 55 80 56 68 56 69 57 68 58 79 59 81 60 65 61 71 61 78 62 71 62 73 62 78 63 79 65 73 66 73 67 81 69 77 70 78 71 79 72 76 74 81 74 82 76 80 76 83
0 21 0 22 0 24 0 27 1 5 1 11 1 30 1 36 2 8 2 23 2 30 2 36 3 17 3 22 3 31 3 37 4 10 4 20 4 46 4 49 5 14 5 51 5 57 6 11 6 16 6 27 6 53 7 12 7 15 7 55 7 56 8 17 8 68 8 71 9 13 9 18 9 60 9 67 10 18 10 64 10 70 11 31 11 69 12 16 12 60 12 61 13 23 13 50 13 51 14 19 14 32 14 63 15 21 15 34 15 35 16 37 16 66 17 67 17 72 18 39 18 52 19 20 19 36 19 37 20 58 20 59 21 41 21 82 22 42 22 71 23 56 23 83 24 42 24 50 24 57 25 32 25 39 25 44 25 47 26 32 26 39 26 45 26 55 27 43 27 46 28 35 28 41 28 61 28 67 29 34 29 37 29 45 29 68 30 44 30 66 31 41 31 61 32 74 33 40 33 43 33 74 33 76 34 42 34 48 35 38 35 72 36 72 38 40 38 64 38 65 39 83 40 77 40 82 41 70 42 81 43 57 43 78 44 48 44 63 45 51 45 65 46 62 46 69 47 49 47 63 47 64 48 54 48 79 49 60 49 75 50 58 50 77 51 73 52 56 52 58 52 75 53 59 53 64 53 82 54 59 54 80 54 83 55 75 55 80 56 68 57 68 58 79 59 81 60 65 61 78 62 71 62 73 62 78 63 79 65 73 66 70 66 73 67 81 69 77 69 80 70 78 71 79 72 76 74 81 74 82 75 77 76 80 76 83
0 21 0 22 0 24 0 30 1 5 1 11 1 30 1 36 2 8 2 23 2 27 2 36 3 17 3 22 3 31 3 33 4 10 4 17 4 46 4 49 5 14 5 51 5 57 6 11 6 16 6 27 6 53 7 12 7 15 7 55 7 56 8 12 8 68 8 71 9 13 9 15 9 60 9 67 10 18 10 64 10 70 11 31 11 69 12 34 12 61 13 23 13 51 13 77 14 19 14 32 14 63 15 34 15 35 16 20 16 37 16 66 17 72 17 75 18 21 18 39 18 74 19 20 19 36 19 65 20 58 20 59 21 69 21 82 22 42 22 71 23 56 23 83 24 42 24 50 24 57 25 32 25 39 25 44 25 47 26 32 26 39 26 45 26 55 27 43 27 54 28 35 28 41 28 61 28 67 29 34 29 37 29 45 29 68 30 44 30 66 31 41 31 61 32 79 33 40 33 76 33 79 34 42 35 38 35 72 36 72 37 43 37 73 38 40 38 64 38 65 39 83 40 77 40 82 41 58 41 77 42 81 43 57 43 78 44 48 44 63 45 51 45 65 46 59 46 62 46 69 47 49 47 63 47 64 48 54 48 60 48 74 49 60 49 75 50 58 50 75 50 77 51 73 52 56 52 58 52 75 52 81 53 59 53 64 53 82 54 80 54 83 55 67 55 80 56 76 57 68 59 81 60 65 61 78 62 71 62 73 62 78 63 74 66 70 66 73 67 81 68 80 69 80 70 78 70 79 71 79 72 76 74 82 76 83
0 21 0 22 0 24 0 30 1 5 1 11 1 30 1 36 2 8 2 18 2 27 2 36 3 17 3 22 3 31 3 33 4 10 4 12 4 46 4 49 5 14 5 49 5 54 6 12 6 19 6 27 6 53 7 15 7 16 7 51 7 56 8 17 8 68 8 71 9 13 9 15 9 60 9 67 10 23 10 64 10 70 11 14 11 69 11 71 12 34 12 61 13 23 13 51 13 77 14 50 14 63 15 34 15 35 16 20 16 66 16 75 17 72 17 75 18 21 18 39 18 72 19 20 19 36 19 65 20 58 20 71 21 69 21 80 22 42 22 77 23 41 23 56 24 42 24 50 24 57 25 32 25 39 25 44 25 47 26 32 26 39 26 45 26 55 27 35 27 55 28 35 28 41 28 61 28 67 29 34 29 37 29 45 29 68 30 44 30 66 31 41 31 61 31 62 32 77 32 79 33 40 33 76 33 79 34 42 35 72 36 74 37 43 37 52 37 73 38 40 38 43 38 52 38 65 39 83 40 59 40 78 41 58 42 81 43 57 43 78 44 48 44 63 45 59 45 65 46 59 46 62 46 69 47 57 47 63 47 64 48 54 48 60 48 74 49 60 49 75 50 58 50 75 51 53 51 73 52 56 52 58 53 64 53 82 54 80 54 83 55 66 55 67 56 76 57 68 59 81 60 65 61 78 62 73 62 78 63 74 64 81 66 70 67 81 68 80 69 82 70 79 70 82 71 79 72 76 73 80 74 82 76 83 77 83
0 21 0 22 0 24 0 30 1 5 1 11 1 30 1 36 2 8 2 15 2 27 2 32 3 17 3 22 3 31 3 33 4 10 4 12 4 46 4 49 5 14 5 49 5 54 6 12 6 19 6 27 6 53 7 16 7 18 7 51 7 56 8 17 8 68 8 71 9 13 9 15 9 28 9 67 10 23 10 69 10 70 11 14 11 69 11 71 12 61 12 77 13 23 13 51 13 77 14 34 14 63 15 34 15 35 16 20 16 66 16 75 17 72 17 75 18 21 18 72 18 73 19 20 19 36 19 65 20 58 20 71 21 69 21 80 22 77 22 80 23 56 23 79 24 42 24 50 24 57 25 36 25 39 25 44 25 47 26 32 26 39 26 45 26 55 27 35 27 55 28 35 28 41 28 46 29 34 29 37 29 66 29 68 30 44 30 66 31 41 31 60 31 62 32 48 32 74 33 40 33 63 33 76 34 42 35 72 36 74 37 43 37 52 37 73 38 40 38 43 38 52 38 65 39 80 39 83 40 59 40 70 41 58 41 71 42 68 42 81 43 57 43 78 44 48 44 63 45 59 45 65 45 70 46 59 46 62 47 57 47 63 47 64 48 54 48 79 49 60 49 75 50 58 50 60 50 75 51 53 51 73 52 56 52 58 53 64 53 82 54 80 54 82 55 66 55 67 56 76 57 68 59 81 60 65 61 64 61 67 61 78 62 73 62 78 64 81 67 81 69 82 70 79 72 76 74 79 74 83 76 83 77 83 78 82
0 21 0 22 0 24 0 26 1 8 1 11 1 30 1 36 2 8 2 18 2 25 2 27 3 17 3 22 3 31 3 33 4 10 4 12 4 49 4 54 5 14 5 17 5 49 5 58 6 13 6 19 6 25 6 48 7 15 7 16 7 51 7 56 8 67 8 68 9 13 9 15 9 28 9 67 10 23 10 69 10 70 11 14 11 69 11 71 12 23 12 61 12 77 13 51 13 77 14 34 14 63 15 62 15 78 16 20 16 66 16 75 17 72 17 75 18 21 18 39 18 72 19 20 19 36 19 65 20 58 20 71 21 69 21 80 22 77 22 80 23 56 23 79 24 42 24 50 24 57 25 39 25 47 26 39 26 45 26 55 27 35 27 44 27 55 28 35 28 41 28 46 29 34 29 37 29 60 29 66 30 32 30 44 30 66 31 41 31 62 31 68 32 36 32 48 32 74 33 40 33 63 33 72 34 42 34 78 35 61 35 76 36 81 37 43 37 52 37 73 38 40 38 43 38 52 38 65 39 83 40 68 40 83 41 58 41 71 42 70 42 81 43 57 43 78 44 53 44 63 45 59 45 64 45 70 46 48 46 59 46 62 47 57 47 63 47 65 48 75 49 60 49 75 50 54 50 60 50 79 51 53 51 73 52 56 52 58 53 64 53 82 54 80 54 82 55 66 55 67 56 76 57 68 59 76 59 81 60 65 61 64 61 71 62 73 64 74 67 81 69 82 70 79 72 76 73 80 74 79 74 83 77 83 78 82
0 21 0 22 0 26 0 28 1 8 1 11 1 30 1 36 2 8 2 15 2 25 2 27 3 6 3 17 3 33 3 39 4 10 4 12 4 49 4 50 5 14 5 17 5 49 5 58 6 12 6 47 6 48 7 16 7 18 7 25 7 56 8 63 8 68 9 13 9 15 9 28 9 67 10 23 10 69 10 70 11 14 11 69 11 71 12 61 12 73 13 23 13 51 13 77 14 34 14 63 15 62 15 78 16 20 16 66 16 75 17 75 17 81 18 21 18 39 18 72 19 20 19 22 19 36 19 65 20 58 20 71 21 69 21 80 22 77 22 80 23 58 23 71 24 41 24 42 24 54 24 57 25 39 25 57 26 31 26 45 26 55 27 35 27 44 27 55 28 35 28 46 29 34 29 37 29 60 29 66 30 32 30 44 30 66 31 41 31 63 31 68 32 36 32 48 32 74 33 40 33 63 33 72 34 42 34 78 35 75 35 76 36 81 37 43 37 52 37 73 38 40 38 43 38 52 38 67 39 82 40 68 40 83 41 56 41 79 42 70 42 81 43 77 43 78 44 53 44 67 45 59 45 64 45 70 46 48 46 59 46 62 47 51 47 62 47 65 48 75 49 60 49 74 50 54 50 60 50 79 51 53 51 73 52 56 52 58 53 64 53 83 54 80 54 82 55 66 55 67 56 76 57 76 57 83 59 68 59 81 60 65 61 64 61 71 61 79 62 77 64 74 65 72 69 82 70 79 72 76 73 80 74 83 78 82
0 21 0 22 0 26 0 32 1 8 1 11 1 34 1 36 2 8 2 15 2 25 2 27 3 6 3 17 3 33 3 39 4 10 4 12 4 26 4 47 5 14 5 17 5 47 5 49 6 12 6 48 6 58 7 16 7 18 7 25 7 56 8 31 8 68 9 13 9 15 9 28 9 67 10 23 10 44 10 70 11 14 11 45 11 69 12 61 12 73 13 23 13 51 13 77 14 34 14 63 15 62 15 78 16 20 16 55 16 66 17 75 17 81 18 21 18 39 18 72 19 20 19 22 19 36 19 65 20 58 20 71 21 80 21 83 22 77 22 80 23 58 23 69 24 41 24 42 24 54 24 57 25 30 25 57 26 31 26 55 27 35 27 44 27 55 28 35 28 36 28 46 29 34 29 37 29 47 29 60 30 42 30 66 30 69 31 41 31 66 32 39 32 48 32 74 33 40 33 63 33 72 34 78 35 75 35 76 36 81 37 43 37 52 37 73 38 40 38 43 38 52 38 67 39 82 40 68 40 83 41 56 41 81 42 70 42 81 43 76 43 77 44 53 44 67 45 49 45 59 45 64 46 48 46 59 46 62 47 65 48 75 49 60 49 74 50 52 50 54 50 60 50 79 51 53 51 58 51 73 52 56 53 64 53 83 54 65 54 80 55 67 56 76 57 68 57 71 59 78 59 79 60 65 61 64 61 71 61 79 62 71 62 77 63 68 63 70 64 74 66 75 69 82 70 79 72 76 72 82 73 80 74 83 78 82
0 21 0 22 0 32 0 34 1 8 1 11 1 34 1 36 2 8 2 15 2 25 2 27 3 6 3 16 3 33 3 42 4 10 4 12 4 24 4 47 5 17 5 19 5 47 5 49 6 12 6 48 6 58 7 17 7 18 7 25 7 56 8 31 8 68 9 13 9 15 9 28 9 67 10 23 10 44 10 70 11 14 11 45 11 69 12 61 12 73 13 23 13 51 13 60 14 20 14 34 14 63 15 62 15 78 16 20 16 65 16 66 17 75 17 81 18 21 18 36 18 55 19 22 19 36 19 65 20 58 20 71 21 80 21 83 22 77 22 82 23 58 23 69 24 41 24 42 24 54 25 30 25 53 26 29 26 31 26 55 26 56 27 35 27 55 27 57 28 35 28 36 28 46 29 37 29 44 29 71 30 39 30 66 30 69 31 41 31 66 32 39 32 48 32 74 33 40 33 63 33 72 34 78 35 75 35 76 37 43 37 73 37 80 38 40 38 43 38 52 38 67 39 54 39 82 40 68 40 83 41 56 41 81 42 70 42 81 43 76 43 77 44 51 44 53 45 49 45 59 45 64 46 48 46 59 46 62 47 62 47 65 48 75 49 74 49 77 50 52 50 54 50 60 50 79 51 58 51 73 52 57 52 75 53 72 53 83 54 64 55 67 56 76 57 70 57 71 59 78 59 79 60 65 60 67 61 64 61 71 61 79 62 77 63 68 63 70 64 82 66 73 68 79 69 82 72 76 72 81 74 80 74 83 78 80
0 21 0 22 0 34 0 40 1 8 1 11 1 34 1 36 2 8 2 15 2 27 2 28 3 6 3 16 3 33 3 42 4 10 4 17 4 24 4 47 5 19 5 20 5 46 5 49 6 12 6 48 6 59 7 13 7 18 7 25 7 56 8 45 8 68 9 13 9 15 9 28 9 67 10 23 10 44 10 70 11 14 11 45 11 69 12 16 12 61 12 73 13 51 13 60 14 20 14 34 14 63 15 62 15 78 16 65 16 66 17 23 17 75 17 81 18 21 18 36 18 55 19 22 19 65 19 74 20 58 20 71 21 80 21 83 22 41 22 56 23 58 23 69 24 33 24 42 24 54 25 30 25 36 25 53 26 29 26 31 26 46 26 56 27 43 27 55 27 57 28 35 28 46 29 37 29 44 29 71 30 39 30 66 30 69 31 40 31 64 31 66 32 38 32 41 32 48 32 74 33 63 33 72 34 78 35 38 35 75 35 76 36 75 37 43 37 73 37 80 38 52 38 67 39 41 39 54 39 82 40 68 40 83 41 81 42 78 42 81 43 76 43 77 44 51 44 53 45 49 45 58 46 62 47 59 47 62 47 65 48 55 48 75 49 74 49 77 50 52 50 54 50 60 50 79 51 58 51 73 52 57 52 83 53 72 53 83 54 64 55 67 56 77 57 70 57 71 59 78 59 79 60 65 60 67 61 64 61 71 61 79 62 77 63 68 63 70 64 82 66 73 68 79 69 82 70 80 72 76 72 81 74 80 76 82
0 21 0 22 0 40 0 43 1 8 1 11 1 34 1 36 2 8 2 15 2 27 2 28 3 6 3 16 3 33 3 42 4 10 4 17 4 24 4 47 5 19 5 20 5 46 5 49 6 12 6 48 6 51 7 13 7 18 7 25 7 48 8 67 8 68 9 13 9 23 9 28 9 67 10 23 10 44 10 70 11 14 11 45 11 69 12 16 12 61 12 73 13 60 13 63 14 17 14 34 14 74 15 20 15 32 15 78 16 64 16 65 17 75 17 81 18 21 18 36 18 55 19 22 19 74 19 83 20 58 20 71 21 80 21 83 22 41 22 56 23 58 23 69 24 33 24 42 24 54 25 30 25 36 25 53 26 29 26 31 26 46 26 53 27 43 27 55 27 57 28 35 28 46 29 37 29 44 29 71 30 39 30 66 30 69 31 40 31 47 31 64 32 38 32 41 32 50 33 51 33 77 34 37 34 78 35 38 35 75 35 76 36 75 37 73 37 80 38 54 38 67 39 41 39 54 39 82 40 68 40 83 41 59 42 78 42 81 43 76 43 77 44 56 44 59 45 49 45 58 45 60 46 62 47 59 47 65 48 60 48 75 49 62 49 74 50 52 50 54 50 79 51 58 51 73 52 57 52 66 52 73 53 65 53 72 55 56 55 67 56 77 57 70 57 71 59 78 60 65 61 64 61 71 61 79 62 66 62 76 63 68 63 70 63 72 64 82 66 83 68 79 69 82 70 80 72 77 72 81 74 80 76 82 79 81
0 8 0 22 0 40 0 43 1 4 1 11 1 34 1 37 2 8 2 15 2 27 2 28 3 6 3 16 3 33 3 42 4 10 4 24 4 47 5 19 5 20 5 45 5 46 6 9 6 48 6 51 7 13 7 18 7 51 7 57 8 46 8 67 9 13 9 67 9 68 10 23 10 44 10 70 11 14 11 45 11 69 12 16 12 23 12 61 12 73 13 60 13 63 14 17 14 34 14 74 15 20 15 32 15 79 16 64 16 65 17 21 17 75 17 81 18 21 18 36 18 55 19 22 19 74 19 83 20 40 20 71 21 80 21 83 22 41 22 56 23 58 23 79 24 33 24 42 24 54 25 36 25 38 25 53 25 58 26 31 26 36 26 46 26 53 27 39 27 48 27 55 28 35 28 63 28 68 29 34 29 37 29 46 29 71 30 32 30 43 30 66 30 69 31 40 31 47 31 60 32 41 32 50 33 51 33 76 34 78 35 38 35 75 35 77 36 75 37 73 37 80 38 67 38 72 39 41 39 54 39 82 40 83 41 59 42 78 42 81 43 76 43 77 44 56 44 59 44 62 45 49 45 64 47 59 47 65 48 60 48 75 49 58 49 61 49 62 50 52 50 54 50 79 51 73 52 57 52 66 52 73 53 65 53 72 54 81 55 56 55 67 56 77 57 70 57 71 58 68 59 78 60 65 61 64 61 71 62 66 62 76 63 70 63 72 64 82 66 83 68 79 69 81 69 82 70 80 72 77 74 78 74 80 76 82
0 8 0 22 0 40 0 43 1 11 1 12 1 34 1 37 2 8 2 18 2 27 2 28 3 7 3 16 3 33 3 39 4 10 4 16 4 24 4 47 5 19 5 20 5 45 5 46 6 15 6 17 6 44 6 51 7 13 7 57 7 58 8 46 8 67 9 13 9 14 9 67 9 68 10 23 10 44 10 71 11 14 11 45 11 69 12 23 12 63 12 73 13 60 13 63 14 34 14 74 15 20 15 32 15 75 16 64 16 65 17 21 17 75 17 81 18 21 18 36 18 75 19 22 19 74 19 83 20 40 20 71 21 80 21 83 22 41 22 76 23 58 23 69 24 33 24 42 24 58 25 36 25 38 25 51 25 53 26 31 26 36 26 46 26 53 27 42 27 48 27 55 28 35 28 63 28 68 29 34 29 37 29 46 29 71 30 32 30 43 30 66 30 69 31 40 31 60 31 66 32 41 32 50 33 51 33 76 34 75 35 38 35 77 35 79 36 55 37 67 37 80 38 67 38 72 39 41 39 54 39 82 40 83 41 81 42 78 42 81 43 57 43 76 44 59 44 62 45 49 45 64 47 59 47 62 47 65 48 56 48 60 48 78 49 54 49 61 49 73 50 52 50 54 50 79 51 62 52 57 52 66 52 73 53 65 53 72 54 81 55 56 55 73 56 77 56 82 57 70 58 68 59 78 59 79 60 65 61 64 61 70 61 72 62 76 63 70 64 82 66 83 68 79 69 82 70 80 71 77 72 77 74 78 74 80
0 8 0 22 0 40 0 43 1 11 1 12 1 27 1 28 2 8 2 18 2 27 2 28 3 7 3 16 3 30 3 36 4 10 4 16 4 47 4 52 5 19 5 20 5 45 5 55 6 15 6 17 6 44 6 51 7 13 7 57 7 58 8 46 8 67 9 13 9 14 9 68 9 70 10 23 10 44 10 71 11 14 11 45 11 69 12 23 12 63 12 73 13 60 13 63 14 34 14 74 15 20 15 32 15 75 16 64 16 65 17 21 17 75 17 81 18 21 18 54 18 75 19 22 19 36 19 83 20 71 20 80 21 80 21 83 22 41 22 70 23 41 23 58 24 33 24 42 24 57 24 58 25 36 25 38 25 51 25 53 26 31 26 33 26 53 26 54 27 46 27 48 28 63 28 68 29 34 29 37 29 46 29 71 30 32 30 66 30 69 31 40 31 60 31 66 32 41 32 50 33 76 33 79 34 38 34 75 35 37 35 42 35 51 35 77 36 81 37 67 37 80 38 67 38 72 39 41 39 43 39 54 39 55 40 58 40 83 42 78 42 81 43 57 43 76 44 59 44 62 45 49 45 65 46 49 47 59 47 62 47 64 48 56 48 60 48 78 49 61 49 73 50 52 50 54 50 79 51 62 52 66 52 73 53 65 53 72 55 56 55 74 56 77 56 82 57 70 59 78 59 79 60 65 61 64 61 70 61 72 62 76 63 67 64 82 66 83 68 76 68 79 69 81 69 82 71 77 72 77 73 82 74 78 74 80
0 8 0 22 0 40 0 43 1 11 1 12 1 27 1 28 2 8 2 18 2 27 2 37 3 7 3 17 3 30 3 36 4 10 4 13 4 47 4 57 5 20 5 23 5 45 5 55 6 15 6 16 6 24 6 51 7 13 7 49 7 58 8 46 8 67 9 14 9 16 9 68 9 70 10 23 10 44 10 71 11 14 11 65 11 66 12 19 12 63 12 73 13 34 13 63 14 34 14 74 15 20 15 32 15 75 16 64 16 65 17 21 17 75 17 81 18 21 18 54 18 75 19 22 19 36 19 83 20 59 20 80 21 71 21 80 22 70 22 79 23 40 23 41 24 33 24 42 24 58 25 28 25 38 25 51 25 53 26 31 26 33 26 53 26 54 27 46 27 48 28 63 28 68 29 34 29 36 29 46 29 63 30 32 30 66 30 69 31 40 31 47 31 60 32 41 32 50 33 76 33 79 34 38 35 37 35 42 35 51 35 77 36 81 37 67 37 80 38 67 38 72 39 41 39 43 39 54 39 55 40 58 41 76 42 78 42 81 43 57 43 68 44 52 44 59 44 62 45 49 45 69 45 71 46 57 47 59 47 64 48 56 48 60 48 75 49 61 49 73 50 52 50 54 50 79 51 62 52 66 52 73 53 65 53 72 55 56 55 74 56 77 56 82 57 70 58 83 59 79 60 65 60 78 61 64 61 70 61 72 62 67 62 76 64 82 66 83 68 76 69 81 69 82 71 78 72 77 73 82 74 78 74 80 77 83
0 8 0 22 0 40 0 43 1 11 1 12 1 27 1 28 2 8 2 18 2 27 2 37 3 7 3 9 3 30 3 36 4 10 4 13 4 47 4 57 5 9 5 23 5 45 5 55 6 15 6 16 6 24 6 51 7 13 7 49 7 58 8 46 8 67 9 68 9 70 10 23 10 44 10 71 11 14 11 65 11 66 12 19 12 33 12 73 13 34 13 51 14 17 14 34 14 74 15 20 15 32 15 75 16 20 16 38 16 65 17 21 17 37 17 81 18 21 18 72 18 75 19 22 19 36 19 83 20 77 20 82 21 40 21 69 22 41 22 70 23 43 23 80 24 33 24 42 24 58 25 28 25 38 25 51 25 53 26 31 26 33 26 53 26 54 27 46 27 48 28 60 28 63 29 34 29 36 29 46 29 63 30 32 30 66 30 69 31 40 31 47 31 60 32 41 32 50 33 79 34 38 35 37 35 42 35 48 35 63 36 81 37 80 38 67 39 41 39 43 39 54 39 55 40 58 41 57 42 78 42 81 43 68 44 52 44 59 44 62 45 49 45 69 45 71 46 57 47 50 47 61 48 56 48 60 49 61 49 73 50 52 50 79 51 62 52 64 52 73 53 65 53 72 54 59 54 66 55 56 55 74 56 69 56 80 57 76 58 83 59 79 59 82 60 78 61 64 61 72 62 67 62 76 63 76 64 70 64 82 65 68 66 83 67 75 68 76 70 79 71 78 71 81 72 77 73 82 74 78 74 80 75 77 77 83
0 4 0 22 0 40 0 43 1 11 1 12 1 28 1 34 2 8 2 18 2 27 2 37 3 7 3 17 3 30 3 36 4 10 4 50 4 56 5 9 5 23 5 45 5 55 6 16 6 23 6 24 6 51 7 13 7 49 7 58 8 13 8 46 8 67 9 14 9 68 9 70 10 15 10 44 10 71 11 14 11 65 11 66 12 19 12 33 12 73 13 34 13 51 14 34 14 51 15 20 15 75 15 77 16 20 16 53 16 64 17 21 17 53 17 81 18 21 18 72 18 75 19 22 19 64 19 83 20 77 20 82 21 57 21 58 22 41 22 70 23 43 23 80 24 33 24 35 24 58 25 28 25 38 25 51 25 53 26 31 26 33 26 45 26 54 27 38 27 46 27 48 28 60 28 63 29 34 29 36 29 46 29 63 30 32 30 66 30 69 31 40 31 47 31 60 32 41 32 50 32 75 33 79 35 42 35 63 35 72 36 81 36 82 37 42 37 65 37 80 38 52 38 67 39 41 39 43 39 54 39 55 40 58 40 83 41 69 42 78 42 81 43 68 44 52 44 59 44 62 45 69 45 71 46 57 47 50 47 52 47 61 48 57 48 60 48 63 49 53 49 61 49 73 50 79 52 73 54 59 54 66 55 56 55 74 56 69 56 80 57 76 59 79 59 82 60 78 61 64 61 76 62 67 62 74 62 76 64 70 65 68 65 72 66 83 67 75 68 76 70 79 71 78 71 81 72 77 73 82 74 78 74 80 77 83
0 4 0 22 0 25 0 43 1 11 1 12 1 34 1 37 2 12 2 18 2 27 2 37 3 7 3 17 3 30 3 36 4 10 4 50 4 56 5 9 5 23 5 45 5 55 6 16 6 23 6 24 6 51 7 13 7 49 7 58 8 13 8 19 8 46 8 67 9 14 9 31 9 68 10 14 10 44 10 71 11 15 11 46 11 63 12 33 12 73 13 34 13 51 14 34 14 51 15 20 15 75 15 77 16 20 16 53 16 64 17 21 17 53 17 81 18 21 18 72 18 75 19 22 19 80 19 83 20 77 20 82 21 42 21 57 22 41 22 70 23 43 23 80 24 33 24 35 24 58 25 38 25 48 25 51 26 31 26 33 26 45 26 54 27 38 27 46 27 53 28 40 28 42 28 63 28 69 29 34 29 36 29 61 29 67 30 32 30 60 30 66 31 40 31 60 32 41 32 75 32 77 33 79 35 43 35 63 35 72 36 54 36 82 37 52 37 65 38 67 38 74 39 41 39 42 39 54 39 55 40 58 40 83 41 69 42 78 43 82 44 52 44 59 44 62 45 69 45 71 46 57 47 50 47 52 47 65 47 70 48 57 48 60 48 63 49 53 49 61 49 73 50 72 50 79 52 80 54 59 55 56 55 74 56 69 56 80 57 76 58 81 59 68 59 71 60 78 61 64 61 76 62 66 62 74 62 76 64 70 64 73 65 68 65 72 66 81 66 83 67 75 68 76 70 79 71 78 73 82 74 78 77 83 79 81
0 4 0 22 0 25 0 43 1 11 1 21 1 35 1 37 2 12 2 18 2 27 2 37 3 7 3 17 3 31 3 36 4 10 4 51 4 56 5 17 5 23 5 45 5 55 6 15 6 16 6 48 6 50 7 13 7 49 7 58 8 13 8 18 8 46 8 67 9 12 9 14 9 63 9 68 10 14 10 44 10 71 11 23 11 46 11 47 12 33 12 60 13 51 13 77 14 34 14 51 15 20 15 34 15 75 16 20 16 53 16 66 17 53 17 81 18 36 18 75 19 21 19 22 19 80 19 83 20 77 20 82 21 42 21 57 22 41 22 70 23 43 23 68 24 33 24 38 24 57 24 58 25 35 25 48 25 51 26 30 26 33 26 45 26 54 27 38 27 46 27 53 28 40 28 42 28 63 28 69 29 34 29 36 29 61 29 67 30 32 30 60 30 66 31 40 31 60 31 70 32 41 32 75 32 77 33 79 34 43 35 63 35 72 36 82 37 52 37 65 38 67 38 74 39 41 39 42 39 54 39 75 40 76 40 83 41 69 42 78 43 82 44 52 44 59 44 62 45 69 45 71 46 57 47 50 47 52 47 65 48 63 48 73 49 53 49 61 49 73 50 72 50 78 52 80 54 59 54 72 55 56 55 67 55 74 56 69 56 80 57 76 58 68 58 81 59 71 59 80 60 79 61 64 61 76 62 66 62 74 62 76 64 70 64 73 64 81 65 68 65 72 66 83 70 79 71 78 73 82 74 78 77 83 79 81
0 4 0 19 0 25 0 43 1 21 1 22 1 35 1 37 2 7 2 16 2 26 2 37 3 14 3 17 3 31 3 36 4 10 4 51 4 56 5 17 5 23 5 45 5 55 6 15 6 21 6 48 6 50 7 8 7 49 7 58 8 13 8 30 8 67 9 12 9 14 9 63 9 68 10 18 10 44 10 71 11 12 11 23 11 46 11 47 12 33 12 50 13 18 13 51 13 77 14 34 14 51 15 20 15 34 15 75 16 20 16 53 16 66 17 53 17 81 18 64 18 75 19 22 19 80 19 83 20 77 20 82 21 42 21 57 22 41 22 70 23 43 23 68 24 33 24 38 24 57 24 58 25 35 25 48 25 51 26 30 26 45 26 54 27 33 27 38 27 46 27 53 28 40 28 42 28 63 28 69 29 34 29 36 29 61 29 67 30 32 30 66 31 40 31 60 31 70 32 41 32 63 32 77 33 79 34 43 35 61 35 72 36 55 36 81 37 52 37 65 38 67 38 74 39 41 39 42 39 54 39 73 40 76 40 83 41 69 42 78 43 82 44 52 44 59 44 62 45 69 45 71 46 57 46 60 47 50 47 52 47 65 48 73 48 75 49 53 49 73 49 78 50 78 52 80 54 59 54 72 55 56 55 67 56 69 56 80 57 76 58 68 58 81 59 71 59 80 60 72 60 79 61 64 61 76 62 66 62 74 62 76 63 74 64 70 64 73 65 68 65 72 66 83 70 79 71 78 74 82 75 82 77 83 79 81
0 4 0 19 0 32 0 43 1 21 1 22 1 28 1 35 2 6 2 16 2 26 2 28 3 14 3 17 3 31 3 36 4 10 4 51 4 56 5 14 5 17 5 45 5 55 6 21 6 48 6 50 7 8 7 15 7 49 7 58 8 12 8 30 8 67 9 13 9 23 9 63 9 68 10 18 10 44 10 71 11 12 11 23 11 46 11 47 12 33 12 72 13 18 13 49 13 77 14 34 14 51 15 20 15 33 15 34 16 20 16 53 16 66 17 36 17 53 18 64 18 75 19 22 19 80 19 83 20 77 20 82 21 42 21 57 22 70 22 71 23 40 23 43 24 33 24 38 24 57 24 58 25 35 25 41 25 48 25 51 26 30 26 45 26 54 27 33 27 34 27 44 27 59 28 63 28 69 29 36 29 42 29 61 29 67 30 40 30 66 31 32 31 60 31 70 32 75 32 77 34 37 35 61 35 72 36 81 37 40 37 52 37 82 38 43 38 67 38 74 39 41 39 42 39 54 39 73 40 76 41 69 41 78 42 78 43 82 44 52 44 62 45 69 45 71 46 54 46 57 46 60 47 50 47 52 47 65 48 63 48 73 49 53 49 73 50 60 50 78 51 78 52 80 53 59 54 72 55 56 55 67 55 81 56 69 56 80 57 76 58 68 58 81 59 77 59 80 60 79 61 64 61 76 62 66 62 74 62 76 63 74 64 70 64 73 65 68 65 72 65 75 66 83 68 83 70 79 71 83 74 82 75 79 79 81
0 4 0 19 0 32 0 43 1 14 1 21 1 28 1 35 2 6 2 16 2 26 2 28 3 17 3 19 3 31 3 36 4 10 4 51 4 56 5 9 5 22 5 45 5 59 6 8 6 48 6 50 7 15 7 21 7 44 7 58 8 12 8 30 8 67 9 23 9 28 9 63 10 23 10 44 10 71 11 12 11 18 11 46 11 47 12 72 12 79 13 17 13 18 13 49 13 77 14 22 14 34 14 51 15 20 15 32 15 33 16 20 16 55 16 66 17 36 17 65 18 64 18 75 19 72 19 83 20 77 20 78 21 42 21 57 22 70 22 71 23 40 23 43 24 33 24 38 24 57 24 58 25 35 25 41 25 48 25 51 26 30 26 45 26 54 27 33 27 34 27 49 27 55 28 69 29 36 29 42 29 61 29 67 30 40 30 66 31 32 31 69 31 70 32 77 33 60 34 37 34 75 35 48 35 61 36 81 37 40 37 74 37 82 38 43 38 67 38 74 39 41 39 42 39 52 39 73 40 76 41 77 41 78 42 82 43 82 44 52 44 62 45 60 45 71 46 54 46 57 46 60 47 50 47 52 47 65 48 73 49 53 49 73 50 60 50 78 51 78 52 80 53 59 53 75 53 81 54 72 54 82 55 56 55 67 56 69 56 80 57 76 58 68 58 81 59 69 59 80 61 65 61 76 62 66 62 74 62 76 63 68 63 72 63 74 64 68 64 70 64 73 65 80 66 83 68 83 70 79 71 83 75 79 79 81
0 4 0 19 0 32 0 43 1 21 1 22 1 28 1 35 2 7 2 16 2 26 2 28 3 17 3 19 3 31 3 36 4 10 4 27 4 56 5 9 5 14 5 46 5 49 6 8 6 15 6 26 6 50 7 21 7 44 7 58 8 12 8 30 8 67 9 23 9 28 9 63 10 23 10 44 10 71 11 12 11 18 11 29 11 46 12 72 12 79 13 17 13 18 13 49 13 77 14 22 14 51 14 76 15 20 15 32 15 75 16 20 16 66 16 73 17 36 17 53 18 64 18 67 19 72 19 83 20 77 20 78 21 42 21 57 22 71 22 82 23 40 23 43 24 33 24 38 24 47 24 57 25 35 25 41 25 48 25 51 26 30 26 54 27 33 27 34 27 55 28 69 29 36 29 42 29 61 30 40 30 66 31 32 31 62 31 69 32 77 33 60 33 79 34 37 34 61 34 62 35 48 35 61 36 81 37 40 37 54 37 82 38 43 38 74 38 75 39 41 39 42 39 52 39 75 40 80 41 77 41 78 42 70 43 82 44 52 44 70 45 48 45 51 45 60 45 71 46 57 46 60 47 50 47 65 47 67 48 73 49 53 49 73 50 60 50 78 51 78 52 58 52 80 53 59 53 81 54 59 54 72 55 56 55 64 55 67 56 69 56 76 57 76 58 68 58 81 59 69 59 80 61 65 62 64 62 74 63 68 63 72 63 74 64 68 65 73 65 80 66 70 66 83 68 83 70 79 71 83 74 82 75 76 79 81
0 13 0 19 0 29 0 43 1 21 1 22 1 28 1 35 2 7 2 16 2 26 2 28 3 17 3 19 3 36 3 42 4 10 4 12 4 27 4 56 5 9 5 14 5 46 5 52 6 8 6 15 6 45 6 50 7 21 7 44 7 58 8 17 8 30 8 67 9 23 9 28 9 63 10 23 10 44 10 71 11 12 11 18 11 29 11 46 12 63 12 72 13 18 13 49 13 77 14 22 14 51 14 76 15 20 15 32 15 75 16 20 16 73 16 74 17 36 17 53 18 64 18 67 19 52 19 83 20 41 20 76 21 42 21 57 22 71 22 82 23 40 23 43 24 33 24 38 24 47 24 57 25 35 25 41 25 48 25 51 26 30 26 48 26 54 27 33 27 34 27 55 28 46 29 42 29 61 30 40 30 66 31 32 31 39 31 62 31 69 32 37 32 77 33 48 33 79 34 37 34 61 34 62 35 60 35 61 36 40 36 81 37 54 37 82 38 43 38 66 38 75 39 41 39 72 39 75 40 80 41 77 42 70 43 76 44 52 44 70 45 51 45 60 45 67 46 57 47 50 47 65 47 71 48 73 49 53 49 58 49 73 50 60 50 78 51 78 52 80 53 59 53 80 54 59 54 72 55 56 55 64 55 67 56 69 56 78 57 82 58 68 58 81 59 69 59 80 60 69 61 65 62 64 62 74 63 68 63 74 64 68 65 73 65 81 66 70 66 83 68 77 70 79 71 83 72 79 74 82 75 76 78 83 79 81
0 13 0 19 0 29 0 43 1 21 1 22 1 28 1 35 2 7 2 16 2 30 2 41 3 17 3 19 3 26 3 36 4 10 4 12 4 53 4 55 5 9 5 14 5 46 5 52 6 8 6 15 6 45 6 50 7 21 7 27 7 44 8 17 8 30 8 67 9 23 9 28 9 63 10 23 10 60 10 71 11 12 11 18 11 29 11 46 12 63 12 72 13 18 13 77 13 79 14 22 14 51 14 76 15 20 15 32 15 75 16 20 16 67 16 74 17 36 17 53 18 64 18 73 19 52 19 83 20 57 20 76 21 42 21 57 22 58 22 71 23 40 23 43 24 33 24 38 24 47 24 48 25 32 25 35 25 48 25 51 26 40 26 54 26 57 27 34 27 41 27 56 28 37 28 46 29 42 29 61 30 42 30 66 31 32 31 39 31 68 31 71 32 77 33 39 33 49 33 76 34 37 34 61 34 62 35 60 35 61 36 40 36 81 37 54 37 82 38 43 38 55 38 66 39 72 39 75 40 80 41 77 41 82 42 70 43 76 44 52 44 69 44 70 45 51 45 60 45 67 46 57 47 50 47 62 47 65 48 73 48 75 49 56 49 58 49 73 50 60 50 78 51 78 52 80 53 59 53 80 54 59 54 72 55 58 55 67 56 69 56 78 58 81 59 71 59 80 61 64 62 64 62 74 63 69 63 74 64 75 65 68 65 73 65 81 66 70 66 83 68 77 68 82 69 83 70 79 72 79 74 82 78 83 79 81
0 13 0 19 0 29 0 43 1 21 1 22 1 28 1 35 2 7 2 16 2 35 2 41 3 17 3 19 3 24 3 26 4 12 4 15 4 53 4 55 5 9 5 14 5 46 5 52 6 15 6 21 6 45 6 50 7 8 7 27 7 44 8 17 8 30 8 67 9 23 9 63 9 69 10 20 10 23 10 60 10 71 11 12 11 18 11 29 11 46 12 72 12 78 13 18 13 77 13 78 14 22 14 51 14 76 15 32 15 75 16 20 16 67 16 74 17 53 17 64 18 64 18 73 19 52 19 73 20 76 20 79 21 42 21 57 22 58 22 81 23 40 23 43 24 33 24 47 24 48 25 32 25 38 25 48 25 51 26 40 26 54 26 57 27 31 27 41 27 56 28 37 28 46 28 63 29 39 29 61 30 33 30 42 30 66 31 32 31 68 31 71 32 77 33 49 33 76 34 37 34 39 34 61 34 62 35 60 35 61 36 40 36 42 36 75 36 81 37 72 37 82 38 43 38 55 38 80 39 54 39 75 40 80 41 77 41 82 42 70 43 76 44 52 44 69 44 70 45 51 45 60 45 67 46 57 47 50 47 62 47 65 48 63 48 73 49 56 49 58 49 73 50 60 50 75 51 79 52 66 53 59 53 80 54 59 54 72 55 58 55 67 56 69 56 78 57 70 58 71 59 71 59 80 61 64 62 64 62 74 63 74 65 68 65 81 65 83 66 70 66 83 68 77 68 82 69 83 72 79 74 82 78 83 79 81
0 5 0 19 0 33 0 43 1 9 1 22 1 35 1 41 2 7 2 16 2 35 2 41 3 10 3 17 3 24 3 26 4 12 4 15 4 53 4 55 5 14 5 46 5 52 6 15 6 21 6 45 6 50 7 8 7 27 7 44 8 17 8 30 8 71 9 23 9 63 9 69 10 20 10 60 10 70 11 12 11 18 11 28 11 29 12 72 12 78 13 18 13 21 13 77 13 78 14 22 14 51 14 76 15 32 15 35 16 20 16 67 16 74 17 53 17 64 18 64 18 73 19 23 19 52 19 73 20 76 20 79 21 42 21 57 22 58 22 81 23 40 23 43 24 29 24 44 24 47 25 32 25 38 25 48 25 51 26 40 26 54 26 57 27 28 27 31 27 56 28 37 28 46 29 39 29 61 30 33 30 42 30 66 31 32 31 68 31 71 32 77 33 49 33 76 34 37 34 39 34 61 34 62 35 60 36 40 36 42 36 75 36 81 37 54 37 83 38 43 38 55 38 80 39 65 39 72 40 56 41 77 41 82 42 70 43 76 44 67 44 69 45 51 45 60 45 67 46 57 46 63 47 50 47 65 47 66 48 56 48 63 48 73 49 52 49 58 49 72 50 60 50 75 51 74 52 66 53 59 53 80 54 59 54 72 55 58 55 67 56 69 57 70 58 71 59 71 59 80 61 64 61 75 62 64 62 70 62 74 63 79 65 68 65 81 66 83 68 77 68 82 69 83 73 79 74 82 75 82 78 80 78 83 79 81
0 5 0 19 0 33 0 43 1 9 1 22 1 31 1 41 2 7 2 9 2 35 2 41 3 10 3 17 3 24 3 26 4 12 4 15 4 26 4 55 5 14 5 46 5 52 6 15 6 21 6 50 6 52 7 8 7 53 7 54 8 17 8 68 8 71 9 63 9 69 10 20 10 60 10 70 11 13 11 18 11 28 11 29 12 18 12 51 12 72 13 21 13 48 13 78 14 22 14 48 14 78 15 32 15 35 16 20 16 23 16 67 16 74 17 38 17 53 18 64 18 73 19 23 19 52 19 73 20 76 20 79 21 42 21 79 22 58 22 81 23 40 23 43 24 29 24 44 24 47 25 32 25 38 25 48 25 51 26 40 26 54 27 28 27 35 27 56 27 59 28 37 28 46 29 39 29 61 30 33 30 42 30 65 30 66 31 36 31 68 31 71 32 42 32 77 33 49 33 76 34 37 34 39 34 61 34 62 35 60 36 40 36 75 36 81 37 54 37 65 38 43 38 80 39 72 39 82 40 68 41 77 41 82 42 70 43 76 44 59 44 67 44 69 45 49 45 51 45 60 45 67 46 57 46 63 47 50 47 65 47 66 48 56 49 58 49 72 50 60 50 75 51 74 52 66 53 57 53 80 54 72 55 58 55 64 55 83 56 69 56 82 57 70 57 81 58 71 59 71 59 80 61 64 61 75 62 64 62 70 62 74 63 77 63 79 65 81 66 83 67 75 68 77 69 83 73 76 73 79 74 82 78 80 78 83
0 5 0 19 0 33 0 42 1 9 1 22 1 31 1 41 2 7 2 9 2 35 2 41 3 10 3 17 3 24 3 26 4 12 4 15 4 27 4 57 5 14 5 46 5 52 6 15 6 21 6 52 6 59 7 8 7 53 7 54 8 17 8 68 8 71 9 63 9 68 10 20 10 60 10 70 11 13 11 22 11 29 11 69 12 18 12 72 12 78 13 21 13 48 13 78 14 18 14 48 14 51 15 32 15 35 16 20 16 23 16 54 16 67 17 38 17 53 18 64 18 83 19 23 19 52 19 73 20 40 20 79 21 42 21 79 22 58 22 81 23 40 23 43 24 29 24 47 24 56 25 38 25 40 25 48 25 51 26 40 26 53 26 54 27 28 27 35 27 59 28 37 28 46 28 62 29 39 29 61 30 33 30 42 30 65 30 66 31 36 31 64 31 71 32 36 32 43 32 77 33 49 33 76 34 37 34 39 34 61 34 62 35 60 36 72 36 75 37 54 37 65 38 43 38 80 39 55 39 72 41 77 41 82 42 70 43 76 44 48 44 50 44 64 44 67 45 49 45 51 45 60 45 62 46 57 46 63 47 50 47 65 47 66 49 58 49 72 50 60 50 75 51 74 52 66 53 66 55 56 55 58 55 64 56 69 56 82 57 70 57 81 58 71 59 71 59 80 61 69 61 75 62 74 63 77 63 79 65 81 67 70 67 83 68 76 68 77 69 83 73 76 73 79 73 80 74 81 74 82 75 82 78 80 78 83
0 5 0 18 0 33 0 42 1 13 1 22 1 31 1 41 2 7 2 9 2 26 2 41 3 10 3 16 3 24 3 26 4 12 4 15 4 27 4 57 5 10 5 52 5 54 6 15 6 21 6 52 6 59 7 17 7 46 7 48 8 17 8 23 8 68 8 71 9 21 9 68 9 70 10 62 10 65 11 13 11 22 11 47 11 60 12 19 12 72 12 78 13 48 13 78 14 18 14 20 14 48 14 51 15 32 15 35 16 20 16 54 16 67 17 37 17 38 18 64 18 82 19 23 19 52 19 73 20 40 20 79 21 42 21 79 22 58 22 83 23 40 23 43 24 29 24 47 24 56 25 36 25 38 25 51 25 53 26 53 26 54 27 28 27 35 27 59 28 37 28 46 28 70 29 39 29 61 29 66 30 33 30 42 30 60 30 66 31 36 31 64 31 71 32 40 32 43 32 50 33 49 33 76 34 37 34 39 34 61 34 62 35 40 35 60 36 72 36 75 37 54 38 43 38 80 39 55 39 72 41 56 41 77 42 70 43 58 44 48 44 50 44 64 44 67 45 49 45 51 45 62 45 69 46 57 46 63 47 50 47 65 49 58 49 72 50 75 51 74 52 66 53 65 53 66 55 56 55 58 55 64 56 82 57 70 57 81 59 71 59 80 60 77 61 69 61 75 62 74 63 67 63 77 63 79 65 81 67 83 68 76 68 77 69 82 69 83 71 76 73 76 73 79 73 80 74 81 74 83 75 82 78 80 78 81
0 5 0 18 0 33 0 42 1 21 1 22 1 31 1 40 2 7 2 9 2 26 2 41 3 11 3 16 3 24 3 26 4 12 4 15 4 50 4 57 5 10 5 52 5 54 6 15 6 21 6 49 6 59 7 17 7 25 7 48 8 17 8 23 8 44 8 71 9 13 9 60 9 70 10 22 10 62 10 65 11 13 11 47 11 68 12 19 12 72 12 78 13 77 13 78 14 18 14 20 14 48 14 51 15 32 15 35 16 20 16 37 16 54 17 37 17 38 18 64 18 67 19 23 19 52 19 73 20 69 20 76 21 42 21 79 22 58 22 71 23 40 23 43 24 29 24 47 24 56 25 36 25 38 25 53 26 53 26 54 27 28 27 35 27 44 27 59 28 37 28 46 28 67 29 39 29 61 29 66 30 33 30 42 30 60 30 66 31 36 31 64 31 71 32 40 32 43 32 73 33 49 33 76 34 37 34 39 34 61 34 62 35 41 35 60 36 72 36 75 38 43 38 80 39 55 39 72 40 68 41 56 41 77 42 70 43 82 44 48 44 70 45 51 45 52 45 62 45 69 46 51 46 57 46 63 47 50 47 65 48 63 49 58 49 72 50 75 50 76 51 74 52 66 53 65 53 66 54 82 55 56 55 58 55 64 56 82 57 70 57 81 58 79 59 71 59 80 60 77 61 69 61 79 62 74 63 67 63 75 64 68 65 81 67 83 68 77 69 83 73 79 73 80 74 81 74 83 75 82 76 83 78 80 78 81
0 5 0 18 0 25 0 43 1 13 1 22 1 31 1 40 2 7 2 9 2 26 2 41 3 11 3 16 3 24 3 30 4 8 4 15 4 50 4 57 5 10 5 52 5 54 6 15 6 21 6 49 6 59 7 17 7 25 7 48 8 23 8 44 8 71 9 21 9 60 9 70 10 14 10 62 10 65 11 13 11 47 11 68 12 17 12 19 12 48 12 78 13 77 13 78 14 20 14 51 14 72 15 32 15 35 16 20 16 37 16 54 17 52 17 82 18 22 18 64 18 67 19 23 19 38 19 73 20 56 20 69 21 42 21 79 22 43 22 58 23 40 23 59 24 29 24 47 24 56 25 38 25 53 26 43 26 53 26 54 27 28 27 35 27 44 27 59 28 37 28 46 28 67 29 39 29 61 29 66 30 33 30 60 30 66 31 32 31 69 31 71 32 40 32 73 33 36 33 49 33 76 34 37 34 39 34 61 34 62 35 41 35 60 36 42 36 72 36 75 37 53 38 42 38 80 39 64 39 75 40 68 41 77 41 82 42 70 43 71 44 48 44 70 45 51 45 52 45 62 45 64 46 51 46 57 46 63 47 50 47 65 48 63 49 58 49 72 50 75 50 76 51 74 52 66 53 66 54 82 55 56 55 58 55 65 55 74 56 71 57 70 57 81 58 79 59 80 60 77 61 69 61 79 62 74 63 67 63 75 64 68 65 81 67 83 68 77 69 83 72 83 73 79 73 80 74 81 76 82 76 83 78 80 78 81
0 15 0 16 0 25 0 43 1 13 1 22 1 31 1 33 2 7 2 9 2 26 2 37 3 11 3 16 3 24 3 30 4 8 4 18 4 50 4 57 5 10 5 20 5 52 5 54 6 15 6 20 6 48 6 59 7 17 7 25 7 48 8 23 8 44 8 71 9 21 9 28 9 70 10 14 10 65 10 70 11 13 11 47 11 68 12 17 12 19 12 48 12 78 13 77 13 78 14 21 14 51 14 72 15 32 15 74 16 37 16 38 17 52 17 75 18 22 18 64 18 67 19 23 19 38 19 73 20 56 20 69 21 42 21 69 22 43 22 58 23 59 23 78 24 29 24 47 24 56 25 30 25 53 26 43 26 53 26 54 27 28 27 35 27 44 27 59 28 41 28 46 29 39 29 64 29 66 30 60 30 66 31 32 31 69 31 71 32 40 32 73 33 36 33 49 33 76 34 37 34 39 34 50 34 61 35 41 35 51 35 60 36 42 36 72 36 75 37 53 38 40 38 42 39 55 39 64 40 70 40 81 41 77 41 82 42 68 43 71 44 49 44 62 45 51 45 52 45 62 45 65 46 51 46 57 46 63 47 50 47 61 48 63 49 58 49 72 50 74 52 66 53 66 54 80 54 82 55 56 55 58 55 74 56 71 57 70 57 81 58 79 59 80 60 67 60 77 61 69 61 79 62 75 62 76 63 67 63 75 64 68 65 81 65 82 67 83 68 77 72 83 73 79 73 80 74 81 76 82 76 83 78 80 79 83
0 15 0 16 0 25 0 34 1 9 1 18 1 31 1 33 2 7 2 9 2 26 2 37 3 10 3 16 3 24 3 30 4 8 4 19 4 50 4 57 5 10 5 12 5 52 5 54 6 15 6 20 6 48 6 59 7 17 7 25 7 48 8 23 8 44 8 71 9 68 9 71 10 65 10 70 11 13 11 14 11 28 11 47 12 22 12 60 12 78 13 20 13 77 13 78 14 21 14 51 14 72 15 32 15 74 16 37 16 38 17 21 17 52 17 65 18 22 18 54 18 75 19 23 19 73 19 81 20 56 20 81 21 42 21 69 22 43 22 58 23 59 23 78 24 29 24 47 24 56 25 30 25 53 26 43 26 53 26 54 27 35 27 41 27 44 27 59 28 41 28 43 28 46 29 39 29 64 29 66 30 60 30 66 31 32 31 67 31 69 32 40 32 73 33 36 33 49 33 76 34 39 34 50 34 61 35 37 35 51 35 60 36 42 36 67 36 72 37 53 38 40 38 42 38 65 39 55 39 64 40 69 40 70 41 77 41 82 42 68 43 71 44 49 44 62 45 51 45 52 45 62 45 65 46 51 46 57 46 63 47 50 47 61 48 63 48 77 49 58 49 72 50 74 52 66 53 66 54 82 55 56 55 58 55 74 56 71 57 70 57 81 58 79 59 80 60 67 61 69 61 79 62 75 62 76 63 70 63 75 64 68 64 80 67 83 68 77 72 83 73 79 73 80 74 81 75 82 76 82 76 83 78 80 79 83
0 15 0 16 0 25 0 34 1 9 1 18 1 31 1 33 2 7 2 17 2 26 2 37 3 15 3 16 3 28 3 30 4 8 4 19 4 55 4 57 5 10 5 12 5 52 5 54 6 10 6 20 6 48 6 59 7 9 7 25 7 48 8 23 8 44 8 67 9 30 9 71 10 65 10 70 11 13 11 14 11 47 11 68 12 22 12 60 12 78 13 20 13 77 13 78 14 21 14 51 14 72 15 32 15 35 16 37 16 81 17 21 17 52 17 65 18 22 18 54 18 75 19 23 19 53 19 81 20 56 20 81 21 42 21 69 22 43 22 58 23 59 23 78 24 29 24 43 24 47 24 56 25 30 25 53 26 43 26 46 26 53 27 29 27 35 27 44 27 59 28 41 28 46 28 66 29 63 29 64 30 60 31 32 31 67 31 69 32 40 32 73 33 36 33 49 33 76 34 39 34 48 34 79 35 37 35 60 36 42 36 72 36 82 37 73 38 40 38 42 38 65 38 74 39 41 39 55 39 64 40 70 40 71 41 68 41 77 42 68 43 71 44 49 44 62 45 51 45 52 45 62 45 65 46 51 46 63 47 50 47 61 48 63 49 58 49 72 50 57 50 74 50 77 51 75 52 66 53 66 54 56 54 67 55 58 55 74 56 69 57 70 57 81 58 79 59 80 60 71 61 69 61 73 61 79 62 75 62 76 63 74 64 68 64 80 66 70 67 83 72 83 73 80 75 82 76 82 76 83 77 82 78 80 79 83
0 15 0 16 0 24 0 34 1 9 1 18 1 31 1 33 2 7 2 9 2 26 2 37 3 15 3 16 3 28 3 30 4 11 4 12 4 57 4 59 5 8 5 10 5 52 5 54 6 10 6 20 6 48 6 55 7 17 7 25 7 48 8 23 8 44 8 62 9 61 9 71 10 65 10 70 11 22 11 47 11 68 12 22 12 60 12 78 13 19 13 20 13 74 13 77 14 18 14 21 14 51 14 77 15 32 15 35 16 53 16 54 17 21 17 52 17 65 18 75 18 81 19 23 19 53 19 81 20 56 20 81 21 42 21 69 22 43 22 58 23 59 23 78 24 43 24 47 24 52 25 29 25 30 25 53 26 43 26 46 26 53 27 29 27 35 27 44 27 51 28 41 28 46 28 66 29 63 29 64 30 45 30 60 31 32 31 67 31 69 32 40 32 73 33 36 33 49 33 76 34 39 34 48 34 79 35 36 35 60 36 72 36 82 37 42 37 73 37 74 38 40 38 42 38 65 38 74 39 41 39 64 39 67 40 70 40 71 41 68 41 77 42 68 43 71 44 49 44 67 45 51 45 56 45 62 46 59 46 63 47 50 47 65 48 63 49 58 49 72 50 57 50 72 50 75 51 75 52 64 54 56 54 67 55 58 55 66 55 83 56 69 57 70 57 81 58 79 59 80 60 71 61 69 61 73 61 79 62 74 62 76 63 78 64 68 66 70 66 80 72 83 73 80 75 82 76 82 76 83 77 82 78 80 79 83
0 15 0 16 0 24 0 30 1 6 1 8 1 31 1 33 2 9 2 22 2 26 2 37 3 16 3 18 3 30 3 41 4 11 4 12 4 57 4 59 5 9 5 10 5 52 5 54 6 14 6 48 6 58 7 11 7 17 7 25 7 48 8 23 8 44 8 45 9 61 9 71 10 15 10 65 10 70 11 47 11 68 12 22 12 60 12 78 13 19 13 20 13 74 13 77 14 20 14 51 14 77 15 32 15 35 16 53 16 54 17 21 17 52 17 53 18 21 18 75 18 81 19 23 19 65 19 81 20 68 20 81 21 42 21 69 22 43 22 58 23 59 23 78 24 43 24 47 24 56 25 29 25 34 25 53 26 43 26 46 26 53 27 29 27 35 27 51 27 56 28 32 28 39 28 46 28 66 29 63 29 64 30 60 30 62 31 32 31 67 31 69 32 73 33 40 33 49 33 76 34 39 34 48 34 74 35 36 35 60 36 41 36 72 36 82 37 42 37 73 37 74 38 40 38 42 38 65 38 74 39 64 39 67 40 70 40 71 41 68 41 77 42 56 43 71 44 49 44 54 44 67 45 51 45 52 45 62 46 59 46 63 47 50 47 65 48 63 49 55 49 72 50 57 50 72 50 75 51 75 52 66 54 67 55 58 55 66 55 83 56 69 57 70 57 81 58 79 59 80 60 71 61 69 61 73 61 79 62 76 62 79 63 78 64 68 64 80 66 70 72 83 73 80 75 82 76 82 76 83 77 82 78 80 79 83
0 15 0 16 0 24 0 42 1 6 1 8 1 31 1 33 2 7 2 9 2 26 2 37 3 16 3 18 3 30 3 41 4 11 4 12 4 25 4 57 5 9 5 10 5 52 5 54 6 14 6 48 6 58 7 17 7 25 7 48 8 23 8 44 8 45 9 61 9 63 10 19 10 69 10 71 11 22 11 47 11 68 12 22 12 60 12 78 13 19 13 20 13 74 13 77 14 20 14 51 14 77 15 23 15 32 15 35 16 53 16 54 17 21 17 52 17 73 18 21 18 75 18 81 19 65 19 81 20 68 20 81 21 42 21 69 22 43 22 80 23 59 23 78 24 43 24 47 24 56 25 29 25 34 26 43 26 46 26 53 27 29 27 38 27 50 27 56 28 32 28 39 28 46 28 47 29 64 29 71 30 37 30 60 30 62 31 32 31 65 31 67 32 73 33 40 33 63 33 76 34 39 34 48 34 74 35 36 35 42 35 60 36 41 36 72 36 82 37 53 37 74 38 40 38 65 38 74 39 66 39 67 40 70 40 71 41 68 41 77 42 56 43 71 44 49 44 54 44 67 45 51 45 52 45 62 46 59 46 63 47 51 48 63 49 55 49 72 49 78 50 57 50 75 50 76 51 75 52 66 53 59 54 67 55 58 55 64 55 82 56 77 57 70 57 81 58 78 58 79 59 80 60 70 61 65 61 73 61 79 62 72 62 79 64 68 64 80 66 69 66 70 69 82 72 83 73 80 75 83 76 82 76 83 79 83
0 11 0 16 0 24 0 42 1 6 1 8 1 26 1 33 2 7 2 9 2 26 2 37 3 16 3 18 3 30 3 32 4 10 4 12 4 25 4 57 5 13 5 15 5 27 5 52 6 14 6 48 6 58 7 17 7 25 7 48 8 23 8 45 8 69 9 20 9 28 9 63 10 19 10 44 10 63 11 22 11 47 11 68 12 22 12 32 12 78 13 19 13 74 13 77 14 20 14 51 14 77 15 23 15 32 15 35 16 53 16 81 17 21 17 36 17 39 18 21 18 52 18 75 19 65 19 81 20 68 20 81 21 42 21 69 22 43 22 80 23 78 23 83 24 43 24 47 24 56 25 29 25 34 26 46 26 53 27 29 27 38 27 56 28 32 28 39 28 64 29 64 29 71 30 37 30 60 30 62 31 41 31 43 31 65 31 67 33 41 33 63 33 76 34 39 34 48 34 74 35 36 35 42 35 60 36 40 36 66 37 53 37 74 38 40 38 65 38 74 39 66 40 70 40 71 41 68 41 79 42 56 43 71 44 49 44 54 44 67 45 51 45 52 45 62 46 59 46 68 46 71 47 51 47 61 48 63 49 55 49 72 49 78 50 54 50 57 50 76 50 79 51 75 52 82 53 59 54 67 54 72 55 58 55 64 55 82 56 77 57 70 57 81 58 78 58 79 59 77 59 80 60 70 60 73 61 65 61 73 61 79 62 72 62 75 64 80 66 69 66 70 67 73 69 82 72 83 73 80 75 83 76 82 76 83
0 11 0 16 0 24 0 42 1 6 1 8 1 26 1 29 2 7 2 20 2 26 2 32 3 16 3 18 3 30 3 32 4 10 4 12 4 25 4 57 5 15 5 17 5 27 5 52 6 14 6 48 6 58 7 17 7 25 7 48 8 23 8 45 8 69 9 14 9 20 9 28 9 63 10 19 10 31 10 44 11 22 11 47 11 68 12 22 12 32 12 35 13 19 13 21 13 32 13 74 14 51 14 77 15 23 15 35 15 77 16 37 16 81 17 36 17 39 18 21 18 52 18 75 19 65 19 81 20 41 20 68 21 42 21 71 22 69 22 80 23 78 23 83 24 43 24 47 24 56 25 29 25 34 26 51 26 53 27 33 27 38 27 56 28 37 28 39 28 46 29 65 29 71 30 37 30 60 30 62 31 41 31 43 31 67 33 41 33 63 33 76 34 39 34 48 34 75 35 36 35 42 36 40 36 66 37 53 38 40 38 65 38 74 39 66 40 70 40 71 41 79 42 56 43 69 43 82 44 49 44 54 44 67 45 52 45 55 45 62 46 49 46 59 46 71 47 51 47 61 48 63 49 72 49 78 50 54 50 57 50 76 50 79 51 75 52 82 53 59 53 74 54 67 54 72 55 58 55 64 55 82 56 77 57 70 57 81 58 78 58 79 59 77 59 80 60 70 60 73 60 78 61 65 61 73 61 79 62 72 62 74 63 64 64 68 64 80 66 69 66 70 67 73 68 81 72 83 73 80 75 83 76 82 76 83
0 9 0 11 0 24 0 42 1 6 1 8 1 29 1 31 2 7 2 20 2 26 2 32 3 16 3 23 3 30 3 32 4 10 4 12 4 25 4 57 5 15 5 17 5 27 5 52 6 15 6 53 6 59 7 17 7 25 7 48 8 23 8 44 8 66 9 14 9 28 9 63 10 19 10 31 10 69 11 22 11 66 11 68 12 22 12 32 12 35 13 19 13 21 13 60 13 74 14 18 14 51 14 77 15 35 15 77 16 20 16 81 16 82 17 36 17 39 18 21 18 52 18 75 19 65 19 81 20 68 20 79 21 42 21 71 22 69 22 80 23 78 23 81 24 43 24 47 24 56 25 29 25 34 26 43 26 48 26 51 27 33 27 38 27 56 28 37 28 39 28 61 29 65 29 71 30 37 30 60 30 62 31 41 31 67 32 78 33 41 33 63 33 76 34 39 34 62 34 75 35 36 35 42 36 40 36 66 37 52 37 53 38 40 38 65 38 74 39 72 40 70 40 71 41 58 41 79 42 56 43 69 43 82 44 49 44 54 44 67 45 52 45 55 45 69 45 70 46 49 46 59 46 65 46 71 47 51 47 61 47 62 48 63 48 72 49 72 49 78 50 54 50 57 50 76 50 79 51 75 53 58 53 74 54 67 54 72 55 58 55 64 55 73 56 77 57 70 57 83 58 78 59 77 59 80 60 70 60 73 61 73 61 79 62 74 63 64 64 68 64 80 66 83 67 82 68 81 73 80 75 83 76 82 76 83
0 9 0 11 0 24 0 30 1 6 1 8 1 24 1 43 2 7 2 20 2 26 2 33 3 16 3 23 3 30 3 40 4 12 4 22 4 25 4 57 5 15 5 17 5 27 5 52 6 15 6 53 6 59 7 17 7 25 7 48 8 23 8 44 8 66 9 14 9 28 9 63 10 12 10 22 10 31 10 69 11 19 11 62 11 68 12 34 12 35 13 19 13 21 13 60 13 74 14 18 14 51 14 77 15 77 15 78 16 20 16 81 16 82 17 36 17 67 18 21 18 52 18 75 19 64 19 65 20 68 20 79 21 42 21 71 22 43 22 80 23 78 23 81 24 47 24 56 25 29 25 34 26 31 26 48 26 51 27 33 27 38 27 45 28 39 28 40 28 61 29 43 29 47 29 65 30 60 30 62 31 41 31 67 32 36 32 38 32 62 32 78 33 63 33 76 34 39 34 75 35 36 35 42 35 49 36 66 37 41 37 42 37 52 37 55 38 65 38 74 39 72 39 82 40 70 40 71 41 79 41 82 42 56 43 69 44 49 44 54 44 67 45 52 45 69 45 70 46 49 46 59 46 65 46 71 47 51 47 61 48 63 48 72 49 72 50 54 50 57 50 76 50 79 51 75 53 58 53 73 53 74 54 67 54 72 55 56 55 58 55 81 56 69 57 70 57 83 58 77 58 78 59 77 59 80 60 70 60 73 61 73 61 79 62 74 63 64 64 68 64 80 66 71 66 83 68 81 73 80 75 83 76 82 76 83
0 9 0 11 0 24 0 30 1 8 1 10 1 24 1 43 2 7 2 21 2 33 2 42 3 16 3 23 3 30 3 40 4 12 4 22 4 46 4 57 5 15 5 17 5 27 5 52 6 12 6 15 6 53 6 59 7 17 7 25 7 48 8 23 8 31 8 44 9 14 9 28 9 66 10 22 10 66 10 69 11 19 11 62 11 68 12 34 12 35 13 19 13 21 13 60 13 61 14 18 14 33 14 77 15 75 15 77 16 20 16 81 16 82 17 36 17 67 18 20 18 52 18 75 19 64 19 65 20 68 20 79 21 42 21 71 22 43 22 80 23 78 23 79 24 47 24 56 25 29 25 43 25 56 26 37 26 42 26 48 26 51 27 33 27 38 27 45 28 39 28 40 28 61 29 34 29 64 29 67 30 62 30 64 31 35 31 41 31 47 32 36 32 38 32 62 32 78 33 63 34 39 34 75 35 36 35 49 36 64 37 41 37 52 37 55 38 65 38 74 39 72 39 82 40 69 40 70 41 81 41 82 42 56 43 59 44 49 44 54 44 67 45 52 45 69 45 70 46 59 46 65 46 71 47 51 47 61 48 63 48 72 49 55 49 72 50 54 50 57 50 76 50 79 51 73 51 78 53 58 53 73 53 74 54 67 54 72 55 58 55 81 56 71 57 70 57 83 58 77 58 78 59 80 60 68 60 70 60 73 61 76 62 74 63 65 63 71 66 80 66 83 68 81 69 77 73 80 74 79 75 83 76 82 76 83
0 9 0 22 0 24 0 30 1 8 1 10 1 24 1 43 2 7 2 21 2 33 2 42 3 16 3 23 3 30 3 40 4 11 4 20 4 46 4 57 5 15 5 17 5 50 5 52 6 12 6 15 6 27 6 49 7 17 7 25 7 48 8 23 8 47 8 64 9 14 9 28 9 66 10 22 10 66 10 69 11 19 11 62 11 68 12 21 12 34 12 35 13 16 13 19 13 60 13 61 14 18 14 33 14 77 15 75 15 77 16 81 16 82 17 67 17 80 18 20 18 52 18 75 19 65 19 72 20 68 20 79 21 58 21 71 22 43 22 80 23 79 23 82 24 47 24 56 25 29 25 43 25 56 26 41 26 42 26 48 26 51 27 37 27 38 27 54 28 39 28 40 28 65 29 34 29 64 29 67 30 62 30 68 31 33 31 34 31 47 31 60 32 36 32 38 32 62 32 78 33 63 34 75 35 36 35 39 35 49 36 64 36 73 37 41 37 52 37 55 38 65 38 74 39 64 39 82 40 69 40 70 41 78 41 81 42 56 42 77 43 59 44 53 44 54 44 60 44 67 45 52 45 55 45 69 45 70 46 59 46 61 46 71 47 51 48 63 48 72 49 59 49 72 50 57 50 76 50 79 51 73 51 78 53 58 53 73 53 74 54 67 54 72 55 58 55 81 56 71 57 70 57 83 58 78 59 80 60 73 61 70 61 76 62 74 63 65 63 71 66 80 66 83 68 81 69 77 74 79 75 83 76 82 76 83
0 9 0 22 0 24 0 30 1 10 1 13 1 36 1 39 2 7 2 21 2 33 2 38 3 16 3 23 3 30 3 40 4 20 4 23 4 46 4 57 5 11 5 17 5 50 5 52 6 12 6 15 6 27 6 53 7 17 7 25 7 48 8 15 8 16 8 47 8 64 9 14 9 28 9 66 10 22 10 66 10 69 11 19 11 62 11 69 12 21 12 34 12 35 13 19 13 60 13 61 14 18 14 63 14 77 15 75 15 77 16 81 16 82 17 65 17 80 18 20 18 37 18 64 19 64 19 67 20 68 20 79 21 58 21 71 22 43 22 80 23 79 23 82 24 35 24 47 24 56 25 29 25 43 25 44 26 32 26 42 26 48 26 51 27 37 27 38 27 54 28 40 28 42 28 65 29 34 29 64 29 67 30 62 30 68 31 33 31 34 31 46 31 47 32 36 32 62 32 78 33 48 33 63 34 75 35 43 35 49 36 52 36 73 37 41 37 55 38 53 38 74 39 41 39 72 39 82 40 69 40 76 41 78 41 81 42 56 42 77 43 77 44 49 44 60 44 67 45 52 45 55 45 68 45 70 46 59 46 61 47 51 48 72 49 59 49 72 50 57 50 76 50 79 51 73 51 78 52 75 53 58 53 73 54 56 54 67 54 72 55 58 55 81 56 71 57 70 57 83 58 78 59 69 59 80 60 71 60 73 61 70 61 76 62 74 63 65 63 71 65 74 66 80 66 83 68 81 70 82 74 79 75 83 76 83
0 9 0 22 0 24 0 35 1 20 1 23 1 39 1 40 2 7 2 21 2 33 2 38 3 16 3 19 3 30 3 36 4 10 4 13 4 46 4 53 5 11 5 17 5 26 5 50 6 12 6 15 6 27 6 57 7 17 7 25 7 48 8 15 8 16 8 64 8 71 9 14 9 28 9 66 10 22 10 66 10 69 11 23 11 44 11 62 12 21 12 34 12 35 13 19 13 61 13 73 14 18 14 63 14 77 15 75 15 77 16 81 16 82 17 37 17 80 18 20 18 37 18 64 19 64 19 67 20 68 20 79 21 58 21 71 22 43 22 80 23 79 23 82 24 30 24 47 24 56 25 29 25 43 25 44 26 32 26 43 26 48 27 37 27 38 27 59 28 36 28 42 28 68 29 34 29 64 29 71 30 62 30 65 31 33 31 34 31 46 31 47 32 40 32 51 32 62 33 48 33 63 34 75 35 42 35 49 36 52 36 73 37 41 38 53 38 74 39 41 39 72 39 82 40 69 40 76 41 78 41 81 42 56 42 77 43 77 44 49 44 60 45 52 45 55 45 61 45 67 46 54 46 61 47 51 47 60 48 72 49 59 49 72 50 57 50 76 50 79 51 52 51 78 52 75 53 58 53 73 54 56 54 67 54 72 55 58 55 65 55 81 56 71 57 70 57 83 58 78 59 69 59 80 60 73 60 78 61 76 62 74 63 68 63 70 65 70 65 74 66 80 66 83 67 69 68 81 70 82 74 79 75 83 76 83
0 9 0 22 0 24 0 35 1 6 1 20 1 39 1 40 2 8 2 18 2 28 2 38 3 16 3 19 3 25 3 30 4 10 4 13 4 46 4 53 5 11 5 17 5 26 5 50 6 15 6 27 6 57 7 14 7 17 7 25 7 48 8 16 8 61 8 70 9 14 9 28 9 66 10 22 10 66 10 69 11 23 11 44 11 62 12 21 12 23 12 34 12 35 13 19 13 63 13 73 14 63 14 77 15 21 15 75 15 77 16 81 16 82 17 53 17 80 18 20 18 53 18 64 19 64 19 67 20 78 20 81 21 58 21 71 22 43 22 76 23 79 23 82 24 30 24 47 24 56 25 29 25 57 26 32 26 43 26 45 27 37 27 38 27 59 28 42 28 68 29 34 29 64 29 71 30 62 30 65 31 33 31 34 31 46 31 47 32 40 32 51 32 62 33 36 33 48 33 61 34 75 35 42 35 49 36 43 36 52 36 73 37 41 37 73 37 74 38 65 38 66 39 41 39 72 39 82 40 69 40 80 41 78 41 81 42 56 42 59 43 77 44 49 44 55 44 60 45 50 45 61 45 67 46 54 46 64 47 51 47 60 48 52 48 72 49 59 49 72 50 76 50 79 51 52 51 78 52 75 53 58 54 56 54 67 54 72 55 58 55 65 55 81 56 71 57 70 57 83 58 68 59 69 60 73 60 78 61 76 62 74 63 68 63 70 65 71 66 83 67 69 68 79 70 82 74 79 74 80 75 83 76 83 77 80
0 9 0 22 0 25 0 39 1 4 1 6 1 39 1 40 2 8 2 18 2 29 2 38 3 16 3 19 3 25 3 38 4 10 4 53 4 54 5 11 5 17 5 24 5 50 6 15 6 27 6 44 7 14 7 17 7 25 7 26 8 16 8 61 8 70 9 14 9 28 9 66 10 22 10 66 10 69 11 23 11 44 11 62 12 21 12 23 12 35 12 48 13 19 13 20 13 73 13 79 14 77 14 79 15 21 15 75 15 77 16 73 16 81 17 37 17 72 18 20 18 37 18 64 19 64 19 67 20 78 20 81 21 58 21 71 22 43 22 76 23 79 23 82 24 28 24 30 24 56 25 57 26 32 26 43 26 45 27 30 27 37 27 59 28 42 28 68 29 34 29 64 29 71 30 62 30 65 31 33 31 34 31 46 31 47 32 40 32 50 32 51 33 36 33 48 33 49 34 72 34 75 35 41 35 42 35 61 36 43 36 52 36 82 37 41 38 65 38 66 39 74 39 82 40 69 40 80 41 78 41 81 42 56 42 59 43 77 44 55 44 60 45 50 45 61 45 67 46 54 46 56 46 64 47 48 47 51 47 60 48 52 49 57 49 59 49 72 50 63 51 52 51 78 52 75 53 58 53 73 53 80 54 67 54 72 55 58 55 65 55 81 56 83 57 70 57 83 58 68 59 69 60 73 60 78 61 76 62 74 62 76 63 68 63 70 63 74 65 71 66 83 67 69 68 79 70 82 71 76 74 80 75 83 77 80
0 9 0 22 0 25 0 42 1 7 1 16 1 39 1 40 2 8 2 18 2 29 2 35 3 16 3 19 3 25 3 38 4 8 4 10 4 53 4 54 5 11 5 17 5 49 5 50 6 15 6 17 6 27 6 44 7 14 7 25 7 26 8 61 8 70 9 14 9 44 9 66 10 22 10 60 10 67 11 23 11 28 11 62 12 21 12 23 12 35 12 48 13 19 13 20 13 73 13 79 14 50 14 79 15 21 15 75 15 77 16 73 16 81 17 37 17 72 18 20 18 64 18 75 19 64 19 67 20 78 20 81 21 57 21 58 22 43 22 76 23 79 23 82 24 28 24 30 24 56 24 59 25 57 26 32 26 34 26 45 27 30 27 37 27 51 28 39 28 69 29 34 29 64 29 71 30 62 30 65 31 33 31 43 31 46 31 47 32 40 32 51 32 77 33 36 33 48 33 49 34 72 34 75 35 42 35 61 36 43 36 52 36 82 37 41 37 66 38 41 38 65 38 66 39 74 39 82 40 69 40 82 41 56 41 81 42 56 42 59 43 83 44 55 44 64 45 50 45 61 45 67 46 54 46 56 46 68 47 48 47 59 47 60 48 52 49 57 49 60 50 63 51 52 51 78 52 83 53 58 53 73 53 80 54 67 54 72 55 58 55 65 55 81 57 70 58 68 59 69 60 73 61 76 62 74 62 76 63 68 63 70 63 74 65 71 66 69 68 79 70 80 71 76 71 77 72 78 74 80 75 83 77 80 78 83
0 9 0 22 0 25 0 42 1 7 1 16 1 39 1 40 2 8 2 18 2 29 2 38 3 16 3 19 3 25 3 42 4 8 4 10 4 53 4 54 5 11 5 13 5 49 5 50 6 15 6 17 6 24 6 27 7 14 7 26 7 59 8 61 8 70 9 14 9 44 9 66 10 22 10 60 10 67 11 23 11 28 11 71 12 21 12 23 12 35 12 48 13 19 13 73 13 79 14 50 14 78 15 21 15 75 15 77 16 73 16 81 17 20 17 37 17 72 18 20 18 64 18 75 19 64 19 67 20 78 20 81 21 57 21 80 22 43 22 76 23 41 23 58 24 30 24 36 24 47 25 47 25 57 26 34 26 37 26 45 27 30 27 32 27 51 28 33 28 39 28 64 29 34 29 62 29 64 30 62 30 65 31 33 31 35 31 46 31 47 32 40 32 75 32 77 33 48 33 49 34 51 34 72 35 41 35 61 36 43 36 52 36 82 37 41 37 66 38 43 38 55 38 66 39 74 39 82 40 69 40 82 41 56 42 56 42 59 43 83 44 55 44 56 44 69 45 50 45 61 45 67 46 54 46 56 46 68 47 60 48 52 48 59 49 57 49 60 50 63 51 52 51 63 52 83 53 58 53 73 53 80 54 67 54 72 55 58 55 65 57 70 58 68 59 69 60 73 61 76 62 74 62 76 63 68 63 70 65 71 65 81 66 69 68 79 70 80 71 76 71 77 72 79 74 78 74 80 75 83 77 82 78 83 79 81
0 9 0 22 0 25 0 34 1 7 1 16 1 36 1 39 2 13 2 18 2 29 2 38 3 16 3 19 3 25 3 42 4 8 4 14 4 46 4 53 5 11 5 13 5 49 5 50 6 15 6 17 6 26 6 27 7 14 7 26 7 59 8 23 8 60 8 70 9 15 9 44 9 66 10 21 10 22 10 61 10 67 11 23 11 28 11 71 12 19 12 21 12 35 12 72 13 73 13 79 14 50 14 78 15 32 15 75 16 73 16 81 17 20 17 37 17 72 18 20 18 64 18 75 19 64 19 67 20 69 20 78 21 57 21 80 22 43 22 76 23 41 23 58 24 30 24 40 24 45 24 47 25 47 25 57 26 34 26 37 27 30 27 40 27 51 28 33 28 39 28 64 29 42 29 62 29 64 30 62 30 65 31 33 31 35 31 46 31 47 32 36 32 43 32 77 33 48 33 49 34 48 34 51 35 41 35 61 36 52 36 82 37 41 37 66 38 43 38 55 38 66 39 74 39 82 40 81 40 82 41 68 42 56 42 59 43 83 44 55 44 56 44 69 45 50 45 61 45 67 46 54 46 68 47 60 48 52 48 59 49 57 49 60 50 79 51 52 51 63 52 83 53 58 53 75 53 80 54 56 54 67 54 72 55 58 55 65 56 79 57 70 58 68 59 69 60 73 61 76 62 74 62 76 63 68 63 70 63 72 65 71 65 81 66 69 70 80 71 77 71 78 73 83 74 78 74 80 75 77 76 83 77 82 79 81
0 9 0 22 0 32 0 34 1 7 1 16 1 36 1 39 2 13 2 18 2 25 2 38 3 16 3 19 3 29 3 42 4 8 4 23 4 51 4 53 5 11 5 13 5 49 5 50 6 17 6 23 6 26 6 27 7 14 7 26 7 59 8 14 8 60 8 70 9 15 9 44 9 47 10 21 10 22 10 46 10 67 11 15 11 28 11 71 12 18 12 21 12 35 12 72 13 48 13 79 14 50 14 78 15 32 15 75 16 73 16 81 17 20 17 37 17 38 18 64 18 75 19 20 19 67 19 80 20 69 20 78 21 57 21 80 22 43 22 76 23 41 23 58 24 35 24 40 24 45 24 47 25 42 25 47 25 57 26 34 26 37 27 30 27 40 27 46 28 33 28 39 28 64 29 37 29 62 29 64 30 41 30 62 30 65 31 33 31 35 31 46 31 66 32 43 32 60 33 49 33 73 34 48 34 51 35 61 36 41 36 52 36 82 37 66 38 43 38 66 39 74 39 82 40 81 40 82 41 68 42 56 42 57 43 83 44 55 44 56 44 69 45 50 45 65 45 67 46 52 47 60 48 52 48 59 49 57 49 60 50 79 51 54 51 63 52 83 53 58 53 64 53 65 54 56 54 67 54 72 55 58 55 72 55 75 56 79 58 68 59 69 59 82 61 68 61 71 61 76 62 74 62 76 63 68 63 70 63 72 65 81 66 69 70 77 70 80 71 77 71 78 73 77 73 83 74 78 74 80 75 77 76 83 79 81
0 9 0 22 0 32 0 34 1 7 1 16 1 35 1 36 2 19 2 21 2 24 2 31 3 4 3 18 3 28 3 39 4 8 4 51 4 53 5 11 5 13 5 49 5 50 6 17 6 23 6 26 6 27 7 22 7 26 7 59 8 14 8 65 8 70 9 15 9 30 9 47 10 13 10 14 10 46 10 67 11 15 11 28 11 71 12 18 12 21 12 34 12 35 13 48 13 79 14 50 14 78 15 72 15 75 16 23 16 73 16 80 17 20 17 37 17 38 18 64 18 75 19 20 19 67 19 80 20 69 20 78 21 57 21 80 22 43 22 76 23 41 23 58 24 35 24 47 24 49 25 40 25 42 25 47 25 52 26 34 26 37 27 30 27 40 27 46 28 33 28 64 29 37 29 39 29 46 29 62 30 41 30 60 31 42 31 64 31 66 32 43 32 60 32 63 33 38 33 49 33 73 34 51 35 61 36 41 36 74 36 83 37 66 38 43 38 66 39 74 39 82 40 81 40 82 41 68 42 56 42 57 43 83 44 55 44 56 44 62 44 69 45 50 45 57 45 65 45 67 46 57 47 60 48 52 48 59 48 72 49 60 50 79 51 54 51 63 52 67 52 81 53 58 53 64 53 65 54 56 54 72 54 82 55 58 55 72 55 75 56 79 58 68 59 69 59 82 61 68 61 71 61 76 62 74 62 76 63 68 63 70 65 81 66 69 70 77 70 80 71 77 71 78 73 77 73 83 74 78 75 77 76 83 79 81
0 16 0 22 0 32 0 34 1 9 1 15 1 31 1 36 2 8 2 19 2 24 2 31 3 4 3 18 3 28 3 39 4 8 4 51 4 53 5 13 5 19 5 49 5 50 6 10 6 17 6 26 6 27 7 9 7 22 7 24 7 59 8 65 8 70 9 30 9 47 10 13 10 46 10 67 11 15 11 20 11 28 11 45 12 18 12 21 12 34 12 35 13 48 13 79 14 21 14 23 14 50 14 78 15 72 15 75 16 23 16 54 16 83 17 20 17 37 17 38 18 64 18 75 19 67 19 80 20 69 20 78 21 57 21 68 22 43 22 68 23 41 23 58 24 35 24 49 25 40 25 42 25 47 25 52 26 34 26 37 26 47 27 30 27 40 27 46 28 37 28 61 29 33 29 39 29 46 29 62 30 41 30 60 31 66 31 68 32 43 32 60 32 63 33 38 33 49 33 73 34 51 35 42 35 61 36 41 36 73 36 74 37 66 38 43 38 66 39 74 39 82 40 81 40 82 41 80 42 56 42 77 43 83 44 55 44 56 44 62 44 69 45 50 45 57 45 65 46 57 47 60 48 52 48 59 48 72 49 60 50 79 51 54 51 63 52 67 52 81 53 58 53 64 53 65 54 56 54 82 55 58 55 72 55 75 56 79 57 70 58 70 59 81 59 82 61 71 61 76 62 74 62 76 63 64 63 70 64 68 65 81 66 69 67 71 69 79 71 77 71 78 72 80 73 77 73 83 74 78 75 77 76 80 76 83
0 16 0 22 0 32 0 34 1 9 1 15 1 41 1 42 2 8 2 19 2 24 2 31 3 4 3 18 3 25 3 39 4 8 4 53 4 54 5 13 5 19 5 49 5 50 6 10 6 17 6 26 6 27 7 9 7 22 7 24 7 59 8 65 8 70 9 30 9 47 10 13 10 46 10 67 11 15 11 20 11 28 11 45 12 18 12 21 12 35 12 76 13 48 13 79 14 21 14 23 14 50 14 78 15 72 15 74 16 23 16 54 16 55 17 20 17 38 17 55 18 64 18 75 19 67 19 80 20 69 20 78 21 68 21 83 22 68 22 83 23 40 23 41 24 35 24 49 25 28 25 47 25 52 26 34 26 37 26 47 27 30 27 40 27 46 28 38 28 61 29 33 29 39 29 46 29 62 30 36 30 60 31 35 31 66 31 68 32 43 32 51 32 60 33 42 33 49 33 73 34 62 34 63 35 63 36 41 36 73 36 74 37 40 37 65 37 66 38 43 38 66 39 64 39 82 40 56 41 80 42 77 42 82 43 57 43 76 44 55 44 56 44 62 44 69 45 50 45 52 45 65 46 57 47 60 48 57 48 59 48 72 49 60 50 79 51 55 51 56 51 61 52 67 52 81 53 58 53 74 53 75 54 58 54 82 56 79 57 70 58 70 58 81 59 81 59 82 61 71 61 76 62 74 63 64 63 70 64 68 65 81 66 69 67 71 69 79 71 77 71 78 72 80 72 83 73 77 73 83 75 77 75 78 76 80
0 16 0 22 0 32 0 34 1 9 1 15 1 26 1 41 2 8 2 19 2 25 2 31 3 18 3 21 3 25 3 39 4 8 4 14 4 52 4 54 5 13 5 19 5 24 5 50 6 10 6 17 6 26 6 27 7 9 7 14 7 44 7 59 8 44 8 70 9 30 9 47 10 13 10 46 10 67 11 20 11 22 11 28 11 45 12 18 12 21 12 75 12 76 13 48 13 79 14 48 14 78 15 23 15 72 15 74 16 23 16 54 16 55 17 20 17 38 17 55 18 64 18 75 19 54 19 83 20 69 20 78 21 40 21 83 22 68 22 83 23 41 23 68 24 28 24 35 24 49 25 47 25 52 26 37 26 47 27 30 27 40 27 46 28 38 28 61 29 33 29 39 29 46 29 62 30 36 30 68 31 35 31 61 31 66 32 43 32 51 32 60 33 42 33 49 33 73 34 42 34 62 34 63 35 63 35 77 36 41 36 73 36 74 37 40 37 65 37 66 38 43 38 66 39 64 39 82 40 56 41 80 42 77 42 82 43 76 43 79 44 56 44 62 45 50 45 53 45 68 46 57 47 65 48 57 48 59 49 55 49 60 50 72 50 79 51 55 51 56 51 61 52 81 52 82 53 58 53 74 53 75 54 58 56 79 57 69 57 70 58 70 58 81 59 81 59 82 60 64 60 71 61 76 62 74 63 64 63 70 65 69 65 81 66 69 67 71 67 73 67 80 71 77 71 78 72 80 72 83 73 77 75 78 76 80
0 16 0 23 0 30 0 32 1 9 1 15 1 34 1 41 2 8 2 19 2 25 2 31 3 13 3 18 3 32 3 39 4 8 4 14 4 49 4 54 5 11 5 13 5 24 5 50 6 10 6 17 6 26 6 27 7 9 7 14 7 44 7 59 8 44 8 70 9 30 9 47 10 21 10 46 10 67 11 22 11 28 11 67 12 18 12 21 12 61 12 76 13 48 13 79 14 48 14 78 15 23 15 72 15 74 16 22 16 54 16 65 17 20 17 38 17 55 18 64 18 75 19 20 19 54 19 83 20 69 20 78 21 40 21 69 22 68 22 83 23 43 23 82 24 28 24 35 24 52 25 42 25 47 25 52 26 37 26 42 26 47 27 30 27 40 27 46 28 38 28 61 29 37 29 39 29 46 29 62 30 68 31 35 31 61 31 66 32 51 32 60 33 40 33 43 33 49 33 73 34 36 34 63 34 72 35 77 35 78 36 41 36 73 36 74 37 65 37 66 38 43 38 66 39 64 39 82 40 56 41 79 41 80 42 59 42 82 43 76 44 56 44 62 45 50 45 53 45 68 45 71 46 57 47 65 48 57 48 58 49 55 49 60 50 62 50 79 51 55 51 56 51 61 52 81 52 82 53 59 53 74 53 75 54 58 55 81 56 79 57 70 57 83 58 70 58 71 59 81 60 64 60 71 62 74 63 64 63 70 63 75 65 69 66 69 67 73 67 80 68 77 71 77 72 80 72 83 73 77 75 76 76 80 78 81
0 16 0 23 0 30 0 37 1 9 1 15 1 34 1 41 2 13 2 19 2 25 2 31 3 7 3 8 3 26 3 32 4 8 4 14 4 49 4 54 5 11 5 13 5 24 5 50 6 10 6 17 6 26 6 27 7 9 7 44 7 59 8 61 8 67 9 30 9 45 10 21 10 46 10 62 11 22 11 28 11 67 12 18 12 21 12 51 12 76 13 48 13 79 14 18 14 48 14 78 15 23 15 72 15 74 16 22 16 65 16 81 17 20 17 38 17 55 18 38 18 75 19 20 19 54 19 83 20 57 20 78 21 40 21 69 22 68 22 83 23 43 23 80 24 28 24 35 24 52 25 42 25 52 25 58 26 37 26 47 27 31 27 40 27 46 28 38 28 44 29 32 29 39 29 46 29 62 30 35 30 68 31 61 31 66 32 60 32 63 33 40 33 43 33 49 33 73 34 36 34 61 34 72 35 77 35 78 36 41 36 73 36 74 37 65 37 66 38 43 39 42 39 64 39 82 40 56 41 79 41 82 42 69 42 80 43 76 44 56 44 70 45 50 45 53 45 65 46 57 47 54 47 68 47 71 48 57 48 58 49 55 49 60 50 62 50 79 51 55 51 56 51 61 52 64 52 82 53 59 53 74 53 75 54 66 55 81 56 79 57 83 58 70 58 71 59 70 59 81 60 64 60 71 62 74 63 64 63 70 63 75 65 69 66 69 67 73 67 80 68 77 71 77 72 80 72 83 73 77 75 76 76 82 78 81
0 8 0 15 0 30 0 40 1 9 1 23 1 34 1 41 2 13 2 19 2 25 2 31 3 7 3 8 3 32 3 42 4 14 4 16 4 27 4 49 5 11 5 13 5 24 5 50 6 10 6 17 6 26 6 54 7 9 7 44 7 59 8 61 8 67 9 30 9 45 10 21 10 46 10 62 11 22 11 28 11 71 12 19 12 21 12 51 12 76 13 77 13 78 14 18 14 48 14 78 15 23 15 60 15 74 16 22 16 65 16 81 17 20 17 55 17 66 18 20 18 52 18 75 19 54 19 83 20 57 20 78 21 56 21 83 22 68 22 77 23 80 23 81 24 28 24 35 24 52 25 42 25 52 25 58 26 37 26 39 26 47 27 31 27 40 27 46 28 38 28 44 29 32 29 39 29 46 29 62 30 35 30 68 31 61 31 66 32 60 32 63 33 37 33 43 33 49 33 73 34 36 34 61 34 72 35 48 35 79 36 41 36 73 36 74 37 65 37 80 38 43 38 72 38 82 39 64 39 82 40 56 40 79 41 79 41 82 42 69 42 80 43 59 43 76 44 56 44 70 45 50 45 53 45 65 46 57 47 54 47 67 47 68 48 57 48 58 49 55 49 72 50 62 50 79 51 55 51 56 51 61 52 67 53 59 53 73 53 74 54 66 55 81 57 69 58 70 58 71 59 70 60 64 60 71 62 74 63 64 63 70 63 75 64 80 65 69 66 69 67 75 68 83 71 77 72 83 73 77 75 76 76 82 78 81
0 15 0 20 0 30 0 32 1 9 1 23 1 34 1 41 2 13 2 19 2 25 2 31 3 7 3 8 3 32 3 38 4 14 4 16 4 49 4 55 5 11 5 13 5 24 5 50 6 10 6 17 6 44 6 54 7 9 7 44 7 59 8 17 8 61 8 67 9 30 9 45 10 21 10 46 10 47 11 22 11 64 11 71 12 19 12 21 12 51 12 76 13 33 13 73 14 18 14 48 14 78 15 23 15 60 15 74 16 22 16 52 16 65 17 55 17 64 18 20 18 75 18 81 19 54 19 65 20 57 20 70 21 56 21 83 22 76 22 77 23 59 23 80 24 28 24 35 24 52 25 42 25 52 25 58 26 37 26 42 26 47 26 56 27 31 27 40 27 46 27 49 28 38 28 44 28 63 29 39 29 40 29 46 29 62 30 35 30 68 31 61 31 66 32 60 32 63 33 37 33 43 33 77 34 36 34 61 34 72 35 48 35 79 36 41 36 73 36 74 37 80 37 83 38 72 38 82 39 43 39 66 39 82 40 56 40 79 41 79 41 82 42 69 42 80 43 76 43 81 44 70 45 50 45 53 45 60 46 57 47 54 47 67 48 57 48 58 49 72 49 78 50 62 50 79 51 55 51 56 51 61 52 67 53 59 53 73 53 74 54 66 55 81 57 69 58 71 58 82 59 70 60 64 62 68 62 74 63 70 63 75 64 80 65 69 65 71 66 69 67 75 68 78 68 83 71 77 72 83 73 77 75 76 78 81
0 15 0 20 0 26 0 32 1 9 1 23 1 34 1 41 2 12 2 19 2 25 2 35 3 7 3 8 3 30 3 32 4 14 4 16 4 49 4 55 5 13 5 18 5 44 5 47 6 10 6 17 6 44 6 54 7 9 7 56 7 59 8 17 8 60 8 67 9 30 9 45 10 21 10 46 10 47 11 20 11 22 11 64 11 71 12 21 12 51 12 76 13 19 13 33 13 73 14 18 14 48 14 78 15 23 15 60 15 74 16 22 16 52 16 65 17 55 17 64 18 75 18 81 19 65 19 80 20 57 20 70 21 56 21 79 22 41 22 76 23 59 23 80 24 28 24 43 24 51 24 52 25 34 25 52 25 58 26 42 26 47 26 56 27 31 27 37 27 46 27 49 28 38 28 44 28 63 29 39 29 40 29 46 29 62 30 40 30 68 31 33 31 61 31 66 32 60 32 63 33 37 33 77 34 61 34 72 35 38 35 48 35 63 36 41 36 42 36 73 36 74 37 54 37 83 38 72 38 82 39 43 39 66 39 82 40 56 40 79 41 57 42 69 42 80 43 76 43 81 44 70 45 50 45 57 45 60 46 57 47 67 48 53 48 58 49 72 49 78 50 54 50 62 50 79 51 55 51 61 52 67 53 59 53 73 53 74 54 66 55 81 58 71 58 82 59 70 61 64 62 68 62 74 63 70 64 80 65 69 65 71 66 69 67 75 68 78 68 83 69 83 71 77 72 83 73 77 75 76 75 79 77 82 78 81
0 11 0 20 0 26 0 32 1 16 1 23 1 34 1 41 2 12 2 19 2 25 2 35 3 7 3 8 3 30 3 32 4 9 4 14 4 49 4 55 5 12 5 18 5 47 5 53 6 10 6 17 6 44 6 54 7 9 7 56 7 59 8 17 8 29 8 60 9 30 9 45 10 21 10 46 10 47 11 22 11 64 11 71 12 51 12 76 13 19 13 21 13 33 13 77 14 18 14 48 14 78 15 20 15 23 15 60 15 74 16 22 16 54 16 65 17 64 17 82 18 75 18 81 19 80 19 83 20 57 20 70 21 56 21 79 22 43 22 82 23 59 23 80 24 28 24 42 24 51 24 53 25 30 25 52 25 58 26 35 26 47 26 56 27 31 27 37 27 46 27 49 28 38 28 44 28 63 29 39 29 40 29 62 30 68 31 33 31 61 31 66 32 60 32 63 33 37 33 73 34 40 34 61 34 72 35 63 35 76 36 41 36 43 36 73 36 74 37 54 37 65 38 42 38 52 38 82 39 43 39 55 39 66 40 78 40 79 41 57 41 76 42 69 42 80 43 81 44 59 44 70 45 50 45 57 45 60 46 57 46 67 47 70 48 52 48 58 48 74 49 72 49 78 50 54 50 62 50 79 51 55 51 61 52 67 53 73 53 74 55 81 56 68 58 71 58 76 59 70 61 64 62 68 62 75 63 67 64 80 65 69 65 71 66 69 66 72 67 75 68 83 69 83 71 77 72 83 73 77 75 79 77 82 78 81
0 20 0 23 0 26 0 32 1 11 1 16 1 34 1 41 2 12 2 19 2 25 2 31 3 7 3 8 3 30 3 32 4 9 4 14 4 49 4 55 5 13 5 18 5 53 5 55 6 17 6 18 6 44 6 54 7 9 7 50 7 56 8 17 8 29 8 60 9 30 9 45 10 14 10 21 10 46 10 47 11 22 11 44 11 71 12 21 12 33 12 76 13 19 13 33 13 77 14 48 14 78 15 20 15 23 15 60 15 74 16 22 16 54 16 65 17 66 17 82 18 38 18 75 19 80 19 83 20 57 20 70 21 56 21 79 22 43 22 76 23 77 23 80 24 28 24 42 24 45 24 51 25 35 25 49 25 58 26 42 26 46 26 56 27 31 27 37 27 46 27 52 28 38 28 44 28 63 29 39 29 40 29 62 30 33 30 68 31 61 31 66 32 60 32 61 33 37 34 40 34 49 34 72 35 38 35 63 35 76 36 41 36 43 36 73 36 74 37 54 37 65 38 82 39 43 39 55 39 64 40 78 40 79 41 57 41 76 42 69 42 80 43 81 44 59 45 50 45 60 46 67 47 51 47 57 47 70 48 52 48 58 48 74 49 78 50 62 50 75 51 61 51 73 52 67 52 81 53 57 53 73 53 74 54 59 55 81 56 68 58 71 58 82 59 70 59 71 61 64 62 68 62 79 63 67 63 72 64 70 64 80 65 69 65 71 66 69 66 72 67 75 68 83 69 83 72 83 73 77 75 79 77 82 78 81
0 20 0 23 0 26 0 32 1 11 1 16 1 34 1 41 2 10 2 12 2 25 2 31 3 7 3 8 3 29 3 30 4 9 4 14 4 49 4 55 5 13 5 18 5 25 5 56 6 17 6 18 6 44 6 54 7 9 7 50 7 53 8 17 8 29 8 60 9 30 9 45 10 21 10 30 10 47 11 23 11 64 11 71 12 21 12 33 12 76 13 19 13 75 13 77 14 19 14 48 14 78 15 20 15 22 15 60 15 63 16 22 16 54 16 65 17 53 17 66 18 38 18 75 19 37 19 80 20 57 20 68 21 56 21 59 22 43 22 76 23 76 23 77 24 28 24 42 24 45 24 59 25 35 25 49 26 42 26 46 26 56 27 31 27 37 27 46 27 52 28 38 28 44 28 63 29 40 29 62 30 33 31 66 31 68 32 39 32 60 32 61 33 37 33 79 34 40 34 49 34 72 35 38 35 74 35 76 36 41 36 43 36 73 36 74 37 54 38 82 39 43 39 55 39 64 40 79 40 82 41 71 41 80 42 69 42 80 43 81 44 51 44 62 45 50 45 60 46 67 46 68 47 51 47 57 47 70 48 52 48 58 48 74 49 78 50 62 50 75 51 61 51 73 52 67 52 81 53 57 53 74 54 59 55 58 55 81 56 70 57 79 58 71 58 78 59 70 61 64 61 70 62 79 63 67 63 72 64 80 65 69 65 71 65 82 66 69 66 72 67 75 68 83 69 83 72 83 73 77 73 83 77 82 78 81
