FACTOR_PERMUTATION_V1 12 16 1024 1 0.25
10 0 1 1 1 1 1 1 1 1 1 1 0 0 2 2 2 2 2 2 2 2 2 2 0 1 1 2 2 2 2 2 2 2 2 2
0 10 1 1 1 1 1 1 1 1 1 1 0 0 2 2 2 2 2 2 2 2 2 2 1 0 2 2 1 2 2 2 2 2 2 2
1 1 10 0 1 1 1 1 1 1 1 1 2 2 0 0 2 2 2 2 2 2 2 2 1 2 0 1 2 2 2 2 2 2 2 2
1 1 0 10 1 1 1 1 1 1 1 1 2 2 0 0 2 2 2 2 2 2 2 2 2 2 1 0 2 1 2 2 2 2 2 2
1 1 1 1 10 0 1 1 1 1 1 1 2 2 2 2 0 1 1 2 2 2 2 2 2 1 2 2 0 1 2 2 2 2 2 2
1 1 1 1 0 10 1 1 1 1 1 1 2 2 2 2 1 0 2 1 2 2 2 2 2 2 2 1 1 0 2 2 2 2 2 2
1 1 1 1 1 1 10 0 1 1 1 1 2 2 2 2 1 2 0 1 2 2 2 2 2 2 2 2 2 2 0 1 1 2 2 2
1 1 1 1 1 1 0 10 1 1 1 1 2 2 2 2 2 1 1 0 2 2 2 2 2 2 2 2 2 2 1 0 2 1 2 2
1 1 1 1 1 1 1 1 10 0 1 1 2 2 2 2 2 2 2 2 0 1 1 2 2 2 2 2 2 2 1 2 0 1 2 2
1 1 1 1 1 1 1 1 0 10 1 1 2 2 2 2 2 2 2 2 1 0 2 1 2 2 2 2 2 2 2 1 1 0 2 2
1 1 1 1 1 1 1 1 1 1 10 0 2 2 2 2 2 2 2 2 1 2 0 1 2 2 2 2 2 2 2 2 2 2 0 0
1 1 1 1 1 1 1 1 1 1 0 10 2 2 2 2 2 2 2 2 2 1 1 0 2 2 2 2 2 2 2 2 2 2 0 0
0 0 2 2 2 2 2 2 2 2 2 2 10 0 1 1 1 1 1 1 1 1 1 1 0 1 1 2 2 2 2 2 2 2 2 2
0 0 2 2 2 2 2 2 2 2 2 2 0 10 1 1 1 1 1 1 1 1 1 1 1 0 2 2 1 2 2 2 2 2 2 2
2 2 0 0 2 2 2 2 2 2 2 2 1 1 10 0 1 1 1 1 1 1 1 1 1 2 0 1 2 2 2 2 2 2 2 2
2 2 0 0 2 2 2 2 2 2 2 2 1 1 0 10 1 1 1 1 1 1 1 1 2 2 1 0 2 1 2 2 2 2 2 2
2 2 2 2 0 1 1 2 2 2 2 2 1 1 1 1 10 1 0 1 1 1 1 1 2 1 2 2 0 2 1 2 2 2 2 2
2 2 2 2 1 0 2 1 2 2 2 2 1 1 1 1 1 10 1 0 1 1 1 1 2 2 2 1 2 0 2 1 2 2 2 2
2 2 2 2 1 2 0 1 2 2 2 2 1 1 1 1 0 1 10 1 1 1 1 1 2 2 2 2 1 2 0 2 1 2 2 2
2 2 2 2 2 1 1 0 2 2 2 2 1 1 1 1 1 0 1 10 1 1 1 1 2 2 2 2 2 1 2 0 2 1 2 2
2 2 2 2 2 2 2 2 0 1 1 2 1 1 1 1 1 1 1 1 10 1 0 1 2 2 2 2 2 2 1 2 0 2 1 2
2 2 2 2 2 2 2 2 1 0 2 1 1 1 1 1 1 1 1 1 1 10 1 0 2 2 2 2 2 2 2 1 2 0 2 1
2 2 2 2 2 2 2 2 1 2 0 1 1 1 1 1 1 1 1 1 0 1 10 1 2 2 2 2 2 2 2 2 1 2 0 1
2 2 2 2 2 2 2 2 2 1 1 0 1 1 1 1 1 1 1 1 1 0 1 10 2 2 2 2 2 2 2 2 2 1 1 0
0 1 1 2 2 2 2 2 2 2 2 2 0 1 1 2 2 2 2 2 2 2 2 2 10 1 0 1 1 1 1 1 1 1 1 1
1 0 2 2 1 2 2 2 2 2 2 2 1 0 2 2 1 2 2 2 2 2 2 2 1 10 1 1 0 1 1 1 1 1 1 1
1 2 0 1 2 2 2 2 2 2 2 2 1 2 0 1 2 2 2 2 2 2 2 2 0 1 10 1 1 1 1 1 1 1 1 1
2 2 1 0 2 1 2 2 2 2 2 2 2 2 1 0 2 1 2 2 2 2 2 2 1 1 1 10 1 0 1 1 1 1 1 1
2 1 2 2 0 1 2 2 2 2 2 2 2 1 2 2 0 2 1 2 2 2 2 2 1 0 1 1 10 1 1 1 1 1 1 1
2 2 2 1 1 0 2 2 2 2 2 2 2 2 2 1 2 0 2 1 2 2 2 2 1 1 1 0 1 10 1 1 1 1 1 1
2 2 2 2 2 2 0 1 1 2 2 2 2 2 2 2 1 2 0 2 1 2 2 2 1 1 1 1 1 1 10 1 0 1 1 1
2 2 2 2 2 2 1 0 2 1 2 2 2 2 2 2 2 1 2 0 2 1 2 2 1 1 1 1 1 1 1 10 1 0 1 1
2 2 2 2 2 2 1 2 0 1 2 2 2 2 2 2 2 2 1 2 0 2 1 2 1 1 1 1 1 1 0 1 10 1 1 1
2 2 2 2 2 2 2 1 1 0 2 2 2 2 2 2 2 2 2 1 2 0 2 1 1 1 1 1 1 1 1 0 1 10 1 1
2 2 2 2 2 2 2 2 2 2 0 0 2 2 2 2 2 2 2 2 1 2 0 1 1 1 1 1 1 1 1 1 1 1 10 0
2 2 2 2 2 2 2 2 2 2 0 0 2 2 2 2 2 2 2 2 2 1 1 0 1 1 1 1 1 1 1 1 1 1 0 10
0 2
0 3
0 4
0 5
0 6
0 7
0 8
0 9
0 10
0 11
1 2
1 3
1 4
1 5
1 6
1 7
1 8
1 9
1 10
1 11
2 4
2 5
2 6
2 7
2 8
2 9
2 10
2 11
3 4
3 5
3 6
3 7
3 8
3 9
3 10
3 11
4 6
4 7
4 8
4 9
4 10
4 11
5 6
5 7
5 8
5 9
5 10
5 11
6 8
6 9
6 10
6 11
7 8
7 9
7 10
7 11
8 10
8 11
9 10
9 11
0 2
0 3
0 4
0 5
0 6
0 7
0 8
0 9
0 10
0 11
1 2
1 3
1 4
1 5
1 6
1 7
1 8
1 9
1 10
1 11
2 4
2 5
2 6
2 7
2 8
2 9
2 10
2 11
3 4
3 5
3 6
3 7
3 8
3 9
3 10
3 11
4 5
4 7
4 8
4 9
4 10
4 11
5 6
5 8
5 9
5 10
5 11
6 7
6 8
6 9
6 10
6 11
7 8
7 9
7 10
7 11
8 9
8 11
9 10
10 11
0 1
0 3
0 4
0 5
0 6
0 7
0 8
0 9
0 10
0 11
1 2
1 3
1 5
1 6
1 7
1 8
1 9
1 10
1 11
2 3
2 4
2 5
2 6
2 7
2 8
2 9
2 10
2 11
3 4
3 6
3 7
3 8
3 9
3 10
3 11
4 5
4 6
4 7
4 8
4 9
4 10
4 11
5 6
5 7
5 8
5 9
5 10
5 11
6 7
6 9
6 10
6 11
7 8
7 10
7 11
8 9
8 10
8 11
9 10
9 11
5855103687448577065 10240
41 46 30 52 8 26 42 22 44 32 19 23 34 51 20 56 21 53 48 40 55 17 45 49 54 4 37 43 58 6 9 12 50 38 14 31 5 24 0 13 7 16 33 18 28 59 27 47 57 11 36 25 35 29 1 39 10 2 15 3
49 39 57 40 45 11 34 37 24 21 44 56 7 53 27 28 50 47 32 48 1 51 41 46 38 20 43 58 22 5 52 26 12 18 42 25 29 3 59 23 17 54 14 55 8 19 16 0 10 33 6 2 9 13 36 31 30 35 4 15
41 46 30 52 8 26 42 22 44 32 19 23 34 51 20 56 21 53 48 40 55 17 45 49 54 4 37 43 58 6 9 12 50 38 14 31 5 24 0 13 7 16 33 18 28 59 27 47 57 11 36 25 35 29 1 39 10 2 15 3
49 39 57 40 45 11 34 37 24 21 44 56 7 23 27 28 50 47 32 48 1 51 41 46 38 20 43 58 22 5 52 26 12 18 42 25 29 3 59 53 17 54 14 55 8 19 16 0 10 33 6 2 9 13 36 31 30 35 4 15
7033955629749684962 10240
48 23 34 28 59 56 38 55 13 25 54 12 51 46 44 32 33 50 24 37 53 6 21 19 18 41 49 4 52 8 57 39 42 45 7 47 17 20 27 3 35 16 58 14 15 30 22 9 31 10 2 29 0 26 5 43 36 1 11 40
33 59 5 13 45 3 25 28 31 36 15 30 26 50 7 20 47 48 57 21 38 54 41 24 42 4 43 58 14 39 35 56 10 9 22 2 17 44 1 27 16 49 19 18 8 6 32 52 51 23 0 55 40 12 29 11 37 53 46 34
48 23 34 41 50 56 38 55 13 25 54 12 59 21 44 32 33 51 24 37 17 6 46 19 18 28 22 4 52 8 57 39 42 45 7 47 53 20 27 3 35 16 58 14 15 30 49 9 31 10 2 1 0 26 5 43 36 29 11 40
33 59 5 13 58 3 25 28 38 36 15 30 26 50 7 20 47 48 57 21 31 54 41 24 42 0 43 45 14 39 35 56 10 4 22 2 17 55 1 27 16 49 19 18 8 6 32 52 51 23 9 44 40 12 29 11 37 53 46 34
11527444285492460122 10240
54 55 18 28 7 59 21 30 56 20 8 44 57 22 27 38 31 37 15 1 17 6 23 46 49 2 48 36 4 40 3 58 51 24 13 16 10 25 42 34 29 52 35 32 26 9 53 14 33 43 41 45 11 19 0 39 12 5 47 50
34 17 22 23 31 2 40 14 36 47 42 27 25 6 30 33 12 56 59 52 53 18 50 15 43 37 11 49 46 55 9 28 4 7 48 35 57 13 32 0 38 5 39 51 54 29 24 58 8 21 10 16 26 44 45 3 1 20 41 19
54 55 18 28 7 59 21 30 56 20 8 44 57 22 27 38 31 37 15 1 17 6 23 46 49 2 48 36 4 40 3 58 51 24 13 16 10 25 42 34 29 52 35 32 26 9 53 14 33 43 41 45 11 19 0 39 12 5 47 50
59 17 22 23 31 2 40 14 36 47 42 27 25 6 30 33 12 56 34 52 53 18 50 15 43 37 11 49 46 55 9 28 4 7 48 35 57 13 32 0 38 5 39 51 54 29 24 58 8 21 10 16 26 44 45 3 1 20 41 19
10705229413474785174 10240
37 46 10 48 54 35 42 25 33 38 43 51 34 40 56 21 27 22 55 28 53 4 41 49 45 18 29 16 9 32 58 8 36 15 14 47 0 57 17 30 23 1 19 12 52 59 7 44 11 6 13 24 5 39 50 26 20 31 2 3
44 28 54 58 32 10 26 38 42 23 39 43 52 19 27 51 53 33 6 49 50 48 40 15 9 47 16 30 55 57 8 46 14 22 7 18 59 3 21 1 29 17 25 56 0 13 37 4 36 35 31 12 11 34 20 2 45 41 5 24
37 46 10 48 54 35 42 25 33 38 43 51 34 40 56 21 27 22 55 28 53 4 41 49 45 18 29 16 9 32 58 8 36 15 14 47 0 57 17 30 23 1 19 12 52 59 7 44 11 6 13 24 5 39 50 26 20 31 2 3
44 28 54 58 32 10 26 38 42 23 39 43 52 19 27 51 53 33 6 49 50 48 40 15 9 47 16 30 55 57 8 46 14 22 7 18 59 3 21 1 29 17 25 56 0 13 37 4 36 35 31 12 11 34 20 2 45 41 5 24
4787555511385008233 10240
42 56 54 18 2 34 23 35 25 38 59 52 29 24 31 44 4 50 37 36 6 12 33 39 13 47 51 8 17 9 46 45 55 20 3 30 19 22 57 5 53 26 58 41 28 1 48 49 14 43 10 0 7 27 32 16 11 21 40 15
37 14 7 10 56 51 41 50 44 45 36 33 31 59 25 47 23 46 30 24 54 49 17 9 58 18 15 12 26 57 2 55 21 48 4 39 29 8 3 42 16 52 5 53 0 40 1 22 34 27 35 32 28 11 20 38 43 13 19 6
42 56 54 18 2 34 23 35 25 38 59 52 33 24 31 44 4 50 37 36 6 12 29 39 13 47 51 8 17 9 46 45 55 20 3 30 19 22 57 5 53 26 58 41 28 1 48 49 14 43 10 0 7 27 32 16 11 21 40 15
37 14 39 10 56 51 41 50 44 45 36 33 31 59 25 47 23 46 29 24 54 49 17 9 58 18 15 12 26 57 2 55 21 48 4 7 30 8 3 42 16 52 5 53 0 40 1 22 34 27 35 32 28 11 20 38 43 13 19 6
18062384047702684992 10240
40 51 29 25 49 45 47 16 33 38 11 58 57 30 23 52 27 50 36 44 56 48 9 39 46 15 55 4 26 6 43 12 42 41 13 5 24 7 17 31 8 14 18 59 1 0 53 20 28 3 35 54 10 2 22 32 37 19 21 34
14 16 8 54 33 24 41 43 42 32 57 35 0 25 46 19 23 1 55 36 20 5 44 9 53 50 28 45 13 40 27 48 18 6 7 52 49 34 56 51 30 21 59 22 4 47 10 31 12 11 37 2 39 26 17 15 3 29 38 58
40 51 29 25 49 45 47 16 33 38 11 58 57 30 23 52 27 50 36 44 56 48 9 39 46 15 55 4 26 6 43 12 42 41 13 5 24 7 17 31 8 14 18 59 1 0 53 20 28 3 35 54 10 2 22 32 37 19 21 34
14 45 8 54 33 24 41 43 42 32 57 35 0 25 46 19 23 1 55 36 20 5 44 9 53 50 28 16 13 40 27 48 18 6 7 52 49 34 56 51 30 21 59 22 4 47 10 31 12 11 37 2 39 26 17 15 3 29 38 58
779451368897439256 10240
53 47 42 32 21 28 10 41 26 24 56 39 50 5 33 27 22 45 46 38 54 20 4 16 3 36 1 19 8 13 43 7 12 30 15 51 52 35 57 23 11 17 34 9 55 18 49 25 59 14 44 2 58 0 48 40 37 29 6 31
38 13 24 59 58 1 53 43 45 28 42 56 32 33 10 41 47 22 6 5 8 14 46 25 39 18 37 31 9 57 2 12 26 40 49 23 27 50 11 44 48 35 15 21 36 20 7 4 3 34 30 51 54 29 17 55 19 16 52 0
53 47 42 32 21 28 10 41 26 24 56 39 50 5 33 27 22 45 46 38 54 20 4 16 3 36 1 19 8 13 43 7 12 30 15 51 52 35 57 23 11 17 34 9 55 18 49 25 59 14 44 2 58 0 48 40 37 29 6 31
38 13 24 59 58 1 53 43 45 28 42 56 32 33 10 41 47 22 6 5 8 14 46 25 39 18 37 31 9 57 2 12 26 40 49 23 27 50 11 44 48 35 15 21 36 20 7 4 3 34 30 51 54 29 17 55 19 16 52 0
11565262611456121155 10240
39 46 8 10 53 43 41 22 32 31 55 4 49 59 21 38 29 34 37 56 16 30 6 40 42 18 44 9 17 57 7 45 12 52 20 54 35 27 26 24 47 28 58 33 23 2 3 48 5 1 19 13 50 15 25 14 11 0 51 36
12 31 55 57 14 47 33 45 37 22 56 43 19 23 58 25 4 42 34 6 51 54 28 3 15 39 8 48 50 16 27 41 46 9 52 13 44 0 30 53 11 7 1 38 40 29 49 26 59 17 21 5 18 24 36 32 10 35 2 20
39 46 8 10 24 43 41 22 32 31 55 4 49 59 21 38 29 34 37 56 16 30 6 40 42 18 44 9 17 57 7 45 12 52 20 54 35 27 26 53 47 28 58 33 23 2 3 48 5 1 19 13 50 15 25 14 11 0 51 36
12 31 55 57 14 47 33 45 37 22 56 43 19 23 58 25 4 42 34 6 51 54 28 3 15 39 8 48 50 16 27 41 46 9 52 13 44 0 30 53 11 7 1 38 40 29 49 26 59 17 21 5 18 24 36 32 10 35 2 20
16262772449429779210 10240
32 22 46 34 56 50 55 36 53 6 44 41 37 33 57 28 47 26 21 4 16 9 58 5 59 42 12 23 45 7 8 38 51 52 13 18 54 17 0 49 35 43 27 24 15 14 48 40 29 2 10 11 3 19 30 25 39 20 1 31
59 54 7 40 11 21 19 56 36 12 9 16 43 6 20 50 55 29 58 31 33 52 5 17 42 37 49 38 15 22 39 57 46 2 28 14 34 24 13 26 51 48 53 32 27 18 3 25 10 47 44 45 41 1 0 35 30 8 23 4
32 22 46 34 56 50 55 36 53 6 44 41 37 33 57 28 47 26 21 4 16 9 58 5 59 42 12 23 45 7 8 38 51 52 13 18 54 17 0 49 35 43 27 24 15 14 48 40 29 2 10 11 3 19 30 25 39 20 1 31
59 54 7 40 11 21 19 56 36 12 9 16 43 6 20 50 55 29 58 31 33 52 5 17 42 37 49 38 15 22 39 57 46 2 28 14 34 24 13 26 51 48 53 32 27 18 3 25 10 47 44 45 41 1 0 35 30 8 23 4
5520488205033140841 10240
13 50 33 36 59 25 29 47 57 22 39 12 30 54 8 48 20 27 44 52 51 6 15 58 40 3 41 38 24 56 2 17 46 37 4 55 18 10 49 0 31 7 32 9 19 34 14 26 35 42 23 21 1 16 43 28 53 5 11 45
51 5 50 55 28 56 39 34 43 35 54 24 17 27 32 45 46 22 31 4 44 40 58 12 13 41 7 1 59 10 47 36 8 33 16 38 25 9 19 37 48 52 6 29 30 0 53 49 18 26 15 14 57 11 20 23 2 21 42 3
13 50 33 36 59 25 29 47 57 38 39 12 30 54 8 48 20 27 44 52 51 6 15 58 40 3 41 22 24 56 2 17 46 37 4 55 18 45 49 0 31 7 32 9 19 34 14 26 35 42 23 21 1 16 43 28 53 5 10 11
51 5 50 55 35 56 39 34 43 28 54 24 17 27 32 45 46 22 31 48 52 40 58 12 13 41 7 1 59 10 47 36 8 33 16 38 25 9 19 37 4 44 6 29 30 0 53 49 18 26 15 14 57 11 20 23 2 21 42 3
15526757029772681952 10240
34 6 10 27 29 50 36 55 39 53 40 46 58 30 24 25 52 42 35 28 57 17 7 20 51 3 15 4 9 56 41 44 14 8 37 54 5 11 31 43 49 21 45 1 26 18 38 47 33 19 0 16 59 12 48 32 13 2 23 22
35 40 59 30 16 47 50 8 24 29 54 22 19 56 32 38 45 33 13 5 42 58 11 17 0 37 31 55 52 9 34 2 23 49 7 12 26 53 57 18 43 6 15 51 14 4 25 41 3 20 46 48 39 44 1 10 27 28 36 21
34 6 10 27 29 50 36 55 39 53 40 46 58 30 24 25 52 42 35 28 57 17 7 20 51 3 15 4 9 56 41 44 14 8 37 54 5 11 31 43 49 21 45 1 26 18 38 47 33 19 0 16 59 12 48 32 13 2 23 22
35 40 59 30 16 47 50 8 15 29 54 22 19 56 32 38 45 33 13 5 42 58 11 17 0 37 31 55 52 9 34 2 23 49 7 12 26 53 57 18 43 6 24 51 14 4 25 41 3 20 46 48 39 44 1 10 27 28 36 21
4981420289664720843 10240
41 8 26 52 44 46 30 40 22 48 6 25 31 21 27 50 53 35 47 39 51 4 54 17 58 37 33 13 56 12 57 45 3 42 55 15 18 28 9 5 43 14 7 11 59 49 23 32 10 1 2 36 16 24 38 0 29 20 19 34
22 54 55 40 50 12 39 44 16 30 59 42 26 51 37 1 3 43 27 31 8 52 11 58 35 41 48 24 10 5 38 36 33 17 6 49 23 57 29 4 32 47 18 56 25 19 15 0 34 45 46 7 14 9 21 20 2 53 28 13
41 8 26 52 44 35 30 40 22 48 6 24 31 21 27 50 53 46 47 39 51 4 54 17 58 37 33 13 56 12 57 45 3 42 55 15 18 28 9 5 43 14 7 11 59 49 23 32 10 1 2 36 16 25 38 0 29 20 19 34
22 54 55 40 50 12 39 44 16 30 59 42 26 51 37 1 3 43 27 31 8 52 11 58 35 41 48 24 10 5 38 36 33 17 6 49 23 57 29 4 32 47 18 56 25 19 15 0 34 45 46 7 14 9 21 20 2 53 28 13
12235466480852506536 10240
55 44 54 9 21 58 48 28 32 30 17 31 57 8 27 36 29 22 53 50 39 41 42 43 26 34 47 6 13 49 52 59 4 5 12 38 1 24 35 10 7 45 33 11 16 56 20 23 37 40 18 0 2 19 51 15 46 25 3 14
39 22 11 31 41 3 54 50 43 15 34 40 19 58 48 38 7 47 44 23 4 5 33 17 12 57 25 42 59 56 6 35 37 51 30 16 26 8 53 52 14 24 18 49 9 20 55 13 21 32 36 45 27 10 0 1 29 28 2 46
55 44 54 9 21 58 48 28 32 30 17 31 57 8 27 36 29 22 53 50 39 41 42 43 26 34 47 6 13 49 52 59 4 5 12 38 1 24 35 10 7 45 33 11 16 56 20 23 37 40 18 0 2 19 51 15 46 25 3 14
39 22 11 31 41 3 54 50 43 15 44 40 34 58 48 38 7 47 19 23 4 5 33 17 12 57 25 42 59 56 6 35 37 51 30 16 45 26 53 52 14 24 18 49 9 20 55 13 21 32 36 8 27 10 0 1 29 28 2 46
1075353850789675023 10240
52 45 17 22 27 38 43 40 49 53 46 36 31 56 35 25 12 21 7 50 54 57 33 9 47 14 58 42 19 4 44 39 41 6 15 34 20 32 51 3 48 0 18 11 26 55 1 37 5 30 24 16 8 59 13 2 10 29 28 23
41 39 22 43 38 46 37 31 11 4 33 49 57 56 45 35 53 27 28 23 8 48 14 55 32 47 42 15 17 54 26 9 1 21 52 44 59 29 3 6 25 30 34 2 16 13 58 20 19 40 0 7 51 10 24 12 36 18 5 50
52 45 19 22 27 38 29 40 49 53 46 36 31 56 35 25 12 21 7 50 54 57 33 9 47 14 58 42 17 4 44 39 41 6 15 34 20 32 51 3 48 0 18 11 26 55 1 37 5 30 24 16 8 59 13 2 10 43 28 23
41 39 22 43 38 46 37 31 11 4 33 49 57 56 45 35 53 27 28 23 8 48 14 55 32 47 42 15 17 54 26 9 1 21 52 44 59 29 3 6 25 30 34 2 16 13 58 20 19 40 0 7 51 10 24 12 36 18 5 50
2001763098249266327 10240
47 7 58 57 27 32 21 37 20 34 49 12 22 26 35 2 52 29 55 40 46 31 39 59 18 6 38 14 9 50 19 44 36 54 48 24 8 28 15 23 13 43 16 17 41 4 0 53 30 3 45 56 51 10 25 5 33 1 11 42
54 49 43 30 2 25 57 56 11 36 38 58 26 48 55 31 34 51 21 23 4 50 45 15 39 53 41 29 33 18 37 40 5 0 3 24 47 9 22 28 52 16 17 27 42 19 7 6 8 10 32 1 12 46 13 35 20 14 44 59
47 7 58 57 27 32 21 37 20 34 49 12 22 26 35 2 52 29 55 40 46 31 39 59 18 6 38 14 9 50 19 44 36 54 48 24 8 28 15 23 13 43 16 17 41 4 0 53 30 3 45 56 51 10 25 5 33 1 11 42
54 49 43 30 2 25 57 56 11 36 38 58 26 48 55 31 34 51 21 23 4 50 45 15 39 53 41 29 33 18 37 40 5 0 3 24 47 9 22 28 52 16 17 27 42 19 7 6 8 10 32 1 12 46 13 35 20 14 44 59
9508467502120466408 10240
54 53 34 47 35 24 14 40 41 21 36 59 52 9 11 49 20 31 56 42 25 3 57 48 17 26 12 5 1 18 16 33 43 51 7 50 45 19 55 15 22 6 27 58 30 46 39 32 44 4 8 37 2 0 29 10 23 28 13 38
45 56 57 51 40 54 46 20 14 28 59 29 19 48 23 10 50 47 35 6 42 53 3 33 18 17 55 38 58 5 41 9 0 37 21 25 39 24 30 8 52 49 16 36 7 27 31 15 26 11 1 12 34 44 13 32 2 43 22 4
54 53 34 47 35 24 14 40 33 21 36 59 52 9 11 49 20 31 56 42 25 3 57 48 17 26 12 5 1 18 16 41 43 51 7 50 45 19 55 15 22 6 27 58 30 46 39 32 44 4 8 37 2 0 29 10 23 28 13 38
45 56 57 51 40 54 46 20 14 28 59 29 19 48 23 10 50 47 35 6 42 53 3 33 18 17 55 38 58 5 41 9 0 37 21 25 39 24 30 8 52 49 16 36 7 27 31 15 26 11 1 12 34 44 13 32 2 43 22 4
