FACTOR_PERMUTATION_V1 12 16 1024 1 0.25
10 0 1 1 1 1 1 1 1 1 1 1 0 0 2 2 2 2 2 2 2 2 2 2 0 1 1 2 2 2 2 2 2 2 2 2
0 10 1 1 1 1 1 1 1 1 1 1 0 0 2 2 2 2 2 2 2 2 2 2 1 0 2 2 1 2 2 2 2 2 2 2
1 1 10 0 1 1 1 1 1 1 1 1 2 2 0 0 2 2 2 2 2 2 2 2 1 2 0 1 2 2 2 2 2 2 2 2
1 1 0 10 1 1 1 1 1 1 1 1 2 2 0 0 2 2 2 2 2 2 2 2 2 2 1 0 2 1 2 2 2 2 2 2
1 1 1 1 10 0 1 1 1 1 1 1 2 2 2 2 0 1 1 2 2 2 2 2 2 1 2 2 0 1 2 2 2 2 2 2
1 1 1 1 0 10 1 1 1 1 1 1 2 2 2 2 1 0 2 1 2 2 2 2 2 2 2 1 1 0 2 2 2 2 2 2
1 1 1 1 1 1 10 0 1 1 1 1 2 2 2 2 1 2 0 1 2 2 2 2 2 2 2 2 2 2 0 1 1 2 2 2
1 1 1 1 1 1 0 10 1 1 1 1 2 2 2 2 2 1 1 0 2 2 2 2 2 2 2 2 2 2 1 0 2 1 2 2
1 1 1 1 1 1 1 1 10 0 1 1 2 2 2 2 2 2 2 2 0 1 1 2 2 2 2 2 2 2 1 2 0 1 2 2
1 1 1 1 1 1 1 1 0 10 1 1 2 2 2 2 2 2 2 2 1 0 2 1 2 2 2 2 2 2 2 1 1 0 2 2
1 1 1 1 1 1 1 1 1 1 10 0 2 2 2 2 2 2 2 2 1 2 0 1 2 2 2 2 2 2 2 2 2 2 0 0
1 1 1 1 1 1 1 1 1 1 0 10 2 2 2 2 2 2 2 2 2 1 1 0 2 2 2 2 2 2 2 2 2 2 0 0
0 0 2 2 2 2 2 2 2 2 2 2 10 0 1 1 1 1 1 1 1 1 1 1 0 1 1 2 2 2 2 2 2 2 2 2
0 0 2 2 2 2 2 2 2 2 2 2 0 10 1 1 1 1 1 1 1 1 1 1 1 0 2 2 1 2 2 2 2 2 2 2
2 2 0 0 2 2 2 2 2 2 2 2 1 1 10 0 1 1 1 1 1 1 1 1 1 2 0 1 2 2 2 2 2 2 2 2
2 2 0 0 2 2 2 2 2 2 2 2 1 1 0 10 1 1 1 1 1 1 1 1 2 2 1 0 2 1 2 2 2 2 2 2
2 2 2 2 0 1 1 2 2 2 2 2 1 1 1 1 10 1 0 1 1 1 1 1 2 1 2 2 0 2 1 2 2 2 2 2
2 2 2 2 1 0 2 1 2 2 2 2 1 1 1 1 1 10 1 0 1 1 1 1 2 2 2 1 2 0 2 1 2 2 2 2
2 2 2 2 1 2 0 1 2 2 2 2 1 1 1 1 0 1 10 1 1 1 1 1 2 2 2 2 1 2 0 2 1 2 2 2
2 2 2 2 2 1 1 0 2 2 2 2 1 1 1 1 1 0 1 10 1 1 1 1 2 2 2 2 2 1 2 0 2 1 2 2
2 2 2 2 2 2 2 2 0 1 1 2 1 1 1 1 1 1 1 1 10 1 0 1 2 2 2 2 2 2 1 2 0 2 1 2
2 2 2 2 2 2 2 2 1 0 2 1 1 1 1 1 1 1 1 1 1 10 1 0 2 2 2 2 2 2 2 1 2 0 2 1
2 2 2 2 2 2 2 2 1 2 0 1 1 1 1 1 1 1 1 1 0 1 10 1 2 2 2 2 2 2 2 2 1 2 0 1
2 2 2 2 2 2 2 2 2 1 1 0 1 1 1 1 1 1 1 1 1 0 1 10 2 2 2 2 2 2 2 2 2 1 1 0
0 1 1 2 2 2 2 2 2 2 2 2 0 1 1 2 2 2 2 2 2 2 2 2 10 1 0 1 1 1 1 1 1 1 1 1
1 0 2 2 1 2 2 2 2 2 2 2 1 0 2 2 1 2 2 2 2 2 2 2 1 10 1 1 0 1 1 1 1 1 1 1
1 2 0 1 2 2 2 2 2 2 2 2 1 2 0 1 2 2 2 2 2 2 2 2 0 1 10 1 1 1 1 1 1 1 1 1
2 2 1 0 2 1 2 2 2 2 2 2 2 2 1 0 2 1 2 2 2 2 2 2 1 1 1 10 1 0 1 1 1 1 1 1
2 1 2 2 0 1 2 2 2 2 2 2 2 1 2 2 0 2 1 2 2 2 2 2 1 0 1 1 10 1 1 1 1 1 1 1
2 2 2 1 1 0 2 2 2 2 2 2 2 2 2 1 2 0 2 1 2 2 2 2 1 1 1 0 1 10 1 1 1 1 1 1
2 2 2 2 2 2 0 1 1 2 2 2 2 2 2 2 1 2 0 2 1 2 2 2 1 1 1 1 1 1 10 1 0 1 1 1
2 2 2 2 2 2 1 0 2 1 2 2 2 2 2 2 2 1 2 0 2 1 2 2 1 1 1 1 1 1 1 10 1 0 1 1
2 2 2 2 2 2 1 2 0 1 2 2 2 2 2 2 2 2 1 2 0 2 1 2 1 1 1 1 1 1 0 1 10 1 1 1
2 2 2 2 2 2 2 1 1 0 2 2 2 2 2 2 2 2 2 1 2 0 2 1 1 1 1 1 1 1 1 0 1 10 1 1
2 2 2 2 2 2 2 2 2 2 0 0 2 2 2 2 2 2 2 2 1 2 0 1 1 1 1 1 1 1 1 1 1 1 10 0
2 2 2 2 2 2 2 2 2 2 0 0 2 2 2 2 2 2 2 2 2 1 1 0 1 1 1 1 1 1 1 1 1 1 0 10
0 2
0 3
0 4
0 5
0 6
0 7
0 8
0 9
0 10
0 11
1 2
1 3
1 4
1 5
1 6
1 7
1 8
1 9
1 10
1 11
2 4
2 5
2 6
2 7
2 8
2 9
2 10
2 11
3 4
3 5
3 6
3 7
3 8
3 9
3 10
3 11
4 6
4 7
4 8
4 9
4 10
4 11
5 6
5 7
5 8
5 9
5 10
5 11
6 8
6 9
6 10
6 11
7 8
7 9
7 10
7 11
8 10
8 11
9 10
9 11
0 2
0 3
0 4
0 5
0 6
0 7
0 8
0 9
0 10
0 11
1 2
1 3
1 4
1 5
1 6
1 7
1 8
1 9
1 10
1 11
2 4
2 5
2 6
2 7
2 8
2 9
2 10
2 11
3 4
3 5
3 6
3 7
3 8
3 9
3 10
3 11
4 5
4 7
4 8
4 9
4 10
4 11
5 6
5 8
5 9
5 10
5 11
6 7
6 8
6 9
6 10
6 11
7 8
7 9
7 10
7 11
8 9
8 11
9 10
10 11
0 1
0 3
0 4
0 5
0 6
0 7
0 8
0 9
0 10
0 11
1 2
1 3
1 5
1 6
1 7
1 8
1 9
1 10
1 11
2 3
2 4
2 5
2 6
2 7
2 8
2 9
2 10
2 11
3 4
3 6
3 7
3 8
3 9
3 10
3 11
4 5
4 6
4 7
4 8
4 9
4 10
4 11
5 6
5 7
5 8
5 9
5 10
5 11
6 7
6 9
6 10
6 11
7 8
7 10
7 11
8 9
8 10
8 11
9 10
9 11
1185262812294444016 9216
41 46 30 52 8 26 42 22 44 32 19 23 34 51 15 56 21 53 48 40 55 17 45 49 54 4 37 43 58 6 3 12 50 38 14 31 5 24 0 9 7 16 33 18 28 59 27 47 57 11 36 25 35 29 1 2 39 10 20 13
49 39 57 40 45 11 34 37 24 3 44 56 7 23 27 28 50 47 32 48 1 51 41 46 38 20 43 58 22 5 52 26 12 18 4 25 29 54 59 53 17 21 14 55 8 19 16 0 10 33 6 2 9 13 36 31 30 35 42 15
41 46 30 52 8 26 42 22 44 32 19 23 34 29 57 56 21 53 48 40 55 17 10 49 54 4 31 43 58 6 45 12 50 38 14 37 5 24 0 35 7 16 33 18 28 59 27 47 51 15 36 25 1 13 9 2 39 11 20 3
49 39 57 40 45 11 34 5 24 48 44 56 4 23 27 28 50 47 32 54 1 51 37 46 38 20 16 58 22 52 41 26 43 18 7 25 29 3 59 53 17 21 15 55 8 19 12 0 10 33 6 2 9 13 36 31 30 35 42 14
1906819817746653067 9216
48 23 34 28 59 56 38 55 13 25 54 12 51 46 44 32 33 50 24 37 17 6 21 19 18 41 49 4 52 8 57 39 42 45 7 47 53 20 27 3 35 16 58 14 15 30 22 9 31 10 2 1 0 26 5 43 36 29 11 40
33 59 5 13 45 3 25 28 31 36 15 30 26 50 7 20 47 48 57 21 38 54 41 24 42 4 43 58 14 39 35 56 10 9 22 2 17 44 1 27 16 49 19 18 8 6 32 52 51 23 0 55 40 12 29 11 37 53 46 34
48 23 34 41 50 56 38 55 13 25 54 12 59 21 44 32 33 51 24 37 17 6 46 19 18 28 22 4 52 8 57 39 42 45 7 47 53 20 27 3 35 16 58 14 15 30 49 9 31 10 2 1 0 26 5 43 36 29 11 40
33 59 5 13 58 3 25 28 38 36 15 30 26 50 7 20 47 48 57 21 31 54 41 24 42 0 43 45 14 39 35 56 10 4 22 2 17 55 1 27 16 49 19 18 8 6 32 52 51 23 9 44 40 12 29 11 37 53 46 34
808509776111395190 9216
42 31 18 28 7 59 21 30 56 20 8 44 57 22 27 38 55 37 47 1 17 6 23 46 49 2 48 13 4 40 3 58 51 24 36 16 10 25 54 34 29 52 35 32 26 9 53 14 33 43 41 45 11 19 0 39 12 5 15 50
59 16 22 23 31 2 40 17 36 47 42 27 25 6 30 33 12 56 34 52 53 18 50 15 43 37 11 49 46 55 8 28 4 7 48 35 57 13 32 0 38 5 39 51 54 29 24 58 9 21 10 14 26 44 45 3 1 20 41 19
28 31 18 42 7 54 21 30 56 20 8 44 57 22 35 38 55 37 10 1 17 6 23 46 49 2 48 13 47 40 3 58 51 24 19 14 59 25 0 34 29 52 16 32 26 9 53 27 33 43 41 45 11 12 4 39 36 5 15 50
59 16 22 54 31 2 40 17 36 44 42 27 25 6 30 33 12 50 32 52 53 18 46 15 43 37 11 49 56 55 8 28 4 48 5 35 41 13 34 3 38 1 39 51 23 29 24 58 9 21 10 14 26 47 45 0 7 20 57 19
13367622251117331364 9216
37 46 10 48 54 35 42 25 33 38 43 51 34 40 56 21 27 24 55 28 53 4 41 49 45 18 29 16 9 32 58 8 36 15 14 47 0 57 17 30 23 1 19 12 52 59 7 44 11 5 13 22 6 39 50 26 20 31 2 3
44 28 54 58 32 10 26 38 42 23 39 43 52 19 27 51 53 33 6 49 17 48 40 15 9 47 16 30 55 57 8 46 14 22 7 18 59 3 21 1 29 50 25 56 0 13 37 4 36 35 31 12 11 34 20 2 45 41 5 24
37 46 10 48 54 35 42 25 33 38 43 51 34 40 56 21 27 24 55 28 53 4 41 49 45 18 29 16 9 32 58 8 36 15 14 47 0 57 17 30 23 1 19 12 52 59 7 44 11 5 13 22 6 39 50 26 20 31 2 3
44 28 54 58 32 10 26 38 42 23 39 43 52 19 27 51 53 33 6 49 17 48 40 15 9 47 16 30 55 57 8 46 14 22 7 18 59 3 21 1 29 50 25 56 0 13 37 4 36 35 31 12 11 34 20 2 45 41 5 24
11477817219263794388 9216
42 56 54 18 2 34 23 35 25 38 59 52 33 24 31 29 4 50 37 36 6 12 44 39 13 47 51 8 17 9 46 45 55 20 3 30 19 22 57 5 53 26 58 41 28 1 48 49 14 43 10 0 7 27 32 16 11 21 40 15
37 48 7 10 56 51 41 50 44 45 36 33 31 59 23 47 25 46 29 24 54 49 17 9 58 18 15 12 26 57 2 55 21 14 4 39 30 8 3 42 16 52 5 53 0 40 1 22 34 27 35 32 28 11 20 38 43 13 19 6
42 56 54 18 2 34 23 35 25 38 59 52 33 24 31 29 4 50 37 36 6 12 44 39 13 47 51 8 17 9 46 45 55 20 3 30 19 22 57 5 53 26 58 41 28 1 48 49 14 43 10 0 7 27 32 16 11 21 40 15
37 48 7 10 56 51 41 50 44 45 36 33 31 59 23 47 25 46 29 24 54 49 17 9 58 18 15 12 26 57 2 55 21 14 4 39 30 8 3 42 16 52 5 53 0 40 1 22 34 27 35 32 28 11 20 38 43 13 19 6
15667354461842471153 9216
40 51 29 25 49 45 47 16 33 37 11 58 57 30 23 52 27 50 36 44 56 48 9 39 3 15 55 4 26 6 43 12 42 41 13 5 24 7 17 31 8 14 18 59 1 0 53 20 28 46 35 54 10 2 22 32 38 19 21 34
12 45 8 13 33 38 41 43 55 32 57 35 0 25 46 19 23 1 42 36 20 5 44 9 58 50 28 16 54 40 27 48 18 24 7 52 49 34 56 51 30 21 59 22 4 47 10 31 53 11 37 2 39 26 17 15 3 29 6 14
40 51 29 25 49 45 47 16 33 37 11 58 57 30 23 52 27 50 36 44 56 48 9 39 3 15 55 4 26 6 43 12 42 41 13 5 24 7 17 31 8 14 18 59 1 0 53 20 28 46 35 54 10 2 22 32 38 19 21 34
12 45 8 13 33 38 41 43 55 32 57 35 0 25 46 19 23 1 42 36 20 5 44 9 58 50 28 16 54 40 27 48 18 24 7 52 49 34 56 51 30 21 59 22 4 47 10 31 53 11 37 2 39 26 17 15 3 29 6 14
6456326546808435592 9216
53 47 42 32 21 28 20 41 26 24 56 39 50 5 33 27 22 45 46 38 54 10 9 16 3 36 1 19 8 13 43 7 12 30 15 51 52 35 57 23 11 17 34 4 55 58 49 25 59 14 44 2 18 0 48 40 37 29 6 31
38 13 24 59 58 1 53 43 45 28 42 56 32 33 10 41 47 22 6 5 8 14 46 25 39 18 37 31 9 57 2 12 26 40 49 23 27 50 11 44 48 35 15 21 36 20 7 4 3 34 30 16 54 29 17 55 19 51 52 0
53 47 42 32 21 28 20 41 26 24 56 39 50 5 33 27 22 45 46 38 54 10 4 16 3 36 1 19 8 13 43 7 12 30 15 51 52 35 57 23 11 17 34 9 55 58 49 25 59 14 44 2 18 0 48 40 37 29 6 31
38 13 24 59 58 1 53 43 45 28 42 56 32 33 10 41 47 22 6 5 8 14 46 25 39 18 52 31 9 57 2 12 26 40 49 23 27 50 11 44 48 35 15 21 36 20 7 4 3 34 30 16 54 29 17 55 19 51 37 0
1236258875127910296 9216
39 46 8 10 24 42 41 22 32 31 55 50 56 59 21 38 29 34 37 49 16 30 6 40 53 18 3 9 17 57 7 45 12 52 20 54 35 27 26 43 47 28 58 33 23 2 44 48 5 1 19 13 4 15 25 14 11 0 51 36
20 31 55 57 14 51 33 45 37 22 56 43 19 23 58 25 4 42 34 6 53 54 28 18 12 39 8 48 50 49 27 41 3 9 52 13 38 0 30 47 11 7 1 44 40 29 16 26 59 17 21 5 46 24 36 32 10 35 2 15
39 46 8 23 24 45 41 22 32 31 55 50 56 59 21 38 29 15 20 49 48 30 16 40 53 34 3 36 17 57 42 7 28 52 37 54 35 27 26 43 47 12 58 33 18 4 44 6 5 1 19 9 51 10 25 11 14 0 2 13
18 2 49 57 12 20 33 43 37 24 42 45 19 23 58 25 4 28 34 6 53 5 47 44 40 39 31 48 50 55 27 41 10 9 52 13 38 0 30 51 11 7 1 46 54 29 16 26 59 17 21 14 8 56 36 32 22 35 3 15
3603740810401954860 9216
6 22 41 34 56 50 55 31 53 43 44 46 28 33 57 37 47 26 21 4 16 9 58 5 59 42 12 23 45 7 8 38 51 52 13 32 54 17 0 49 35 18 27 24 15 14 48 40 29 2 10 11 3 19 30 25 39 20 1 36
45 54 7 40 11 21 19 56 36 38 9 16 43 6 20 50 55 29 58 31 33 52 5 17 42 49 39 12 15 22 37 57 46 2 1 14 34 24 13 26 51 48 53 32 27 18 3 25 10 47 44 59 41 28 0 35 30 8 23 4
38 22 16 24 39 50 59 44 53 31 49 19 28 33 57 43 47 26 21 4 6 9 8 17 46 42 37 55 45 7 52 3 12 54 36 48 5 58 0 51 35 18 27 32 15 34 14 40 29 2 10 13 20 11 41 25 56 30 1 23
6 14 33 32 16 21 29 47 22 38 9 45 54 8 20 50 58 28 23 31 12 48 43 17 52 39 44 11 15 36 59 57 46 4 1 37 34 24 7 26 49 5 56 51 27 18 55 25 10 53 42 2 41 19 0 35 30 3 40 13
1454282711278679921 9216
13 50 33 36 59 25 29 47 57 38 39 12 30 54 8 48 20 27 44 52 51 6 15 58 40 3 41 22 24 56 2 17 46 37 4 55 18 45 49 0 31 7 32 9 19 34 14 26 35 42 23 21 1 16 43 28 53 5 10 11
51 5 50 55 35 56 39 34 43 28 54 24 17 27 32 45 46 22 31 48 52 40 58 12 13 41 7 1 59 10 47 36 8 33 16 38 25 9 19 37 4 44 6 29 30 0 53 49 18 26 15 14 57 11 20 23 2 21 42 3
13 50 33 36 59 25 29 47 57 38 39 12 30 54 8 48 20 27 44 52 51 6 15 58 40 3 41 22 24 56 2 17 46 37 4 55 18 45 49 0 31 7 32 9 19 34 14 26 35 42 23 21 1 16 43 28 53 5 10 11
51 5 50 55 35 56 39 34 43 28 54 24 17 27 32 45 46 22 31 48 52 40 58 12 13 41 7 1 59 10 47 36 8 33 16 38 25 9 19 37 4 44 6 29 30 0 53 49 18 26 15 14 57 11 20 23 2 21 42 3
5888210984898299819 9216
34 49 10 27 29 48 36 55 33 53 40 41 58 30 24 25 42 43 35 28 57 17 37 52 51 3 7 4 19 56 46 44 14 8 15 54 5 11 31 20 6 21 45 1 26 18 38 47 39 32 0 16 59 12 50 9 13 2 23 22
35 53 59 30 16 47 50 8 15 29 54 22 19 56 39 38 45 33 13 5 42 58 11 17 0 37 31 55 52 9 34 40 23 49 2 12 26 7 57 18 43 6 24 51 14 4 25 41 3 20 46 48 32 44 1 10 27 28 36 21
34 49 23 27 35 38 1 42 36 53 59 46 41 5 24 25 14 43 33 28 7 47 52 13 51 2 21 12 32 56 17 9 40 8 15 54 45 11 44 26 57 4 58 30 10 18 6 29 39 55 0 16 20 19 50 48 37 3 31 22
35 15 57 30 16 47 50 41 55 36 54 22 19 6 39 40 45 33 31 9 42 58 11 59 5 37 13 56 52 2 34 38 53 18 49 12 23 26 17 4 43 32 24 51 14 29 25 0 3 8 46 48 7 44 1 10 27 28 20 21
14351404392525790772 9216
41 8 26 52 44 35 30 40 22 48 6 24 31 21 27 50 53 46 47 39 51 4 54 17 58 37 33 13 56 12 57 45 3 42 55 15 18 28 9 5 43 14 2 11 59 49 23 32 10 1 7 36 16 25 38 0 29 20 19 34
22 54 55 40 50 12 39 44 16 30 59 42 26 51 37 1 3 14 27 31 8 52 11 58 35 41 48 24 10 5 38 36 33 17 6 49 23 57 29 4 32 47 18 56 25 19 15 0 34 45 46 7 43 9 21 20 2 53 28 13
41 8 26 52 44 35 30 40 22 48 43 24 31 21 27 50 53 46 47 39 51 4 54 17 58 37 33 13 56 12 57 45 3 42 55 15 18 28 9 5 6 14 2 11 59 49 23 32 10 1 7 36 16 25 38 0 29 20 19 34
22 54 55 40 50 12 39 44 16 30 59 42 26 51 37 1 3 14 27 31 8 52 11 58 35 41 48 24 10 5 38 36 33 17 6 49 23 57 29 4 32 47 18 56 25 19 15 0 34 45 46 7 43 9 21 20 2 53 28 13
738722748826483530 9216
55 44 54 9 21 58 50 28 32 30 17 31 57 8 27 36 29 22 53 48 39 41 42 43 26 34 47 6 13 49 52 59 4 5 12 38 1 24 35 10 7 45 33 11 16 56 20 23 37 40 18 0 2 19 51 15 46 25 3 14
39 22 11 31 41 3 54 50 43 15 44 40 34 58 48 38 7 47 19 23 4 5 17 33 12 57 25 42 59 56 6 35 37 51 30 16 45 26 53 52 14 24 18 49 9 20 55 13 21 32 36 8 27 10 0 1 29 28 2 46
55 44 54 9 21 58 50 28 32 30 17 31 57 8 27 36 29 22 53 48 39 41 42 43 26 34 47 6 13 49 52 59 4 5 12 38 1 24 35 10 7 45 33 11 16 56 20 23 37 40 18 0 2 19 51 15 46 25 3 14
39 22 11 31 41 3 54 50 43 15 44 40 34 58 48 38 7 47 19 23 4 5 17 33 12 57 25 42 59 56 6 35 37 51 30 16 45 26 53 52 14 24 18 49 9 20 55 13 21 32 36 8 27 10 0 1 29 28 2 46
6978224545279462729 9216
6 45 19 22 27 38 29 40 49 53 46 36 31 56 35 25 12 21 7 50 54 57 33 9 47 14 58 42 17 4 44 20 41 52 15 34 39 32 51 3 48 0 18 11 26 55 1 37 5 30 24 16 8 59 13 2 23 43 28 10
41 39 22 43 38 46 37 31 11 4 33 49 57 56 45 35 53 27 28 23 8 48 14 55 32 47 42 15 17 54 26 9 1 21 52 44 59 29 3 6 25 30 34 2 16 13 58 20 19 40 0 7 51 10 24 12 36 18 5 50
6 45 19 22 27 38 29 40 49 53 46 36 31 56 35 25 12 21 5 50 54 57 33 9 47 14 58 42 17 4 44 20 41 52 15 34 39 32 51 3 48 0 18 11 26 55 1 37 7 30 24 16 8 59 13 2 23 43 28 10
41 39 22 43 38 46 37 31 11 4 33 49 57 56 45 35 53 27 28 23 8 48 14 55 32 47 42 15 17 54 26 9 1 21 52 44 59 29 3 6 25 30 34 2 16 13 58 20 19 40 0 7 51 10 24 12 36 18 5 50
13898947493310932871 9216
47 7 58 57 19 32 21 20 37 34 49 12 22 26 35 38 52 29 55 40 46 31 39 59 18 6 2 14 9 4 27 44 36 54 48 42 8 28 15 23 13 43 16 17 41 50 0 53 30 3 45 56 51 10 25 5 33 1 11 24
54 49 26 30 2 25 57 56 11 36 38 58 43 48 55 31 34 51 21 23 4 50 45 15 39 53 41 29 33 18 37 40 5 0 3 24 47 9 22 28 52 16 17 27 42 19 7 6 8 10 32 1 12 46 13 35 20 14 44 59
47 7 58 57 19 32 21 20 37 28 49 12 22 26 35 38 23 29 55 40 46 31 39 59 18 24 2 6 9 4 27 44 36 54 48 42 8 34 15 52 13 43 16 17 41 50 0 53 30 3 45 56 51 10 25 5 33 1 11 14
59 49 22 30 2 25 41 56 11 44 43 58 31 53 55 27 34 51 23 21 4 50 17 15 32 46 57 28 33 54 37 40 5 0 3 24 47 9 26 35 52 16 18 38 42 19 7 6 8 10 39 1 12 45 13 36 20 14 29 48
7951990845937124762 9216
56 53 34 47 33 24 14 28 52 21 36 59 54 25 11 49 20 31 57 42 9 3 44 48 17 26 12 5 1 18 16 41 43 51 7 50 45 19 55 38 22 6 27 58 30 46 39 32 35 4 8 37 2 0 29 10 23 40 13 15
49 33 57 51 56 34 46 20 14 28 59 29 19 48 23 10 50 47 35 6 42 53 3 40 18 17 55 38 58 5 41 8 15 37 21 25 39 24 26 9 52 45 16 36 7 27 31 0 30 11 1 12 54 44 13 32 2 43 22 4
56 55 34 47 33 45 14 28 52 21 37 59 54 25 11 49 20 31 57 42 9 18 44 48 3 26 12 5 1 58 6 36 43 51 39 4 24 19 53 38 22 17 27 2 30 46 7 32 23 50 8 41 10 0 29 16 35 40 13 15
17 50 51 57 29 32 46 20 14 38 59 15 19 42 23 40 33 47 2 30 48 53 3 21 18 36 55 28 58 37 41 8 22 5 10 25 39 24 26 1 52 45 16 49 7 27 31 6 0 11 9 44 54 12 13 34 35 43 56 4
