FACTOR_PERMUTATION_V1 12 16 1024 1 0.25
10 0 1 1 1 1 1 1 1 1 1 1 0 0 2 2 2 2 2 2 2 2 2 2 0 1 1 2 2 2 2 2 2 2 2 2
0 10 1 1 1 1 1 1 1 1 1 1 0 0 2 2 2 2 2 2 2 2 2 2 1 0 2 2 1 2 2 2 2 2 2 2
1 1 10 0 1 1 1 1 1 1 1 1 2 2 0 0 2 2 2 2 2 2 2 2 1 2 0 1 2 2 2 2 2 2 2 2
1 1 0 10 1 1 1 1 1 1 1 1 2 2 0 0 2 2 2 2 2 2 2 2 2 2 1 0 2 1 2 2 2 2 2 2
1 1 1 1 10 0 1 1 1 1 1 1 2 2 2 2 0 1 1 2 2 2 2 2 2 1 2 2 0 1 2 2 2 2 2 2
1 1 1 1 0 10 1 1 1 1 1 1 2 2 2 2 1 0 2 1 2 2 2 2 2 2 2 1 1 0 2 2 2 2 2 2
1 1 1 1 1 1 10 0 1 1 1 1 2 2 2 2 1 2 0 1 2 2 2 2 2 2 2 2 2 2 0 1 1 2 2 2
1 1 1 1 1 1 0 10 1 1 1 1 2 2 2 2 2 1 1 0 2 2 2 2 2 2 2 2 2 2 1 0 2 1 2 2
1 1 1 1 1 1 1 1 10 0 1 1 2 2 2 2 2 2 2 2 0 1 1 2 2 2 2 2 2 2 1 2 0 1 2 2
1 1 1 1 1 1 1 1 0 10 1 1 2 2 2 2 2 2 2 2 1 0 2 1 2 2 2 2 2 2 2 1 1 0 2 2
1 1 1 1 1 1 1 1 1 1 10 0 2 2 2 2 2 2 2 2 1 2 0 1 2 2 2 2 2 2 2 2 2 2 0 0
1 1 1 1 1 1 1 1 1 1 0 10 2 2 2 2 2 2 2 2 2 1 1 0 2 2 2 2 2 2 2 2 2 2 0 0
0 0 2 2 2 2 2 2 2 2 2 2 10 0 1 1 1 1 1 1 1 1 1 1 0 1 1 2 2 2 2 2 2 2 2 2
0 0 2 2 2 2 2 2 2 2 2 2 0 10 1 1 1 1 1 1 1 1 1 1 1 0 2 2 1 2 2 2 2 2 2 2
2 2 0 0 2 2 2 2 2 2 2 2 1 1 10 0 1 1 1 1 1 1 1 1 1 2 0 1 2 2 2 2 2 2 2 2
2 2 0 0 2 2 2 2 2 2 2 2 1 1 0 10 1 1 1 1 1 1 1 1 2 2 1 0 2 1 2 2 2 2 2 2
2 2 2 2 0 1 1 2 2 2 2 2 1 1 1 1 10 1 0 1 1 1 1 1 2 1 2 2 0 2 1 2 2 2 2 2
2 2 2 2 1 0 2 1 2 2 2 2 1 1 1 1 1 10 1 0 1 1 1 1 2 2 2 1 2 0 2 1 2 2 2 2
2 2 2 2 1 2 0 1 2 2 2 2 1 1 1 1 0 1 10 1 1 1 1 1 2 2 2 2 1 2 0 2 1 2 2 2
2 2 2 2 2 1 1 0 2 2 2 2 1 1 1 1 1 0 1 10 1 1 1 1 2 2 2 2 2 1 2 0 2 1 2 2
2 2 2 2 2 2 2 2 0 1 1 2 1 1 1 1 1 1 1 1 10 1 0 1 2 2 2 2 2 2 1 2 0 2 1 2
2 2 2 2 2 2 2 2 1 0 2 1 1 1 1 1 1 1 1 1 1 10 1 0 2 2 2 2 2 2 2 1 2 0 2 1
2 2 2 2 2 2 2 2 1 2 0 1 1 1 1 1 1 1 1 1 0 1 10 1 2 2 2 2 2 2 2 2 1 2 0 1
2 2 2 2 2 2 2 2 2 1 1 0 1 1 1 1 1 1 1 1 1 0 1 10 2 2 2 2 2 2 2 2 2 1 1 0
0 1 1 2 2 2 2 2 2 2 2 2 0 1 1 2 2 2 2 2 2 2 2 2 10 1 0 1 1 1 1 1 1 1 1 1
1 0 2 2 1 2 2 2 2 2 2 2 1 0 2 2 1 2 2 2 2 2 2 2 1 10 1 1 0 1 1 1 1 1 1 1
1 2 0 1 2 2 2 2 2 2 2 2 1 2 0 1 2 2 2 2 2 2 2 2 0 1 10 1 1 1 1 1 1 1 1 1
2 2 1 0 2 1 2 2 2 2 2 2 2 2 1 0 2 1 2 2 2 2 2 2 1 1 1 10 1 0 1 1 1 1 1 1
2 1 2 2 0 1 2 2 2 2 2 2 2 1 2 2 0 2 1 2 2 2 2 2 1 0 1 1 10 1 1 1 1 1 1 1
2 2 2 1 1 0 2 2 2 2 2 2 2 2 2 1 2 0 2 1 2 2 2 2 1 1 1 0 1 10 1 1 1 1 1 1
2 2 2 2 2 2 0 1 1 2 2 2 2 2 2 2 1 2 0 2 1 2 2 2 1 1 1 1 1 1 10 1 0 1 1 1
2 2 2 2 2 2 1 0 2 1 2 2 2 2 2 2 2 1 2 0 2 1 2 2 1 1 1 1 1 1 1 10 1 0 1 1
2 2 2 2 2 2 1 2 0 1 2 2 2 2 2 2 2 2 1 2 0 2 1 2 1 1 1 1 1 1 0 1 10 1 1 1
2 2 2 2 2 2 2 1 1 0 2 2 2 2 2 2 2 2 2 1 2 0 2 1 1 1 1 1 1 1 1 0 1 10 1 1
2 2 2 2 2 2 2 2 2 2 0 0 2 2 2 2 2 2 2 2 1 2 0 1 1 1 1 1 1 1 1 1 1 1 10 0
2 2 2 2 2 2 2 2 2 2 0 0 2 2 2 2 2 2 2 2 2 1 1 0 1 1 1 1 1 1 1 1 1 1 0 10
0 2
0 3
0 4
0 5
0 6
0 7
0 8
0 9
0 10
0 11
1 2
1 3
1 4
1 5
1 6
1 7
1 8
1 9
1 10
1 11
2 4
2 5
2 6
2 7
2 8
2 9
2 10
2 11
3 4
3 5
3 6
3 7
3 8
3 9
3 10
3 11
4 6
4 7
4 8
4 9
4 10
4 11
5 6
5 7
5 8
5 9
5 10
5 11
6 8
6 9
6 10
6 11
7 8
7 9
7 10
7 11
8 10
8 11
9 10
9 11
0 2
0 3
0 4
0 5
0 6
0 7
0 8
0 9
0 10
0 11
1 2
1 3
1 4
1 5
1 6
1 7
1 8
1 9
1 10
1 11
2 4
2 5
2 6
2 7
2 8
2 9
2 10
2 11
3 4
3 5
3 6
3 7
3 8
3 9
3 10
3 11
4 5
4 7
4 8
4 9
4 10
4 11
5 6
5 8
5 9
5 10
5 11
6 7
6 8
6 9
6 10
6 11
7 8
7 9
7 10
7 11
8 9
8 11
9 10
10 11
0 1
0 3
0 4
0 5
0 6
0 7
0 8
0 9
0 10
0 11
1 2
1 3
1 5
1 6
1 7
1 8
1 9
1 10
1 11
2 3
2 4
2 5
2 6
2 7
2 8
2 9
2 10
2 11
3 4
3 6
3 7
3 8
3 9
3 10
3 11
4 5
4 6
4 7
4 8
4 9
4 10
4 11
5 6
5 7
5 8
5 9
5 10
5 11
6 7
6 9
6 10
6 11
7 8
7 10
7 11
8 9
8 10
8 11
9 10
9 11
8387489903909695900 14336
41 46 31 52 18 26 42 22 44 32 19 23 34 51 20 56 29 53 48 40 5 17 45 49 54 4 37 43 58 6 9 12 50 38 30 14 55 24 0 13 7 16 33 8 28 59 27 47 57 11 36 25 35 21 1 39 10 2 15 3
43 39 57 40 45 11 34 53 24 21 44 56 7 20 27 28 50 47 32 48 19 51 41 46 38 8 16 49 4 54 52 26 12 18 37 55 29 3 59 23 17 5 14 25 58 1 42 0 10 33 6 2 9 15 36 31 30 35 22 13
41 46 31 52 18 26 42 22 44 32 19 23 34 51 20 56 29 53 48 40 5 17 45 49 54 4 37 43 58 6 9 12 50 38 30 14 55 24 0 13 7 16 33 8 28 59 27 47 57 11 36 25 35 21 1 39 10 2 15 3
43 39 57 40 45 11 34 53 24 21 44 56 7 20 27 28 50 47 32 48 19 51 41 46 38 8 16 49 4 54 52 26 12 18 37 55 29 3 59 23 17 5 14 25 58 1 42 0 10 33 6 2 9 15 36 31 30 35 22 13
14940414373221175794 14336
48 23 34 28 59 56 38 55 13 25 54 12 50 46 44 32 33 51 24 37 53 6 36 19 18 2 49 1 52 8 57 39 42 45 7 47 17 20 27 3 35 16 58 14 15 30 22 9 31 10 41 29 0 26 5 43 21 4 11 40
33 18 5 14 45 3 25 28 31 36 15 30 26 50 7 20 47 48 57 21 38 54 41 24 42 58 43 4 53 39 35 56 10 9 22 2 17 44 1 27 16 49 19 59 8 6 32 52 51 23 0 55 40 13 29 11 37 12 46 34
48 23 34 28 59 56 38 55 13 25 54 12 50 46 44 32 33 51 24 37 53 6 21 19 18 2 49 1 52 8 57 39 42 45 7 47 17 20 27 3 35 16 58 14 15 30 22 9 31 10 41 29 0 26 5 43 36 4 11 40
33 18 5 14 45 3 25 28 31 36 15 30 26 50 7 20 47 48 57 21 38 54 41 24 42 58 43 4 53 39 35 56 10 9 22 2 17 44 1 27 16 49 19 59 8 6 32 52 51 23 0 55 40 13 29 11 37 12 46 34
17585330705350411120 14336
54 55 15 28 7 59 21 30 56 20 8 44 57 22 27 38 31 37 47 1 17 6 23 46 49 2 48 36 4 40 3 58 51 24 13 16 18 25 42 34 29 52 35 32 26 9 53 14 33 43 41 45 11 19 0 39 12 5 10 50
32 17 22 54 31 2 40 23 36 47 42 27 25 6 30 33 12 56 59 52 53 18 50 15 43 37 11 49 46 55 9 28 4 7 48 35 57 13 34 0 38 5 39 51 14 29 24 58 8 21 10 16 26 44 45 3 1 20 41 19
54 55 18 28 7 59 21 30 56 20 8 44 57 22 27 38 31 37 47 1 17 6 23 46 49 2 48 36 4 40 42 58 51 24 13 16 10 25 3 34 29 52 35 32 26 9 53 14 33 43 41 45 11 19 0 39 12 5 15 50
32 17 22 54 31 2 40 23 36 47 42 27 25 6 30 33 12 56 59 52 53 18 50 15 43 37 11 49 46 55 9 28 4 7 48 35 57 13 34 0 38 5 39 51 14 29 24 58 8 21 10 16 26 44 45 3 1 20 41 19
15287721127825595036 14336
37 46 10 22 54 35 42 25 33 38 43 51 34 40 56 21 27 48 55 28 53 4 41 49 45 18 29 16 6 32 58 1 36 15 47 14 8 57 17 30 23 5 19 12 52 59 7 44 11 0 13 24 9 39 50 26 20 31 2 3
44 28 54 58 32 10 26 38 42 23 39 43 52 19 27 51 53 33 6 49 50 48 40 15 14 47 16 30 55 57 8 46 9 22 18 7 59 3 21 1 29 17 25 56 0 13 37 4 36 35 31 12 34 11 20 2 45 41 5 24
37 46 10 22 54 35 42 25 33 38 43 51 34 40 56 21 27 48 55 28 53 4 41 49 45 18 29 16 6 32 58 1 36 15 47 14 8 57 17 30 23 5 19 12 52 59 7 44 11 0 13 24 9 39 50 26 20 31 2 3
44 28 54 58 32 10 26 38 42 23 39 43 52 19 27 51 53 33 6 49 50 48 40 15 14 47 16 30 55 57 8 46 9 22 18 7 59 3 21 1 29 17 25 56 0 13 37 4 36 35 31 12 34 11 20 2 45 41 5 24
13379054007517516309 14336
46 56 54 14 2 34 21 47 25 38 59 52 36 24 35 49 4 50 37 29 6 12 33 39 13 31 51 8 17 9 42 45 55 20 3 30 19 22 57 1 53 26 58 41 28 0 48 44 18 43 10 5 7 27 32 16 11 23 40 15
37 33 39 30 56 51 27 50 44 45 36 14 26 49 25 47 23 46 1 31 54 59 17 3 58 41 15 12 24 57 2 55 21 48 4 7 29 9 8 42 16 52 5 53 0 40 10 22 34 18 35 32 28 11 38 20 43 13 19 6
46 56 54 14 2 34 23 31 25 38 59 52 29 24 35 49 4 50 37 36 6 12 33 39 13 47 51 8 17 9 42 45 55 20 3 30 19 22 57 1 53 26 58 41 28 0 48 44 18 43 10 5 7 27 32 16 11 21 40 15
37 33 39 30 56 51 41 50 44 45 36 14 26 49 25 47 23 46 1 31 54 59 17 3 58 27 15 12 24 57 2 55 21 48 4 7 29 8 9 42 16 52 5 53 0 40 10 22 34 18 35 32 28 11 38 20 43 13 19 6
16624487851017410360 14336
40 55 29 25 49 45 47 48 11 38 28 58 57 30 23 52 27 50 36 44 56 16 9 39 46 15 51 4 26 6 43 12 42 41 13 5 24 7 17 31 8 14 18 59 1 10 53 20 33 3 35 54 0 2 22 32 37 19 21 34
14 16 56 31 8 35 41 43 42 32 57 48 3 58 46 33 23 1 55 36 20 54 44 6 17 50 28 45 47 40 27 21 18 38 7 52 49 34 53 51 30 24 59 22 4 15 10 5 12 11 37 2 39 26 13 0 19 29 9 25
40 55 29 25 49 45 47 48 11 38 28 58 57 30 23 52 27 50 36 44 56 16 9 39 46 15 51 4 26 6 43 12 42 41 13 5 24 7 17 31 8 14 18 59 1 10 53 20 33 3 35 54 0 2 22 32 37 19 21 34
14 16 56 31 8 35 41 43 42 32 57 48 3 58 46 33 23 1 55 36 20 54 44 6 17 50 28 45 47 40 27 21 18 38 7 52 49 34 53 51 30 24 59 22 4 15 10 5 12 11 37 2 39 26 13 0 19 29 9 25
15696505717619190848 14336
53 54 42 32 29 40 10 41 20 48 56 39 50 5 33 27 22 45 46 38 47 4 9 16 3 36 1 59 8 13 43 7 12 30 15 51 52 35 57 23 11 17 26 34 55 18 49 25 19 14 44 2 58 0 24 28 37 21 6 31
38 13 24 59 58 1 53 43 45 28 42 56 32 33 10 41 47 22 6 5 8 14 46 25 39 18 37 31 9 57 2 12 26 40 49 23 27 50 11 52 48 35 15 21 36 20 7 4 3 34 30 51 54 29 17 55 19 16 44 0
53 54 42 32 21 40 10 41 20 24 56 39 50 5 33 27 22 45 46 38 47 4 9 16 3 36 1 19 8 13 43 7 12 30 15 51 52 35 57 23 11 17 26 28 55 18 49 25 59 14 44 2 58 0 48 34 37 29 6 31
38 13 24 59 58 1 53 43 45 28 42 56 32 33 10 41 47 22 6 5 8 14 46 25 39 18 37 31 9 57 2 12 26 40 49 23 27 50 11 52 48 35 15 21 36 20 7 4 3 34 30 51 54 29 17 55 19 16 44 0
8268889459569838938 14336
53 45 8 10 39 43 41 22 32 31 55 4 49 59 21 38 29 34 37 56 16 30 24 40 42 18 44 9 17 57 7 46 12 52 20 54 35 27 6 26 47 28 58 33 5 2 3 48 23 1 19 13 50 15 25 14 11 0 51 36
12 20 55 57 14 46 33 29 37 22 56 43 27 23 58 25 4 42 34 38 51 54 28 47 15 39 8 48 50 16 19 41 3 9 52 13 44 0 30 53 45 7 1 6 40 18 49 26 59 17 21 5 10 24 36 32 11 35 2 31
53 45 8 10 39 43 41 22 32 31 55 4 49 59 21 38 29 34 37 56 16 30 24 40 42 18 44 9 17 57 7 46 12 52 20 54 35 27 6 26 47 28 58 33 5 2 3 48 23 1 19 13 50 15 25 14 11 0 51 36
12 20 55 57 14 47 33 29 37 22 56 43 19 23 58 25 4 42 34 38 51 54 28 3 15 39 8 48 50 16 27 41 46 9 52 13 44 0 30 53 45 7 1 6 40 18 49 26 59 17 21 5 10 24 36 32 11 35 2 31
7666750624008307488 14336
32 22 46 34 56 50 55 36 53 6 44 41 37 33 57 28 47 26 21 4 16 9 58 5 59 42 12 23 45 7 8 38 51 52 13 43 54 17 0 49 35 18 27 24 15 14 48 40 29 2 10 11 3 19 30 25 39 20 1 31
59 54 7 40 11 21 36 56 19 42 9 22 43 51 20 33 55 29 58 31 50 52 2 17 12 37 49 38 6 13 39 57 46 8 28 14 34 24 16 26 15 48 53 32 27 18 3 25 10 47 44 45 41 1 0 35 30 5 23 4
32 14 46 34 56 50 55 36 53 6 44 41 37 33 57 28 47 26 21 4 16 9 58 5 59 42 12 23 45 7 8 38 51 52 13 43 54 17 0 49 35 18 27 24 15 22 48 40 29 2 10 11 3 19 30 25 39 20 1 31
59 54 7 40 11 21 19 56 36 42 9 22 43 51 20 33 55 29 58 31 50 52 8 17 12 37 49 38 6 13 39 57 46 2 28 14 34 24 16 26 15 48 53 32 27 18 3 25 10 47 44 45 41 1 0 35 30 5 23 4
2626042236486693938 14336
13 50 7 36 59 25 29 47 57 26 44 12 30 54 8 48 20 27 39 52 51 6 15 58 40 4 41 16 24 56 2 17 42 37 3 55 18 10 46 0 31 33 32 9 19 34 14 22 35 49 23 21 1 38 43 28 53 5 11 45
51 5 50 55 28 56 39 34 43 35 54 24 17 27 32 45 46 22 52 4 44 40 58 12 13 41 7 31 59 10 47 36 8 33 16 38 25 9 19 37 48 1 18 29 53 6 30 49 3 26 15 14 57 11 20 23 2 21 42 0
13 50 7 36 59 25 29 47 57 26 44 12 30 54 8 48 20 27 39 52 51 6 15 58 40 4 41 16 24 56 2 17 42 37 3 55 18 10 46 0 31 33 32 9 19 34 14 22 35 49 23 21 1 38 43 28 53 5 11 45
51 5 50 55 28 56 39 34 43 35 54 24 17 27 32 45 46 22 52 4 44 40 58 12 13 41 7 31 59 10 47 36 8 33 16 38 25 9 19 37 48 1 0 29 53 6 30 49 18 26 15 14 57 11 20 23 2 21 42 3
14771951732458953459 14336
34 56 10 27 29 50 36 55 39 53 40 46 58 30 24 25 52 42 35 28 57 17 7 20 51 3 15 4 9 6 41 44 14 8 37 54 5 11 31 32 49 21 45 1 26 18 38 47 33 19 0 16 59 12 48 43 13 2 23 22
35 40 59 30 16 45 50 8 24 29 54 22 19 56 32 57 47 33 13 5 42 58 11 17 0 37 31 55 52 9 34 2 23 49 7 12 26 53 38 18 43 6 15 51 14 4 25 41 3 20 46 48 39 44 1 10 27 28 36 21
34 56 10 27 29 50 36 55 39 53 40 46 58 30 24 25 52 42 35 28 57 17 7 20 51 3 15 4 9 6 41 44 14 8 37 54 5 11 31 43 49 21 45 1 26 18 38 47 33 19 0 16 59 12 48 32 13 2 23 22
35 40 59 30 16 47 50 8 24 29 54 22 19 56 32 38 45 33 13 5 42 58 11 17 0 37 31 55 52 9 34 2 14 49 7 12 26 53 57 18 43 6 15 51 23 4 25 41 3 20 46 48 39 44 1 10 27 28 36 21
9617860465311492456 14336
41 8 25 52 44 46 30 40 22 48 6 26 31 21 35 50 16 27 47 39 51 4 54 17 58 37 33 13 56 12 57 45 3 42 53 15 18 28 9 5 43 14 7 11 59 49 23 34 10 1 2 36 55 24 38 0 29 20 19 32
22 54 44 40 50 12 59 55 16 30 39 42 26 51 37 1 3 43 27 31 8 52 11 58 35 41 48 24 10 5 38 36 33 17 6 49 23 57 29 4 32 47 18 56 25 19 15 0 34 45 46 7 14 9 21 20 2 53 28 13
41 8 25 52 44 46 30 40 22 48 6 26 31 21 27 50 16 35 47 39 51 4 54 17 58 37 33 13 56 12 57 45 3 42 53 15 18 28 9 5 43 14 7 11 59 49 23 34 10 1 2 36 55 24 38 0 29 20 19 32
22 54 44 40 50 12 39 55 16 30 59 42 26 51 37 1 3 43 27 31 8 52 11 58 35 41 48 24 10 5 38 36 33 17 6 49 23 57 29 4 32 47 18 56 25 19 15 0 34 45 46 7 14 9 21 20 2 53 28 13
17615391546031390126 14336
55 44 54 9 21 58 51 36 32 30 42 37 57 8 27 28 29 22 53 41 39 50 17 56 26 5 47 6 13 49 43 59 4 34 12 38 1 24 35 10 7 45 33 11 16 52 20 23 15 40 18 0 2 19 48 31 46 25 3 14
38 22 11 31 41 3 17 50 43 39 34 8 19 58 48 15 53 47 44 23 4 5 33 54 12 57 25 42 59 56 6 35 37 51 30 16 26 40 7 52 14 24 18 49 9 20 55 13 21 32 36 45 27 10 0 1 29 28 2 46
55 44 54 9 21 58 48 36 32 30 42 37 57 8 27 28 29 22 53 50 39 41 17 56 26 34 47 6 13 49 43 59 4 5 12 38 1 24 35 10 7 45 33 11 16 52 20 23 15 40 18 0 2 19 51 31 46 25 3 14
38 22 11 31 41 3 17 50 43 39 34 8 19 58 48 15 53 47 44 23 4 5 33 54 12 57 25 42 59 56 6 35 37 51 30 16 26 40 7 52 14 24 18 49 9 20 55 13 21 32 36 45 27 10 0 1 29 28 2 46
7040627567423780028 14336
52 45 17 22 27 2 46 40 47 53 43 36 31 56 35 25 12 21 7 50 54 57 33 9 49 14 58 42 19 4 44 39 51 6 15 34 20 32 41 3 48 0 18 11 26 55 1 37 5 30 24 16 8 59 13 38 10 29 28 23
41 39 22 43 38 46 37 31 11 4 33 49 57 56 45 35 53 27 28 23 8 48 14 55 32 47 36 15 17 54 26 9 1 21 52 44 59 29 3 6 25 30 34 2 16 13 58 19 20 40 0 7 51 10 24 12 42 18 5 50
52 45 17 22 27 2 43 40 49 53 46 36 31 56 35 25 12 21 7 50 54 57 33 9 47 14 58 42 19 4 44 39 41 6 15 34 20 32 51 3 48 0 18 11 26 55 1 37 5 30 24 16 8 59 13 38 10 29 28 23
41 39 22 43 38 46 37 31 11 4 33 49 57 56 45 35 53 27 28 23 8 48 14 55 32 47 42 15 17 54 26 9 1 21 52 44 59 29 3 6 25 30 34 2 16 13 58 20 19 40 0 7 51 10 24 12 36 18 5 50
11499034284404729302 14336
47 7 58 57 27 32 21 37 39 34 49 44 22 26 35 2 52 29 55 40 46 31 20 59 18 38 6 13 9 50 19 42 36 54 48 24 8 28 15 23 11 43 16 17 41 4 0 30 53 3 45 56 51 10 25 5 33 1 14 12
54 49 43 42 2 25 57 56 11 36 53 38 58 48 55 31 34 51 23 21 4 50 45 15 39 5 41 29 33 18 37 40 26 0 3 24 47 9 22 28 52 16 17 27 30 19 7 6 8 10 32 1 12 46 13 35 20 14 44 59
47 7 58 57 27 32 21 37 39 34 49 44 22 26 35 2 52 29 55 40 46 31 20 59 18 38 6 13 9 50 19 42 36 54 48 24 8 28 15 23 14 43 16 17 41 4 0 53 30 3 45 56 51 10 25 5 33 1 11 12
54 49 43 30 2 25 57 56 11 36 26 38 58 48 55 31 34 51 23 21 4 50 45 15 39 5 41 29 33 18 37 40 53 0 3 24 47 9 22 28 52 16 17 27 42 19 7 6 8 10 32 1 12 46 13 35 20 14 44 59
4121651965500175233 14336
54 53 33 47 35 24 14 40 41 21 42 59 52 9 34 56 20 31 49 36 25 3 57 48 17 26 12 5 1 18 16 28 43 51 7 50 45 19 55 15 22 6 27 58 30 0 39 32 44 4 8 37 2 46 29 10 23 11 13 38
4 56 57 27 40 54 46 45 14 28 59 29 30 21 23 25 50 47 2 52 42 53 3 33 18 17 55 36 58 48 41 9 0 37 43 10 7 24 19 8 44 49 16 35 39 51 1 15 26 11 31 12 34 6 13 32 38 5 22 20
54 53 33 47 35 24 14 40 41 21 42 59 52 9 34 56 20 31 49 36 25 3 57 48 17 26 12 5 6 18 16 28 43 51 7 50 45 19 55 15 22 1 27 58 30 0 39 32 44 4 8 37 2 46 29 10 23 11 13 38
4 56 57 27 40 54 46 45 14 28 59 29 30 21 23 25 50 47 2 52 42 53 3 33 18 17 55 36 58 48 41 9 0 37 43 10 7 24 19 8 44 49 16 35 39 51 1 15 26 11 31 12 34 6 13 32 38 5 22 20
