FACTOR_PERMUTATION_V1 12 16 1024 1 1
10 0 1 1 1 1 1 1 1 1 1 1 0 0 2 2 2 2 2 2 2 2 2 2 0 1 1 2 2 2 2 2 2 2 2 2
0 10 1 1 1 1 1 1 1 1 1 1 0 0 2 2 2 2 2 2 2 2 2 2 1 0 2 2 1 2 2 2 2 2 2 2
1 1 10 0 1 1 1 1 1 1 1 1 2 2 0 0 2 2 2 2 2 2 2 2 1 2 0 1 2 2 2 2 2 2 2 2
1 1 0 10 1 1 1 1 1 1 1 1 2 2 0 0 2 2 2 2 2 2 2 2 2 2 1 0 2 2 1 2 2 2 2 2
1 1 1 1 10 0 1 1 1 1 1 1 2 2 2 2 0 0 2 2 2 2 2 2 2 1 2 2 0 1 2 2 2 2 2 2
1 1 1 1 0 10 1 1 1 1 1 1 2 2 2 2 0 0 2 2 2 2 2 2 2 2 2 2 1 0 2 1 2 2 2 2
1 1 1 1 1 1 10 0 1 1 1 1 2 2 2 2 2 2 0 1 1 2 2 2 2 2 2 1 2 2 0 1 2 2 2 2
1 1 1 1 1 1 0 10 1 1 1 1 2 2 2 2 2 2 1 0 2 2 1 2 2 2 2 2 2 1 1 0 2 2 2 2
1 1 1 1 1 1 1 1 10 0 1 1 2 2 2 2 2 2 1 2 0 1 2 2 2 2 2 2 2 2 2 2 0 0 2 2
1 1 1 1 1 1 1 1 0 10 1 1 2 2 2 2 2 2 2 2 1 0 2 1 2 2 2 2 2 2 2 2 0 0 2 2
1 1 1 1 1 1 1 1 1 1 10 0 2 2 2 2 2 2 2 1 2 2 0 1 2 2 2 2 2 2 2 2 2 2 0 0
1 1 1 1 1 1 1 1 1 1 0 10 2 2 2 2 2 2 2 2 2 1 1 0 2 2 2 2 2 2 2 2 2 2 0 0
0 0 2 2 2 2 2 2 2 2 2 2 10 0 1 1 1 1 1 1 1 1 1 1 0 1 1 2 2 2 2 2 2 2 2 2
0 0 2 2 2 2 2 2 2 2 2 2 0 10 1 1 1 1 1 1 1 1 1 1 1 0 2 2 1 2 2 2 2 2 2 2
2 2 0 0 2 2 2 2 2 2 2 2 1 1 10 0 1 1 1 1 1 1 1 1 1 2 0 1 2 2 2 2 2 2 2 2
2 2 0 0 2 2 2 2 2 2 2 2 1 1 0 10 1 1 1 1 1 1 1 1 2 2 1 0 2 2 1 2 2 2 2 2
2 2 2 2 0 0 2 2 2 2 2 2 1 1 1 1 10 0 1 1 1 1 1 1 2 1 2 2 0 1 2 2 2 2 2 2
2 2 2 2 0 0 2 2 2 2 2 2 1 1 1 1 0 10 1 1 1 1 1 1 2 2 2 2 1 0 2 1 2 2 2 2
2 2 2 2 2 2 0 1 1 2 2 2 1 1 1 1 1 1 10 1 0 1 1 1 2 2 2 1 2 2 0 2 1 2 2 2
2 2 2 2 2 2 1 0 2 2 1 2 1 1 1 1 1 1 1 10 1 1 0 1 2 2 2 2 2 1 2 0 2 2 1 2
2 2 2 2 2 2 1 2 0 1 2 2 1 1 1 1 1 1 0 1 10 1 1 1 2 2 2 2 2 2 1 2 0 1 2 2
2 2 2 2 2 2 2 2 1 0 2 1 1 1 1 1 1 1 1 1 1 10 1 0 2 2 2 2 2 2 2 2 1 0 2 1
2 2 2 2 2 2 2 1 2 2 0 1 1 1 1 1 1 1 1 0 1 1 10 1 2 2 2 2 2 2 2 1 2 2 0 1
2 2 2 2 2 2 2 2 2 1 1 0 1 1 1 1 1 1 1 1 1 0 1 10 2 2 2 2 2 2 2 2 2 1 1 0
0 1 1 2 2 2 2 2 2 2 2 2 0 1 1 2 2 2 2 2 2 2 2 2 10 1 0 1 1 1 1 1 1 1 1 1
1 0 2 2 1 2 2 2 2 2 2 2 1 0 2 2 1 2 2 2 2 2 2 2 1 10 1 1 0 1 1 1 1 1 1 1
1 2 0 1 2 2 2 2 2 2 2 2 1 2 0 1 2 2 2 2 2 2 2 2 0 1 10 1 1 1 1 1 1 1 1 1
2 2 1 0 2 2 1 2 2 2 2 2 2 2 1 0 2 2 1 2 2 2 2 2 1 1 1 10 1 1 0 1 1 1 1 1
2 1 2 2 0 1 2 2 2 2 2 2 2 1 2 2 0 1 2 2 2 2 2 2 1 0 1 1 10 1 1 1 1 1 1 1
2 2 2 2 1 0 2 1 2 2 2 2 2 2 2 2 1 0 2 1 2 2 2 2 1 1 1 1 1 10 1 0 1 1 1 1
2 2 2 1 2 2 0 1 2 2 2 2 2 2 2 1 2 2 0 2 1 2 2 2 1 1 1 0 1 1 10 1 1 1 1 1
2 2 2 2 2 1 1 0 2 2 2 2 2 2 2 2 2 1 2 0 2 2 1 2 1 1 1 1 1 0 1 10 1 1 1 1
2 2 2 2 2 2 2 2 0 0 2 2 2 2 2 2 2 2 1 2 0 1 2 2 1 1 1 1 1 1 1 1 10 0 1 1
2 2 2 2 2 2 2 2 0 0 2 2 2 2 2 2 2 2 2 2 1 0 2 1 1 1 1 1 1 1 1 1 0 10 1 1
2 2 2 2 2 2 2 2 2 2 0 0 2 2 2 2 2 2 2 1 2 2 0 1 1 1 1 1 1 1 1 1 1 1 10 0
2 2 2 2 2 2 2 2 2 2 0 0 2 2 2 2 2 2 2 2 2 1 1 0 1 1 1 1 1 1 1 1 1 1 0 10
0 2
0 3
0 4
0 5
0 6
0 7
0 8
0 9
0 10
0 11
1 2
1 3
1 4
1 5
1 6
1 7
1 8
1 9
1 10
1 11
2 4
2 5
2 6
2 7
2 8
2 9
2 10
2 11
3 4
3 5
3 6
3 7
3 8
3 9
3 10
3 11
4 6
4 7
4 8
4 9
4 10
4 11
5 6
5 7
5 8
5 9
5 10
5 11
6 8
6 9
6 10
6 11
7 8
7 9
7 10
7 11
8 10
8 11
9 10
9 11
0 2
0 3
0 4
0 5
0 6
0 7
0 8
0 9
0 10
0 11
1 2
1 3
1 4
1 5
1 6
1 7
1 8
1 9
1 10
1 11
2 4
2 5
2 6
2 7
2 8
2 9
2 10
2 11
3 4
3 5
3 6
3 7
3 8
3 9
3 10
3 11
4 6
4 7
4 8
4 9
4 10
4 11
5 6
5 7
5 8
5 9
5 10
5 11
6 7
6 9
6 10
6 11
7 8
7 9
7 11
8 9
8 10
8 11
9 10
10 11
0 1
0 3
0 4
0 5
0 6
0 7
0 8
0 9
0 10
0 11
1 2
1 3
1 5
1 6
1 7
1 8
1 9
1 10
1 11
2 3
2 4
2 5
2 6
2 7
2 8
2 9
2 10
2 11
3 4
3 5
3 7
3 8
3 9
3 10
3 11
4 5
4 6
4 7
4 8
4 9
4 10
4 11
5 6
5 8
5 9
5 10
5 11
6 7
6 8
6 9
6 10
6 11
7 8
7 9
7 10
7 11
8 10
8 11
9 10
9 11
14061888382290430707 0
17 35 14 15 8 59 24 31 48 45 13 55 2 10 30 50 39 5 40 21 11 22 29 9 57 44 0 41 46 54 37 52 43 28 42 1 20 58 12 7 25 51 6 56 33 4 18 36 47 23 32 34 38 49 27 16 3 26 53 19
49 38 5 45 47 18 11 46 2 29 22 36 53 1 9 14 8 0 33 4 59 12 16 23 3 20 7 56 10 51 42 58 41 37 13 50 34 54 52 55 6 21 30 32 39 17 25 15 26 44 43 40 28 24 31 19 48 27 57 35
17 35 14 15 8 59 24 31 48 45 13 55 2 10 30 50 39 5 40 21 11 22 29 9 57 44 0 41 46 54 37 52 43 28 42 1 20 58 12 7 25 51 6 56 33 4 18 36 47 23 32 34 38 49 27 16 3 26 53 19
49 38 5 45 47 18 11 46 2 29 22 36 53 1 9 14 8 0 33 4 59 12 16 23 3 20 7 56 10 51 42 58 41 37 13 50 34 54 52 55 6 21 30 32 39 17 25 15 26 44 43 40 28 24 31 19 48 27 57 35
13336218373376287842 0
39 29 2 7 22 9 13 31 52 24 50 6 30 54 8 38 53 32 25 41 47 18 40 51 23 26 4 5 27 3 12 55 10 11 33 21 19 46 58 15 17 0 57 35 56 37 59 14 49 42 1 34 28 48 45 43 16 44 20 36
49 31 1 27 11 45 0 59 33 13 4 3 50 46 21 56 29 39 41 17 8 14 38 20 28 42 52 7 57 54 35 19 34 5 55 40 18 10 9 30 47 22 37 48 53 36 25 6 26 23 32 44 24 12 16 2 51 15 43 58
39 29 2 7 22 9 13 31 52 24 50 6 30 54 8 38 53 32 25 41 47 18 40 51 23 26 4 5 27 3 12 55 10 11 33 21 19 46 58 15 17 0 57 35 56 37 59 14 49 42 1 34 28 48 45 43 16 44 20 36
49 31 1 27 11 45 0 59 33 13 4 3 50 46 21 56 29 39 41 17 8 14 38 20 28 42 52 7 57 54 35 19 34 5 55 40 18 10 9 30 47 22 37 48 53 36 25 6 26 23 32 44 24 12 16 2 51 15 43 58
10994801975162757669 0
33 40 57 47 11 50 59 22 13 14 5 31 16 8 17 51 1 52 4 6 35 48 54 58 18 10 7 2 28 12 20 39 53 15 26 23 25 30 45 34 42 19 46 44 36 27 56 49 24 3 21 29 38 43 32 37 55 0 41 9
10 49 32 39 47 19 26 43 13 5 1 36 52 48 58 37 55 46 41 12 4 40 27 42 25 20 54 59 34 11 8 30 57 2 16 53 9 44 35 0 29 24 14 50 56 22 3 28 38 7 31 45 15 23 17 21 6 33 18 51
33 40 57 47 11 50 59 22 13 14 5 31 16 8 17 51 1 52 4 6 35 48 54 58 18 10 7 2 28 12 20 39 53 15 26 23 25 30 45 34 42 19 46 44 36 27 56 49 24 3 21 29 38 43 32 37 55 0 41 9
10 49 32 39 47 19 26 43 13 5 1 36 52 48 58 37 55 46 41 12 4 40 27 42 25 20 54 59 34 11 8 30 57 2 16 53 9 44 35 0 29 24 14 50 56 22 3 28 38 7 31 45 15 23 17 21 6 33 18 51
18386724652812743104 0
37 31 4 53 15 2 59 8 11 19 5 14 39 35 9 40 58 1 21 26 44 57 42 28 24 55 7 10 51 47 27 6 43 12 22 16 13 49 46 3 48 41 20 52 45 54 50 18 33 17 29 0 36 30 38 23 32 56 25 34
0 20 17 35 57 24 39 19 54 47 58 46 32 43 21 50 14 53 48 3 25 22 59 15 2 51 5 6 23 1 31 30 45 7 11 37 29 38 44 34 28 8 40 55 9 36 16 42 26 4 12 56 18 41 52 27 13 33 10 49
37 31 4 53 15 2 59 8 11 19 5 14 39 35 9 40 58 1 21 26 44 57 42 28 24 55 7 10 51 47 27 6 43 12 22 16 13 49 46 3 48 41 20 52 45 54 50 18 33 17 29 0 36 30 38 23 32 56 25 34
0 20 17 35 57 24 39 19 54 47 58 46 32 43 21 50 14 53 48 3 25 22 59 15 2 51 5 6 23 1 31 30 45 7 11 37 29 38 44 34 28 8 40 55 9 36 16 42 26 4 12 56 18 41 52 27 13 33 10 49
5780175274196400311 0
56 4 26 34 53 58 54 30 8 20 28 10 55 33 25 41 51 21 22 27 11 13 23 50 12 35 2 36 32 45 43 24 48 29 18 31 47 16 0 57 46 19 49 17 5 44 59 3 14 7 39 6 9 38 42 37 15 1 40 52
2 37 43 55 27 29 17 20 33 48 36 30 25 42 57 18 3 45 40 56 44 26 23 11 50 21 51 4 47 34 59 16 35 38 39 5 10 54 49 12 52 15 14 6 1 22 31 58 53 19 13 9 28 41 8 7 0 32 46 24
56 4 26 34 53 58 54 30 8 20 28 10 55 33 25 41 51 21 22 27 11 13 23 50 12 35 2 36 32 45 43 24 48 29 18 31 47 16 0 57 46 19 49 17 5 44 59 3 14 7 39 6 9 38 42 37 15 1 40 52
2 37 43 55 27 29 17 20 33 48 36 30 25 42 57 18 3 45 40 56 44 26 23 11 50 21 51 4 47 34 59 16 35 38 39 5 10 54 49 12 52 15 14 6 1 22 31 58 53 19 13 9 28 41 8 7 0 32 46 24
17463394926941678901 0
19 13 20 45 41 22 9 3 5 56 24 27 59 18 53 54 29 34 36 40 31 50 39 26 15 23 32 44 35 30 47 1 42 0 33 52 57 6 11 12 38 2 8 4 7 58 17 10 16 46 37 25 55 49 48 28 43 14 21 51
51 24 37 4 49 52 55 5 6 27 2 38 9 43 8 44 14 35 28 47 50 56 31 7 34 16 0 13 59 46 1 45 15 17 42 57 36 20 40 30 21 23 33 12 25 18 3 54 32 48 39 10 26 58 41 29 11 22 19 53
19 13 20 45 41 22 9 3 5 56 24 27 59 18 53 54 29 34 36 40 31 50 39 26 15 23 32 44 35 30 47 1 42 0 33 52 57 6 11 12 38 2 8 4 7 58 17 10 16 46 37 25 55 49 48 28 43 14 21 51
51 24 37 4 49 52 55 5 6 27 2 38 9 43 8 44 14 35 28 47 50 56 31 7 34 16 0 13 59 46 1 45 15 17 42 57 36 20 40 30 21 23 33 12 25 18 3 54 32 48 39 10 26 58 41 29 11 22 19 53
1642192338880639173 0
8 39 22 2 25 16 23 14 36 47 43 29 40 34 56 19 13 46 1 57 32 24 35 52 6 12 48 10 53 44 42 26 38 4 17 50 3 49 58 55 59 5 37 51 11 41 21 18 9 27 45 0 20 7 31 28 15 54 30 33
12 32 34 2 22 55 39 40 10 35 31 18 11 1 47 45 27 43 30 13 44 36 41 48 51 26 38 57 6 4 14 42 46 24 5 7 3 21 0 16 15 20 56 19 9 8 52 50 28 54 17 25 37 33 29 58 59 53 23 49
8 39 22 2 25 16 23 14 36 47 43 29 40 34 56 19 13 46 1 57 32 24 35 52 6 12 48 10 53 44 42 26 38 4 17 50 3 49 58 55 59 5 37 51 11 41 21 18 9 27 45 0 20 7 31 28 15 54 30 33
12 32 34 2 22 55 39 40 10 35 31 18 11 1 47 45 27 43 30 13 44 36 41 48 51 26 38 57 6 4 14 42 46 24 5 7 3 21 0 16 15 20 56 19 9 8 52 50 28 54 17 25 37 33 29 58 59 53 23 49
8422388085012598442 0
0 47 41 39 57 56 58 8 16 23 19 37 51 9 49 12 55 7 1 38 33 40 30 6 42 22 4 28 59 20 48 43 25 54 35 52 5 10 34 17 27 26 18 46 14 24 45 13 21 44 50 11 32 29 15 53 3 2 31 36
9 1 5 45 21 54 55 27 7 3 41 23 33 46 20 35 24 51 14 28 50 56 53 38 25 13 36 19 31 59 42 10 47 22 6 15 58 34 52 48 49 29 32 30 2 37 44 43 8 11 39 26 17 0 16 57 4 18 40 12
0 47 41 39 57 56 58 8 16 23 19 37 51 9 49 12 55 7 1 38 33 40 30 6 42 22 4 28 59 20 48 43 25 54 35 52 5 10 34 17 27 26 18 46 14 24 45 13 21 44 50 11 32 29 15 53 3 2 31 36
9 1 5 45 21 54 55 27 7 3 41 23 33 46 20 35 24 51 14 28 50 56 53 38 25 13 36 19 31 59 42 10 47 22 6 15 58 34 52 48 49 29 32 30 2 37 44 43 8 11 39 26 17 0 16 57 4 18 40 12
14389117788830798021 0
35 0 59 22 25 6 32 8 9 19 56 42 43 36 37 18 3 26 10 53 13 55 31 30 57 2 28 38 40 15 45 44 11 46 1 27 20 33 41 58 48 14 23 47 54 7 17 16 29 51 50 5 49 4 34 52 24 21 39 12
6 4 49 54 44 40 1 8 56 11 51 37 38 45 26 18 58 12 31 34 32 41 55 3 13 7 46 53 30 20 27 5 2 48 24 15 29 17 47 35 21 23 36 9 25 52 57 28 19 39 22 42 59 43 14 10 16 50 33 0
35 0 59 22 25 6 32 8 9 19 56 42 43 36 37 18 3 26 10 53 13 55 31 30 57 2 28 38 40 15 45 44 11 46 1 27 20 33 41 58 48 14 23 47 54 7 17 16 29 51 50 5 49 4 34 52 24 21 39 12
6 4 49 54 44 40 1 8 56 11 51 37 38 45 26 18 58 12 31 34 32 41 55 3 13 7 46 53 30 20 27 5 2 48 24 15 29 17 47 35 21 23 36 9 25 52 57 28 19 39 22 42 59 43 14 10 16 50 33 0
12654961803529272516 0
40 10 31 29 56 6 23 46 33 37 17 7 0 9 55 18 15 26 34 35 44 25 8 39 28 47 4 11 3 12 58 52 14 1 30 41 59 57 19 51 42 49 45 27 43 24 21 36 48 38 5 22 2 13 50 54 16 20 53 32
18 53 20 55 27 58 44 56 35 3 26 41 43 6 32 21 7 54 15 36 23 9 51 34 19 0 40 31 17 39 57 33 42 11 2 13 14 50 45 1 38 49 28 29 24 12 47 8 52 48 37 10 4 30 5 59 46 16 22 25
40 10 31 29 56 6 23 46 33 37 17 7 0 9 55 18 15 26 34 35 44 25 8 39 28 47 4 11 3 12 58 52 14 1 30 41 59 57 19 51 42 49 45 27 43 24 21 36 48 38 5 22 2 13 50 54 16 20 53 32
18 53 20 55 27 58 44 56 35 3 26 41 43 6 32 21 7 54 15 36 23 9 51 34 19 0 40 31 17 39 57 33 42 11 2 13 14 50 45 1 38 49 28 29 24 12 47 8 52 48 37 10 4 30 5 59 46 16 22 25
15255281255483208960 0
17 55 32 42 25 47 31 5 50 41 49 15 57 14 3 48 26 33 36 1 59 38 43 53 52 21 20 10 23 37 6 34 35 54 12 18 19 40 24 16 13 9 8 39 22 11 2 51 29 4 30 45 0 46 56 28 44 58 27 7
13 14 10 38 36 25 23 26 22 8 52 34 30 21 32 39 9 43 45 29 19 28 48 3 15 4 59 54 1 5 51 58 46 12 11 57 47 17 53 55 35 2 31 50 42 44 40 56 49 33 27 24 7 41 37 6 16 20 0 18
17 55 32 42 25 47 31 5 50 41 49 15 57 14 3 48 26 33 36 1 59 38 43 53 52 21 20 10 23 37 6 34 35 54 12 18 19 40 24 16 13 9 8 39 22 11 2 51 29 4 30 45 0 46 56 28 44 58 27 7
13 14 10 38 36 25 23 26 22 8 52 34 30 21 32 39 9 43 45 29 19 28 48 3 15 4 59 54 1 5 51 58 46 12 11 57 47 17 53 55 35 2 31 50 42 44 40 56 49 33 27 24 7 41 37 6 16 20 0 18
18061329552170159712 0
32 59 46 19 40 48 26 51 22 11 36 57 56 41 33 14 6 25 39 7 21 30 3 31 0 28 16 18 58 8 10 38 53 49 15 52 35 5 47 9 42 45 27 50 2 20 23 13 4 43 54 44 37 34 12 1 29 24 17 55
56 16 10 1 26 59 41 11 31 23 15 32 17 27 22 3 18 5 44 8 25 2 45 58 55 53 52 37 12 7 14 19 36 6 48 30 50 51 0 39 47 49 57 33 38 35 29 34 42 46 20 13 21 9 43 4 40 28 54 24
32 59 46 19 40 48 26 51 22 11 36 57 56 41 33 14 6 25 39 7 21 30 3 31 0 28 16 18 58 8 10 38 53 49 15 52 35 5 47 9 42 45 27 50 2 20 23 13 4 43 54 44 37 34 12 1 29 24 17 55
56 16 10 1 26 59 41 11 31 23 15 32 17 27 22 3 18 5 44 8 25 2 45 58 55 53 52 37 12 7 14 19 36 6 48 30 50 51 0 39 47 49 57 33 38 35 29 34 42 46 20 13 21 9 43 4 40 28 54 24
4400651294206166632 0
27 21 43 52 19 30 50 0 13 47 28 7 6 3 42 16 41 59 32 17 46 37 20 31 49 29 23 54 56 39 4 10 1 33 18 25 22 15 14 9 26 51 48 24 11 44 38 53 45 5 35 40 55 58 2 8 12 57 34 36
18 56 2 37 23 13 19 43 58 12 51 0 30 16 44 41 17 9 20 7 49 31 59 45 50 35 46 55 47 1 26 24 4 21 48 22 15 38 32 29 39 14 36 54 8 6 52 53 40 34 57 28 3 5 11 10 33 27 25 42
27 21 43 52 19 30 50 0 13 47 28 7 6 3 42 16 41 59 32 17 46 37 20 31 49 29 23 54 56 39 4 10 1 33 18 25 22 15 14 9 26 51 48 24 11 44 38 53 45 5 35 40 55 58 2 8 12 57 34 36
18 56 2 37 23 13 19 43 58 12 51 0 30 16 44 41 17 9 20 7 49 31 59 45 50 35 46 55 47 1 26 24 4 21 48 22 15 38 32 29 39 14 36 54 8 6 52 53 40 34 57 28 3 5 11 10 33 27 25 42
11991420324365208194 0
9 51 17 10 32 43 2 8 20 16 19 27 37 34 35 36 33 11 38 53 58 26 15 59 55 54 52 13 48 30 56 5 28 12 21 3 42 1 40 25 49 47 44 45 4 57 46 39 14 31 41 6 18 24 23 7 0 50 22 29
34 11 36 31 49 56 9 10 40 43 39 41 1 16 21 29 50 22 52 8 47 3 38 42 26 45 58 19 44 24 28 46 30 6 33 20 12 51 53 17 15 5 7 59 48 54 25 2 32 55 37 57 4 14 18 27 35 13 0 23
9 51 17 10 32 43 2 8 20 16 19 27 37 34 35 36 33 11 38 53 58 26 15 59 55 54 52 13 48 30 56 5 28 12 21 3 42 1 40 25 49 47 44 45 4 57 46 39 14 31 41 6 18 24 23 7 0 50 22 29
34 11 36 31 49 56 9 10 40 43 39 41 1 16 21 29 50 22 52 8 47 3 38 42 26 45 58 19 44 24 28 46 30 6 33 20 12 51 53 17 15 5 7 59 48 54 25 2 32 55 37 57 4 14 18 27 35 13 0 23
14042626890910835631 0
3 37 25 53 36 29 44 55 59 39 19 20 24 6 52 33 35 34 8 15 14 40 23 18 54 17 5 41 22 30 9 2 31 4 21 42 12 28 7 11 48 10 27 38 0 16 58 1 32 47 56 46 51 43 50 49 57 26 13 45
41 55 45 10 53 17 57 29 28 44 13 11 18 39 56 26 48 50 42 37 22 54 52 31 5 14 4 24 43 16 46 6 49 36 47 23 35 34 32 25 2 3 7 30 59 51 21 58 40 15 8 9 20 19 0 38 1 12 27 33
3 37 25 53 36 29 44 55 59 39 19 20 24 6 52 33 35 34 8 15 14 40 23 18 54 17 5 41 22 30 9 2 31 4 21 42 12 28 7 11 48 10 27 38 0 16 58 1 32 47 56 46 51 43 50 49 57 26 13 45
41 55 45 10 53 17 57 29 28 44 13 11 18 39 56 26 48 50 42 37 22 54 52 31 5 14 4 24 43 16 46 6 49 36 47 23 35 34 32 25 2 3 7 30 59 51 21 58 40 15 8 9 20 19 0 38 1 12 27 33
8806140950817068957 0
11 46 13 15 38 34 41 9 17 28 39 10 27 3 31 20 52 40 36 24 25 55 19 37 57 23 49 48 12 33 1 29 59 56 45 21 58 32 50 22 47 16 53 18 2 8 44 0 7 5 14 54 30 6 4 26 51 42 35 43
55 9 22 10 19 21 33 13 1 53 44 31 26 28 20 41 46 25 4 39 40 2 32 38 29 8 35 43 54 49 12 3 59 57 50 6 51 48 47 24 17 34 0 11 15 52 30 18 14 36 5 42 58 27 56 37 7 45 16 23
11 46 13 15 38 34 41 9 17 28 39 10 27 3 31 20 52 40 36 24 25 55 19 37 57 23 49 48 12 33 1 29 59 56 45 21 58 32 50 22 47 16 53 18 2 8 44 0 7 5 14 54 30 6 4 26 51 42 35 43
55 9 22 10 19 21 33 13 1 53 44 31 26 28 20 41 46 25 4 39 40 2 32 38 29 8 35 43 54 49 12 3 59 57 50 6 51 48 47 24 17 34 0 11 15 52 30 18 14 36 5 42 58 27 56 37 7 45 16 23
