FACTOR_PERMUTATION_V1 12 16 1024 1 1
10 0 1 1 1 1 1 1 1 1 1 1 0 0 2 2 2 2 2 2 2 2 2 2 0 1 1 2 2 2 2 2 2 2 2 2
0 10 1 1 1 1 1 1 1 1 1 1 0 0 2 2 2 2 2 2 2 2 2 2 1 0 2 2 1 2 2 2 2 2 2 2
1 1 10 0 1 1 1 1 1 1 1 1 2 2 0 0 2 2 2 2 2 2 2 2 1 2 0 1 2 2 2 2 2 2 2 2
1 1 0 10 1 1 1 1 1 1 1 1 2 2 0 0 2 2 2 2 2 2 2 2 2 2 1 0 2 2 1 2 2 2 2 2
1 1 1 1 10 0 1 1 1 1 1 1 2 2 2 2 0 0 2 2 2 2 2 2 2 1 2 2 0 1 2 2 2 2 2 2
1 1 1 1 0 10 1 1 1 1 1 1 2 2 2 2 0 0 2 2 2 2 2 2 2 2 2 2 1 0 2 1 2 2 2 2
1 1 1 1 1 1 10 0 1 1 1 1 2 2 2 2 2 2 0 1 1 2 2 2 2 2 2 1 2 2 0 1 2 2 2 2
1 1 1 1 1 1 0 10 1 1 1 1 2 2 2 2 2 2 1 0 2 2 1 2 2 2 2 2 2 1 1 0 2 2 2 2
1 1 1 1 1 1 1 1 10 0 1 1 2 2 2 2 2 2 1 2 0 1 2 2 2 2 2 2 2 2 2 2 0 0 2 2
1 1 1 1 1 1 1 1 0 10 1 1 2 2 2 2 2 2 2 2 1 0 2 1 2 2 2 2 2 2 2 2 0 0 2 2
1 1 1 1 1 1 1 1 1 1 10 0 2 2 2 2 2 2 2 1 2 2 0 1 2 2 2 2 2 2 2 2 2 2 0 0
1 1 1 1 1 1 1 1 1 1 0 10 2 2 2 2 2 2 2 2 2 1 1 0 2 2 2 2 2 2 2 2 2 2 0 0
0 0 2 2 2 2 2 2 2 2 2 2 10 0 1 1 1 1 1 1 1 1 1 1 0 1 1 2 2 2 2 2 2 2 2 2
0 0 2 2 2 2 2 2 2 2 2 2 0 10 1 1 1 1 1 1 1 1 1 1 1 0 2 2 1 2 2 2 2 2 2 2
2 2 0 0 2 2 2 2 2 2 2 2 1 1 10 0 1 1 1 1 1 1 1 1 1 2 0 1 2 2 2 2 2 2 2 2
2 2 0 0 2 2 2 2 2 2 2 2 1 1 0 10 1 1 1 1 1 1 1 1 2 2 1 0 2 2 1 2 2 2 2 2
2 2 2 2 0 0 2 2 2 2 2 2 1 1 1 1 10 0 1 1 1 1 1 1 2 1 2 2 0 1 2 2 2 2 2 2
2 2 2 2 0 0 2 2 2 2 2 2 1 1 1 1 0 10 1 1 1 1 1 1 2 2 2 2 1 0 2 1 2 2 2 2
2 2 2 2 2 2 0 1 1 2 2 2 1 1 1 1 1 1 10 1 0 1 1 1 2 2 2 1 2 2 0 2 1 2 2 2
2 2 2 2 2 2 1 0 2 2 1 2 1 1 1 1 1 1 1 10 1 1 0 1 2 2 2 2 2 1 2 0 2 2 1 2
2 2 2 2 2 2 1 2 0 1 2 2 1 1 1 1 1 1 0 1 10 1 1 1 2 2 2 2 2 2 1 2 0 1 2 2
2 2 2 2 2 2 2 2 1 0 2 1 1 1 1 1 1 1 1 1 1 10 1 0 2 2 2 2 2 2 2 2 1 0 2 1
2 2 2 2 2 2 2 1 2 2 0 1 1 1 1 1 1 1 1 0 1 1 10 1 2 2 2 2 2 2 2 1 2 2 0 1
2 2 2 2 2 2 2 2 2 1 1 0 1 1 1 1 1 1 1 1 1 0 1 10 2 2 2 2 2 2 2 2 2 1 1 0
0 1 1 2 2 2 2 2 2 2 2 2 0 1 1 2 2 2 2 2 2 2 2 2 10 1 0 1 1 1 1 1 1 1 1 1
1 0 2 2 1 2 2 2 2 2 2 2 1 0 2 2 1 2 2 2 2 2 2 2 1 10 1 1 0 1 1 1 1 1 1 1
1 2 0 1 2 2 2 2 2 2 2 2 1 2 0 1 2 2 2 2 2 2 2 2 0 1 10 1 1 1 1 1 1 1 1 1
2 2 1 0 2 2 1 2 2 2 2 2 2 2 1 0 2 2 1 2 2 2 2 2 1 1 1 10 1 1 0 1 1 1 1 1
2 1 2 2 0 1 2 2 2 2 2 2 2 1 2 2 0 1 2 2 2 2 2 2 1 0 1 1 10 1 1 1 1 1 1 1
2 2 2 2 1 0 2 1 2 2 2 2 2 2 2 2 1 0 2 1 2 2 2 2 1 1 1 1 1 10 1 0 1 1 1 1
2 2 2 1 2 2 0 1 2 2 2 2 2 2 2 1 2 2 0 2 1 2 2 2 1 1 1 0 1 1 10 1 1 1 1 1
2 2 2 2 2 1 1 0 2 2 2 2 2 2 2 2 2 1 2 0 2 2 1 2 1 1 1 1 1 0 1 10 1 1 1 1
2 2 2 2 2 2 2 2 0 0 2 2 2 2 2 2 2 2 1 2 0 1 2 2 1 1 1 1 1 1 1 1 10 0 1 1
2 2 2 2 2 2 2 2 0 0 2 2 2 2 2 2 2 2 2 2 1 0 2 1 1 1 1 1 1 1 1 1 0 10 1 1
2 2 2 2 2 2 2 2 2 2 0 0 2 2 2 2 2 2 2 1 2 2 0 1 1 1 1 1 1 1 1 1 1 1 10 0
2 2 2 2 2 2 2 2 2 2 0 0 2 2 2 2 2 2 2 2 2 1 1 0 1 1 1 1 1 1 1 1 1 1 0 10
0 2
0 3
0 4
0 5
0 6
0 7
0 8
0 9
0 10
0 11
1 2
1 3
1 4
1 5
1 6
1 7
1 8
1 9
1 10
1 11
2 4
2 5
2 6
2 7
2 8
2 9
2 10
2 11
3 4
3 5
3 6
3 7
3 8
3 9
3 10
3 11
4 6
4 7
4 8
4 9
4 10
4 11
5 6
5 7
5 8
5 9
5 10
5 11
6 8
6 9
6 10
6 11
7 8
7 9
7 10
7 11
8 10
8 11
9 10
9 11
0 2
0 3
0 4
0 5
0 6
0 7
0 8
0 9
0 10
0 11
1 2
1 3
1 4
1 5
1 6
1 7
1 8
1 9
1 10
1 11
2 4
2 5
2 6
2 7
2 8
2 9
2 10
2 11
3 4
3 5
3 6
3 7
3 8
3 9
3 10
3 11
4 6
4 7
4 8
4 9
4 10
4 11
5 6
5 7
5 8
5 9
5 10
5 11
6 7
6 9
6 10
6 11
7 8
7 9
7 11
8 9
8 10
8 11
9 10
10 11
0 1
0 3
0 4
0 5
0 6
0 7
0 8
0 9
0 10
0 11
1 2
1 3
1 5
1 6
1 7
1 8
1 9
1 10
1 11
2 3
2 4
2 5
2 6
2 7
2 8
2 9
2 10
2 11
3 4
3 5
3 7
3 8
3 9
3 10
3 11
4 5
4 6
4 7
4 8
4 9
4 10
4 11
5 6
5 8
5 9
5 10
5 11
6 7
6 8
6 9
6 10
6 11
7 8
7 9
7 10
7 11
8 10
8 11
9 10
9 11
1308259225737255117 2048
57 46 50 15 24 35 36 43 20 45 44 55 27 59 2 21 39 31 30 26 52 7 58 9 18 42 4 37 56 54 0 12 48 41 13 6 32 49 1 10 51 5 17 38 33 8 16 22 47 19 28 34 3 40 25 11 23 14 53 29
37 25 5 33 43 36 59 41 42 29 9 10 32 1 54 13 47 45 23 38 49 51 12 24 28 58 35 15 50 14 40 7 3 46 57 30 34 56 8 55 31 44 39 18 52 48 21 17 26 0 6 53 11 19 2 27 16 22 20 4
57 46 50 15 24 35 36 43 20 45 44 55 27 59 2 21 39 31 30 26 52 7 58 9 18 42 4 37 56 54 0 12 48 41 13 6 32 49 1 10 51 5 17 38 33 8 16 22 47 19 28 34 3 40 25 11 23 14 53 29
37 25 5 33 43 36 59 41 42 29 9 10 44 1 54 13 47 45 23 38 49 51 12 24 28 58 35 15 50 14 40 7 3 46 57 30 34 56 8 55 31 32 39 18 52 48 21 17 26 0 6 53 11 19 2 27 16 22 20 4
939971555529386505 2048
37 40 56 22 33 9 13 31 55 35 39 44 30 53 46 29 5 34 10 38 57 8 51 18 6 47 7 50 2 17 21 24 49 58 14 43 52 25 15 19 0 48 11 54 27 23 32 4 59 3 28 26 1 42 41 16 45 20 12 36
49 27 32 28 15 45 51 36 35 30 22 50 3 59 31 25 34 12 52 8 14 18 42 2 23 7 56 24 33 29 9 41 40 5 16 48 46 13 26 38 47 0 58 10 4 17 6 39 37 20 53 44 57 54 1 19 11 43 21 55
37 40 56 22 33 9 13 31 55 35 39 44 30 53 46 29 5 34 10 38 57 8 51 18 6 47 7 50 2 17 21 24 49 58 14 43 52 25 15 19 0 48 11 54 27 23 32 4 59 3 28 26 1 42 41 16 45 20 12 36
49 27 32 28 15 45 51 36 35 30 22 50 3 59 31 25 34 12 52 8 14 18 42 2 23 7 56 24 33 29 9 41 40 5 16 48 46 13 26 38 47 0 58 10 4 17 6 39 37 20 53 44 57 54 1 19 11 43 21 55
4847389509995572748 2048
54 50 23 30 29 26 39 37 36 57 38 53 18 33 58 51 31 20 49 42 7 48 17 12 59 4 32 43 14 27 9 45 46 15 44 6 52 47 22 35 28 55 34 16 41 56 5 10 24 13 2 0 1 8 25 11 19 3 21 40
13 52 32 41 35 26 31 27 53 1 3 4 48 58 59 38 8 54 29 10 51 23 43 49 28 40 14 56 45 15 20 17 2 55 18 42 33 7 16 9 19 37 0 24 50 22 44 34 46 30 6 25 57 11 5 39 21 47 36 12
54 50 23 30 29 26 39 37 36 57 38 53 18 33 58 51 31 20 49 42 7 48 17 12 59 4 32 43 14 27 9 45 46 15 44 6 52 47 22 35 28 55 34 16 41 56 5 10 24 13 2 0 1 8 25 11 19 3 21 40
13 52 32 41 35 26 31 27 53 1 3 4 48 58 59 38 8 54 29 10 51 23 43 49 28 40 14 56 45 15 20 17 2 55 18 42 33 7 16 9 19 37 0 24 50 22 44 34 46 30 6 25 57 11 5 39 21 47 36 12
12725391176430237691 2048
9 31 4 49 40 44 59 23 55 24 56 14 28 53 27 39 54 42 46 16 52 22 47 11 10 37 7 38 17 57 2 6 43 26 45 41 58 19 51 3 48 34 15 35 8 18 50 5 1 36 21 33 25 30 0 13 12 29 32 20
13 59 52 19 9 44 28 33 54 36 43 46 56 31 39 49 27 5 48 23 10 58 57 40 14 4 37 32 50 8 30 41 17 35 21 15 3 25 29 34 2 53 38 11 24 22 16 42 7 26 47 0 18 55 6 1 51 20 12 45
9 31 4 49 40 44 59 23 55 24 56 14 28 53 27 39 54 42 46 16 52 22 47 11 10 37 7 50 17 57 2 6 43 26 45 41 58 19 51 3 48 34 15 35 8 18 38 5 1 36 21 33 25 30 0 13 12 29 32 20
13 59 15 19 9 44 28 33 54 36 43 46 56 31 39 49 27 5 48 23 10 58 57 40 14 4 37 32 50 8 30 41 17 35 21 52 3 25 29 34 2 53 38 11 26 22 16 42 7 24 47 0 18 55 6 1 51 20 12 45
18416374658019045405 2048
55 37 53 30 56 58 27 22 29 10 59 54 6 16 25 38 46 40 36 48 42 52 13 28 12 1 5 49 9 18 43 24 4 45 50 39 34 23 26 41 17 32 14 51 7 35 20 8 33 2 57 0 19 15 11 3 47 31 21 44
9 25 56 11 45 36 12 59 58 48 37 43 46 54 3 16 1 31 27 19 49 39 34 52 26 14 42 17 30 57 15 18 40 20 44 5 10 8 47 33 29 2 53 24 50 22 28 7 35 4 23 38 32 41 6 21 0 51 55 13
55 37 53 30 56 58 27 22 29 10 59 54 6 16 25 38 46 40 36 48 42 52 13 28 12 1 5 49 9 18 43 24 4 45 50 39 34 23 26 41 17 32 14 51 7 35 0 8 33 2 57 20 19 15 11 3 47 31 21 44
9 25 56 11 45 36 12 59 58 48 37 43 46 54 3 16 1 31 27 19 49 39 34 52 26 14 42 17 30 57 15 18 40 20 44 5 10 8 47 33 29 2 53 24 50 22 28 7 35 4 23 38 32 41 6 21 0 51 55 13
17437023296353906655 2048
46 18 4 47 35 55 39 19 43 22 10 54 33 6 53 40 29 21 36 58 48 50 28 12 7 52 9 44 20 31 3 45 51 49 16 38 32 59 15 27 25 1 26 57 8 37 17 11 41 14 0 56 23 2 30 5 34 13 24 42
59 24 33 26 14 29 55 35 13 39 48 28 50 56 27 19 45 51 53 2 25 15 31 58 37 47 38 1 43 0 54 49 46 17 7 22 9 6 34 30 21 44 36 10 32 4 42 52 20 3 16 12 8 18 41 57 23 11 40 5
46 18 4 47 35 55 39 32 43 22 10 54 33 6 53 40 29 21 36 58 48 50 28 12 7 52 9 44 20 31 3 45 51 49 16 38 14 59 15 27 25 1 26 57 8 37 17 11 41 19 0 56 23 2 30 5 34 13 24 42
59 24 33 26 50 29 55 35 13 39 43 28 14 56 27 19 45 51 53 2 25 15 31 58 37 47 38 1 48 0 54 49 46 17 7 57 9 6 34 30 21 22 36 10 32 4 42 52 20 3 16 12 8 18 41 44 23 11 40 5
7811358826890700726 2048
52 39 0 59 47 13 34 30 38 36 4 40 55 10 56 58 54 28 23 32 19 25 46 8 2 43 48 42 50 44 41 53 45 9 49 16 31 57 15 22 1 18 17 37 51 35 7 5 11 26 27 6 20 24 29 3 21 33 12 14
43 51 33 1 26 59 39 47 16 6 37 13 29 49 28 56 42 8 5 46 52 50 0 44 55 41 17 32 57 54 53 40 9 12 35 2 27 4 34 58 48 22 15 19 10 38 20 7 45 23 31 25 3 18 24 11 36 14 30 21
52 39 0 59 47 13 34 30 38 36 4 40 55 10 56 58 54 28 23 32 19 25 46 8 2 43 48 42 50 44 41 53 45 9 49 16 6 57 15 22 1 18 17 37 51 35 7 5 11 26 27 31 20 24 29 3 21 33 12 14
43 51 33 1 26 59 39 47 16 6 37 13 29 49 28 56 42 8 23 46 52 50 0 44 55 41 17 32 57 54 53 40 3 12 5 2 27 4 34 58 48 22 15 19 10 38 20 7 45 35 31 25 9 18 24 11 36 14 30 21
1573451201692993741 2048
42 41 34 17 45 59 27 29 48 52 18 37 44 50 21 12 39 54 1 51 49 4 33 6 46 9 20 16 7 43 56 47 14 36 55 26 40 10 23 15 0 57 8 2 31 24 30 13 35 25 19 5 32 22 58 53 3 11 38 28
33 16 57 45 39 38 30 23 7 42 53 48 58 25 43 34 47 29 54 19 27 56 12 46 41 2 36 52 31 15 37 51 20 55 1 3 8 49 10 28 50 14 22 32 4 18 35 5 9 40 24 59 17 0 11 26 13 44 21 6
42 59 34 17 45 41 0 29 48 52 20 37 44 50 21 12 39 54 1 51 49 4 33 6 46 9 18 16 7 43 56 47 14 36 55 26 40 11 23 15 27 57 8 2 31 24 30 13 35 25 19 5 32 22 58 53 3 10 38 28
33 16 57 45 41 38 30 23 7 42 53 6 58 25 43 34 27 29 54 19 47 56 12 46 39 2 13 52 31 15 37 51 20 55 1 3 8 49 10 28 50 14 22 32 4 18 35 5 9 40 24 59 17 0 11 26 36 44 21 48
6718245397781624269 2048
10 19 46 4 57 39 43 48 35 28 6 22 51 37 38 27 33 26 44 31 34 42 13 7 54 9 49 15 53 56 45 47 58 52 5 40 25 16 8 30 0 36 23 32 14 59 41 55 3 18 50 1 12 2 29 24 20 21 17 11
46 52 49 31 28 17 19 45 14 48 12 44 25 1 27 57 37 36 4 58 32 41 56 22 11 8 53 2 51 54 33 6 3 55 39 16 5 40 43 9 38 23 15 7 26 20 42 10 18 24 0 35 59 30 21 34 50 47 29 13
10 19 46 34 57 39 43 48 35 28 6 22 51 37 38 27 33 26 44 31 56 42 13 7 54 9 49 15 53 4 45 47 58 52 5 40 25 16 8 30 0 36 23 32 14 59 41 55 3 18 50 1 12 2 29 24 20 21 17 11
46 52 49 31 28 17 19 45 14 48 12 44 25 1 27 57 37 36 4 58 32 41 56 22 11 8 53 2 51 54 33 6 3 55 39 16 5 40 43 9 38 23 15 7 26 20 42 10 18 24 0 35 59 30 21 34 50 47 29 13
15864671235151116332 2048
47 12 59 32 56 52 29 42 25 49 14 44 53 50 21 33 51 26 20 23 11 5 9 40 39 4 45 38 41 7 58 43 27 13 30 36 0 3 55 31 18 24 35 54 10 16 6 48 15 37 19 1 2 22 57 17 34 8 46 28
48 42 56 22 41 32 40 53 45 51 33 21 47 6 58 55 43 29 57 36 59 46 54 49 18 20 31 5 19 17 24 0 9 34 37 7 15 4 35 1 23 14 12 38 30 8 39 10 25 50 2 44 26 27 11 3 13 28 16 52
54 12 59 32 56 52 29 42 25 49 14 44 53 50 21 33 51 26 20 23 11 5 9 40 39 4 45 38 41 7 58 43 27 13 30 46 0 3 55 31 18 24 35 47 10 16 6 48 15 37 19 1 2 22 57 17 34 8 36 28
48 42 14 22 41 32 40 53 45 51 33 21 47 6 58 55 43 29 57 36 59 46 54 49 18 20 31 5 19 17 24 0 9 34 37 7 15 4 35 1 23 56 44 38 30 8 39 10 25 50 2 12 26 27 11 3 13 28 16 52
17031204639539817244 2048
18 55 43 31 51 21 30 23 32 20 45 50 35 44 22 54 37 24 57 34 56 49 13 6 5 41 39 1 9 52 19 36 47 46 12 53 33 25 17 4 16 38 8 7 59 11 48 10 27 40 42 3 2 14 26 28 0 58 29 15
31 14 59 13 53 19 46 35 8 47 34 27 50 41 56 38 32 4 30 44 15 2 5 45 26 42 36 16 1 33 39 58 6 17 43 52 3 12 54 55 29 25 57 11 21 23 49 48 18 40 10 28 51 20 7 0 37 22 24 9
18 55 32 31 24 47 34 23 13 51 45 56 35 44 22 54 37 20 57 1 50 49 43 6 5 41 16 21 52 9 19 42 36 46 12 53 33 26 25 4 14 38 8 7 59 11 48 10 27 40 30 3 2 58 39 28 0 17 29 15
53 14 59 13 50 19 46 35 8 47 34 27 3 36 24 38 32 4 30 44 15 2 5 45 26 42 41 16 1 17 39 58 12 0 52 43 40 48 54 55 29 25 57 11 7 23 49 31 9 33 21 28 51 20 10 6 37 22 56 18
4470237711504461905 2048
30 59 44 49 25 58 15 37 27 52 6 57 55 20 50 19 21 35 28 46 10 5 40 45 9 42 39 18 4 31 3 38 53 13 22 0 11 34 54 48 7 2 17 47 56 16 43 51 41 8 32 29 33 23 12 1 26 36 14 24
52 16 43 20 45 59 42 34 41 1 58 37 11 51 6 19 55 3 24 49 32 57 38 8 29 13 12 4 46 39 27 5 0 56 33 48 9 40 36 25 47 23 30 31 26 22 7 10 50 28 18 53 21 15 44 17 14 2 54 35
30 59 27 49 25 34 15 37 44 52 6 57 58 20 50 19 21 35 28 46 10 5 40 45 9 42 39 18 4 31 3 38 53 13 22 0 11 55 54 48 7 2 17 47 56 16 43 51 41 8 32 29 33 23 12 1 26 36 14 24
52 16 43 20 45 59 42 34 41 1 58 37 11 51 6 19 55 3 24 49 32 57 38 8 29 13 12 4 46 39 27 5 0 56 2 48 9 40 36 25 47 23 30 31 26 22 7 10 50 28 18 53 21 15 44 17 14 33 54 35
8709917070987592451 2048
48 29 39 52 35 20 50 10 45 38 28 16 59 17 43 3 51 5 24 47 8 27 55 13 49 19 2 37 56 53 40 57 21 36 4 7 25 9 23 31 15 30 1 22 6 46 33 14 34 42 12 18 11 58 41 32 0 54 44 26
11 56 19 6 35 9 29 47 55 58 51 21 30 50 44 48 23 41 20 31 49 5 8 39 37 45 43 22 46 18 53 13 40 4 7 12 57 33 16 26 52 2 54 59 27 10 32 24 0 34 15 28 3 38 25 14 17 36 1 42
48 29 39 52 35 20 50 10 45 38 28 16 59 17 43 42 41 5 24 47 8 27 55 13 49 19 2 37 56 53 40 57 21 36 4 7 25 9 23 31 15 30 1 22 6 46 33 14 34 3 12 18 11 58 51 32 0 54 44 26
11 56 19 6 35 9 29 47 55 58 51 21 30 50 44 48 23 41 20 31 49 5 8 39 37 45 43 22 46 18 53 13 40 4 7 12 57 33 16 26 52 2 54 59 27 10 32 24 0 34 15 28 3 38 25 14 17 36 1 42
1033725780638664741 2048
3 52 26 25 27 51 31 28 53 18 39 45 43 34 35 44 37 59 14 20 58 15 22 4 11 54 55 30 48 50 24 2 7 46 13 38 36 33 19 10 32 6 9 21 57 49 41 1 8 56 12 47 40 16 5 17 0 42 29 23
34 14 53 31 40 13 59 8 20 42 47 54 1 15 21 27 50 28 55 32 57 49 17 38 52 18 29 25 43 5 41 48 22 44 56 46 51 3 45 23 11 58 24 33 2 9 16 37 30 12 7 6 19 26 0 39 35 10 36 4
3 52 56 25 7 51 31 28 53 18 39 45 43 34 35 44 37 59 14 20 58 15 21 0 11 54 55 30 48 50 24 2 27 42 13 38 12 33 19 10 32 6 9 22 57 49 41 1 8 26 40 47 36 16 5 17 4 46 29 23
34 14 53 31 40 13 59 8 20 42 47 54 1 15 21 27 50 28 55 32 48 49 17 43 52 18 29 25 38 5 41 57 2 44 56 46 51 3 45 23 11 58 24 33 22 9 16 37 30 12 7 6 19 26 0 39 35 10 36 4
10537746527860630299 2048
15 16 35 41 36 26 52 25 46 42 50 28 22 44 58 53 12 34 57 23 9 18 45 51 21 38 5 40 7 54 33 20 43 6 49 13 8 56 14 37 32 19 24 17 4 30 31 55 59 27 1 29 11 47 10 2 39 0 3 48
41 50 30 10 58 38 35 55 36 31 39 56 12 34 29 26 54 0 42 49 43 8 11 2 45 14 52 22 53 16 40 59 9 28 21 23 19 27 25 51 5 6 20 48 47 46 15 7 37 4 57 44 13 24 32 3 1 18 17 33
15 16 35 41 36 31 52 25 46 42 50 28 22 44 58 53 19 34 57 23 9 30 45 51 21 38 5 40 7 54 24 20 43 6 49 13 8 56 14 37 55 12 33 17 4 18 26 32 59 27 29 1 11 47 10 2 39 0 3 48
41 50 30 10 53 3 35 55 36 31 39 56 18 34 29 26 54 0 42 49 43 8 11 2 45 14 52 22 58 16 40 59 9 28 21 23 19 27 25 51 5 6 20 48 47 46 15 7 37 4 57 44 13 24 32 38 1 12 17 33
15773888980501281591 2048
16 43 57 53 7 51 26 46 32 36 45 19 50 41 1 44 54 37 23 24 40 52 3 59 39 12 14 48 35 30 20 38 8 58 13 18 55 25 10 15 49 5 56 22 27 0 9 33 11 47 34 21 31 28 6 17 42 2 4 29
55 9 42 23 31 39 33 13 20 53 45 21 51 34 58 32 28 7 48 37 25 1 38 14 4 57 17 44 54 24 12 56 46 41 49 11 16 3 52 26 30 19 8 59 15 47 6 36 2 22 43 27 18 29 10 40 5 50 35 0
16 43 57 53 7 51 26 46 28 36 45 19 50 41 1 44 54 37 23 24 40 52 3 59 39 12 14 48 35 30 20 38 8 58 13 18 55 25 10 15 49 5 56 22 27 0 9 33 11 47 34 21 31 32 6 17 42 2 4 29
55 9 42 23 31 39 33 13 20 53 45 21 51 34 58 32 28 7 48 37 25 1 38 14 4 57 17 44 54 24 12 56 46 41 49 11 16 3 52 26 30 19 8 59 15 47 6 36 2 22 43 27 18 29 10 40 5 50 35 0
