FACTOR_PERMUTATION_V1 12 16 1024 1 1
10 0 1 1 1 1 1 1 1 1 1 1 0 0 2 2 2 2 2 2 2 2 2 2 0 1 1 2 2 2 2 2 2 2 2 2
0 10 1 1 1 1 1 1 1 1 1 1 0 0 2 2 2 2 2 2 2 2 2 2 1 0 2 2 1 2 2 2 2 2 2 2
1 1 10 0 1 1 1 1 1 1 1 1 2 2 0 0 2 2 2 2 2 2 2 2 1 2 0 1 2 2 2 2 2 2 2 2
1 1 0 10 1 1 1 1 1 1 1 1 2 2 0 0 2 2 2 2 2 2 2 2 2 2 1 0 2 2 1 2 2 2 2 2
1 1 1 1 10 0 1 1 1 1 1 1 2 2 2 2 0 0 2 2 2 2 2 2 2 1 2 2 0 1 2 2 2 2 2 2
1 1 1 1 0 10 1 1 1 1 1 1 2 2 2 2 0 0 2 2 2 2 2 2 2 2 2 2 1 0 2 1 2 2 2 2
1 1 1 1 1 1 10 0 1 1 1 1 2 2 2 2 2 2 0 1 1 2 2 2 2 2 2 1 2 2 0 1 2 2 2 2
1 1 1 1 1 1 0 10 1 1 1 1 2 2 2 2 2 2 1 0 2 2 1 2 2 2 2 2 2 1 1 0 2 2 2 2
1 1 1 1 1 1 1 1 10 0 1 1 2 2 2 2 2 2 1 2 0 1 2 2 2 2 2 2 2 2 2 2 0 0 2 2
1 1 1 1 1 1 1 1 0 10 1 1 2 2 2 2 2 2 2 2 1 0 2 1 2 2 2 2 2 2 2 2 0 0 2 2
1 1 1 1 1 1 1 1 1 1 10 0 2 2 2 2 2 2 2 1 2 2 0 1 2 2 2 2 2 2 2 2 2 2 0 0
1 1 1 1 1 1 1 1 1 1 0 10 2 2 2 2 2 2 2 2 2 1 1 0 2 2 2 2 2 2 2 2 2 2 0 0
0 0 2 2 2 2 2 2 2 2 2 2 10 0 1 1 1 1 1 1 1 1 1 1 0 1 1 2 2 2 2 2 2 2 2 2
0 0 2 2 2 2 2 2 2 2 2 2 0 10 1 1 1 1 1 1 1 1 1 1 1 0 2 2 1 2 2 2 2 2 2 2
2 2 0 0 2 2 2 2 2 2 2 2 1 1 10 0 1 1 1 1 1 1 1 1 1 2 0 1 2 2 2 2 2 2 2 2
2 2 0 0 2 2 2 2 2 2 2 2 1 1 0 10 1 1 1 1 1 1 1 1 2 2 1 0 2 2 1 2 2 2 2 2
2 2 2 2 0 0 2 2 2 2 2 2 1 1 1 1 10 0 1 1 1 1 1 1 2 1 2 2 0 1 2 2 2 2 2 2
2 2 2 2 0 0 2 2 2 2 2 2 1 1 1 1 0 10 1 1 1 1 1 1 2 2 2 2 1 0 2 1 2 2 2 2
2 2 2 2 2 2 0 1 1 2 2 2 1 1 1 1 1 1 10 1 0 1 1 1 2 2 2 1 2 2 0 2 1 2 2 2
2 2 2 2 2 2 1 0 2 2 1 2 1 1 1 1 1 1 1 10 1 1 0 1 2 2 2 2 2 1 2 0 2 2 1 2
2 2 2 2 2 2 1 2 0 1 2 2 1 1 1 1 1 1 0 1 10 1 1 1 2 2 2 2 2 2 1 2 0 1 2 2
2 2 2 2 2 2 2 2 1 0 2 1 1 1 1 1 1 1 1 1 1 10 1 0 2 2 2 2 2 2 2 2 1 0 2 1
2 2 2 2 2 2 2 1 2 2 0 1 1 1 1 1 1 1 1 0 1 1 10 1 2 2 2 2 2 2 2 1 2 2 0 1
2 2 2 2 2 2 2 2 2 1 1 0 1 1 1 1 1 1 1 1 1 0 1 10 2 2 2 2 2 2 2 2 2 1 1 0
0 1 1 2 2 2 2 2 2 2 2 2 0 1 1 2 2 2 2 2 2 2 2 2 10 1 0 1 1 1 1 1 1 1 1 1
1 0 2 2 1 2 2 2 2 2 2 2 1 0 2 2 1 2 2 2 2 2 2 2 1 10 1 1 0 1 1 1 1 1 1 1
1 2 0 1 2 2 2 2 2 2 2 2 1 2 0 1 2 2 2 2 2 2 2 2 0 1 10 1 1 1 1 1 1 1 1 1
2 2 1 0 2 2 1 2 2 2 2 2 2 2 1 0 2 2 1 2 2 2 2 2 1 1 1 10 1 1 0 1 1 1 1 1
2 1 2 2 0 1 2 2 2 2 2 2 2 1 2 2 0 1 2 2 2 2 2 2 1 0 1 1 10 1 1 1 1 1 1 1
2 2 2 2 1 0 2 1 2 2 2 2 2 2 2 2 1 0 2 1 2 2 2 2 1 1 1 1 1 10 1 0 1 1 1 1
2 2 2 1 2 2 0 1 2 2 2 2 2 2 2 1 2 2 0 2 1 2 2 2 1 1 1 0 1 1 10 1 1 1 1 1
2 2 2 2 2 1 1 0 2 2 2 2 2 2 2 2 2 1 2 0 2 2 1 2 1 1 1 1 1 0 1 10 1 1 1 1
2 2 2 2 2 2 2 2 0 0 2 2 2 2 2 2 2 2 1 2 0 1 2 2 1 1 1 1 1 1 1 1 10 0 1 1
2 2 2 2 2 2 2 2 0 0 2 2 2 2 2 2 2 2 2 2 1 0 2 1 1 1 1 1 1 1 1 1 0 10 1 1
2 2 2 2 2 2 2 2 2 2 0 0 2 2 2 2 2 2 2 1 2 2 0 1 1 1 1 1 1 1 1 1 1 1 10 0
2 2 2 2 2 2 2 2 2 2 0 0 2 2 2 2 2 2 2 2 2 1 1 0 1 1 1 1 1 1 1 1 1 1 0 10
0 2
0 3
0 4
0 5
0 6
0 7
0 8
0 9
0 10
0 11
1 2
1 3
1 4
1 5
1 6
1 7
1 8
1 9
1 10
1 11
2 4
2 5
2 6
2 7
2 8
2 9
2 10
2 11
3 4
3 5
3 6
3 7
3 8
3 9
3 10
3 11
4 6
4 7
4 8
4 9
4 10
4 11
5 6
5 7
5 8
5 9
5 10
5 11
6 8
6 9
6 10
6 11
7 8
7 9
7 10
7 11
8 10
8 11
9 10
9 11
0 2
0 3
0 4
0 5
0 6
0 7
0 8
0 9
0 10
0 11
1 2
1 3
1 4
1 5
1 6
1 7
1 8
1 9
1 10
1 11
2 4
2 5
2 6
2 7
2 8
2 9
2 10
2 11
3 4
3 5
3 6
3 7
3 8
3 9
3 10
3 11
4 6
4 7
4 8
4 9
4 10
4 11
5 6
5 7
5 8
5 9
5 10
5 11
6 7
6 9
6 10
6 11
7 8
7 9
7 11
8 9
8 10
8 11
9 10
10 11
0 1
0 3
0 4
0 5
0 6
0 7
0 8
0 9
0 10
0 11
1 2
1 3
1 5
1 6
1 7
1 8
1 9
1 10
1 11
2 3
2 4
2 5
2 6
2 7
2 8
2 9
2 10
2 11
3 4
3 5
3 7
3 8
3 9
3 10
3 11
4 5
4 6
4 7
4 8
4 9
4 10
4 11
5 6
5 8
5 9
5 10
5 11
6 7
6 8
6 9
6 10
6 11
7 8
7 9
7 10
7 11
8 10
8 11
9 10
9 11
4633351659938432774 4096
54 46 50 15 24 29 1 36 20 45 44 53 51 59 2 21 39 31 30 23 52 55 58 9 18 42 4 37 56 19 17 12 48 41 13 6 5 49 35 10 27 28 0 32 33 8 38 22 47 57 11 34 3 40 25 16 26 14 7 43
37 40 5 33 43 42 59 41 53 29 9 25 31 44 54 27 47 45 23 4 32 50 12 38 51 58 35 15 10 14 36 7 3 46 57 30 34 56 2 55 49 48 39 17 52 6 24 18 26 0 1 16 11 19 8 20 28 21 13 22
57 29 50 15 24 35 43 36 20 45 44 53 27 59 2 21 39 32 30 23 52 7 58 9 18 42 4 37 56 54 17 12 48 41 13 6 5 49 1 10 51 11 0 38 33 8 16 22 47 19 28 34 3 40 25 31 26 14 55 46
37 40 5 33 43 42 59 41 50 29 9 25 32 6 54 13 47 45 23 38 49 51 12 24 28 58 35 15 10 14 36 7 3 46 57 30 34 56 8 55 31 44 39 17 52 48 21 18 26 0 1 16 11 19 2 27 53 22 20 4
243100135749727858 4096
37 50 56 22 46 9 13 31 55 33 39 44 30 53 59 29 5 34 10 38 6 8 51 18 57 43 7 48 2 17 52 24 35 58 14 47 20 25 15 19 0 49 11 54 40 23 32 4 27 3 28 26 1 42 41 16 45 21 36 12
38 27 14 28 24 45 51 36 35 30 58 17 57 59 31 25 34 29 52 22 32 18 42 2 37 9 47 15 33 12 7 41 40 5 53 48 46 56 26 49 13 3 8 10 4 50 6 39 23 20 16 44 43 54 1 19 11 0 21 55
37 50 56 22 46 9 13 31 55 33 39 44 30 53 59 29 5 34 10 38 6 8 51 18 57 43 7 48 2 17 52 24 35 58 14 47 20 25 15 19 0 49 11 54 40 23 32 4 27 3 28 26 1 42 41 16 45 21 36 12
38 27 14 28 24 45 51 36 35 30 58 17 57 59 31 25 34 29 52 22 32 18 42 2 37 9 47 15 33 12 7 41 40 5 53 48 46 56 26 49 13 3 8 10 4 50 6 39 23 20 16 44 43 54 1 19 11 0 21 55
11856345333099814560 4096
54 50 23 30 34 38 39 0 44 49 26 53 18 33 29 51 15 20 57 42 7 48 17 12 59 4 32 43 14 16 9 45 46 35 36 52 6 47 22 31 37 55 58 27 41 56 5 10 24 13 2 40 3 8 25 11 19 1 21 28
13 52 57 41 12 26 29 54 53 1 40 42 48 33 27 5 55 49 38 10 51 44 23 59 32 20 14 56 45 15 35 17 2 7 18 9 58 31 16 8 19 37 0 24 50 22 28 30 46 34 6 25 4 11 3 39 21 47 36 43
54 50 23 30 34 38 39 0 44 49 26 53 18 33 29 51 15 20 57 42 7 48 17 12 59 4 32 43 14 16 9 45 46 35 36 52 6 47 22 31 40 55 58 27 41 56 5 10 24 13 2 37 3 8 25 11 19 1 21 28
13 52 57 41 12 26 29 54 53 1 40 42 48 33 27 5 55 49 38 10 51 44 23 59 32 20 14 56 45 15 35 17 2 7 18 9 58 4 16 8 19 37 0 24 50 22 28 30 46 34 6 25 31 11 3 39 21 47 36 43
18067430902882456398 4096
59 31 10 49 41 39 46 38 55 24 52 14 40 53 58 44 27 47 28 36 56 22 42 35 4 37 7 13 17 57 2 6 43 54 45 50 23 19 9 3 48 34 18 15 8 11 51 5 29 1 21 33 25 30 0 20 12 16 32 26
13 59 52 19 43 49 28 27 54 36 33 46 56 31 39 41 55 5 42 23 10 58 57 38 29 14 37 32 50 8 30 44 17 35 24 15 45 11 4 34 2 53 9 25 21 47 16 48 7 40 22 0 18 26 6 1 51 20 12 3
59 31 10 49 41 39 46 38 55 24 56 14 28 53 27 44 54 47 35 36 52 22 42 40 16 37 7 3 17 57 2 6 43 26 45 50 58 19 4 23 48 34 18 51 8 11 29 5 15 1 21 33 25 30 0 20 12 9 32 13
13 59 52 19 43 44 28 27 54 36 55 46 56 31 35 49 33 5 20 23 10 58 57 40 29 4 37 32 50 8 30 41 17 39 24 15 3 25 14 34 2 53 38 11 21 47 16 42 7 26 22 0 18 9 6 1 51 48 12 45
9809146288797092229 4096
57 37 30 53 6 58 27 22 29 47 51 19 28 32 25 38 46 40 49 48 23 56 12 2 13 1 5 36 9 45 43 24 8 18 4 39 34 42 26 52 17 16 15 59 7 35 20 50 33 41 55 0 10 14 11 3 54 31 21 44
2 25 56 11 59 36 12 55 58 48 14 43 51 54 8 16 1 29 24 20 49 3 34 52 26 39 42 17 30 18 15 57 40 13 44 5 10 9 47 33 21 4 53 27 50 22 31 7 35 45 28 38 32 41 6 19 0 46 37 23
57 37 30 53 6 58 27 22 29 47 51 19 28 32 25 38 46 40 49 48 23 56 12 2 13 1 5 36 9 45 43 24 8 18 4 39 34 42 26 52 17 16 15 59 7 35 20 50 33 41 55 0 10 14 11 3 54 31 21 44
2 25 56 11 59 36 12 55 58 48 14 43 51 54 8 16 1 29 24 20 49 3 34 52 26 39 42 17 30 18 15 57 40 13 44 5 10 9 47 33 21 4 53 27 50 22 31 7 35 45 28 38 32 41 6 19 0 46 37 23
13636684154290310318 4096
46 56 51 10 35 55 28 37 43 22 29 54 33 27 53 18 4 21 40 36 48 50 39 13 7 11 9 16 6 49 3 45 59 31 12 38 32 20 15 19 25 1 0 57 34 8 17 52 41 26 14 58 23 2 30 5 47 44 24 42
59 52 33 58 16 29 55 35 15 38 44 13 26 57 20 27 45 51 7 30 25 0 31 56 54 47 2 41 46 8 37 4 43 17 53 22 9 6 34 1 14 48 32 10 36 19 42 5 50 3 23 12 28 18 39 49 21 11 40 24
46 56 59 10 35 55 28 37 43 22 27 54 33 29 53 18 4 21 40 36 48 50 39 13 7 11 9 16 6 49 3 45 51 31 12 38 32 20 15 19 25 1 0 57 34 8 17 52 41 26 14 58 23 2 30 5 47 44 24 42
59 52 33 56 16 29 55 35 15 41 44 0 26 57 20 27 45 51 53 30 25 13 31 58 54 47 2 38 46 8 37 4 43 17 7 22 9 6 34 1 14 48 32 10 36 19 42 5 50 3 23 12 28 18 39 49 21 11 40 24
9025936075539484707 4096
23 39 6 59 47 13 34 30 27 36 49 37 55 4 46 58 54 11 32 10 19 28 56 8 2 43 48 42 26 44 41 14 3 9 7 16 31 57 15 22 1 45 17 35 51 5 18 52 25 50 38 0 20 24 29 53 21 33 12 40
43 51 33 1 26 16 39 55 49 6 37 25 21 32 28 56 42 8 46 47 38 50 13 44 52 41 17 59 15 54 53 3 9 12 2 35 0 5 34 58 48 22 57 19 10 36 27 7 45 23 31 20 40 18 24 11 4 14 30 29
23 39 6 59 47 13 34 30 27 36 49 37 55 4 46 58 54 28 32 10 19 11 56 8 2 43 48 42 26 44 41 14 45 9 7 16 31 57 15 22 1 35 17 53 51 5 18 52 25 50 38 0 20 24 29 3 21 33 12 40
43 51 33 1 26 49 39 55 16 6 37 25 21 59 28 56 42 8 46 47 38 50 13 44 52 41 17 32 57 54 53 3 9 12 2 35 0 5 34 58 48 22 15 19 10 36 27 7 45 23 31 20 40 18 24 11 4 14 30 29
6255994861632383784 4096
42 41 34 17 45 20 27 46 52 23 39 37 44 50 21 51 33 57 36 2 53 4 35 6 59 8 12 16 7 43 9 13 14 29 55 26 32 10 54 15 0 22 56 1 31 24 30 47 18 25 19 5 40 49 58 11 3 48 38 28
33 16 57 45 27 38 30 20 39 42 47 6 58 25 31 26 35 29 55 28 10 56 12 46 36 5 49 52 50 15 37 51 41 54 1 3 8 7 19 34 43 14 22 32 9 18 53 2 44 40 24 59 17 0 11 23 13 4 21 48
42 41 34 17 45 20 27 46 52 23 39 37 44 50 21 51 33 54 36 2 53 4 35 6 59 8 12 16 7 43 9 13 14 11 55 26 32 10 57 15 0 22 56 1 31 24 30 47 18 25 19 5 40 49 58 29 3 48 38 28
33 16 57 45 27 38 30 20 39 42 47 6 58 25 31 26 35 29 55 34 10 56 12 46 36 5 49 52 43 15 37 51 41 54 1 3 8 7 23 28 50 14 22 32 9 18 53 2 44 40 24 59 17 0 11 19 13 4 21 48
10961873031355656649 4096
24 19 0 50 57 40 43 48 35 28 38 10 51 37 18 25 33 26 44 31 11 42 59 7 54 41 49 15 53 6 45 47 58 52 5 46 21 16 8 30 56 36 23 32 14 34 27 55 3 39 4 1 12 2 29 22 20 9 17 13
46 52 58 32 28 17 19 45 14 48 12 44 25 1 27 38 37 36 4 56 57 41 49 22 11 8 53 2 51 54 33 6 3 55 39 16 5 40 43 9 31 23 15 7 50 20 42 10 18 24 0 35 59 30 21 34 26 47 29 13
24 19 56 4 57 39 43 48 35 28 38 22 51 37 40 25 33 59 44 31 34 42 13 7 54 9 49 15 53 6 45 47 58 52 5 46 27 16 8 30 0 36 23 32 14 26 41 55 3 18 50 1 12 2 29 10 20 21 17 11
46 52 49 57 28 17 19 45 14 48 12 44 25 1 27 38 37 36 4 56 32 41 58 22 11 8 53 2 51 54 33 6 3 55 39 16 5 40 43 9 31 23 15 7 26 20 42 10 18 24 0 35 59 30 21 34 50 47 29 13
12923471107251576632 4096
7 2 59 35 56 52 29 42 25 22 51 44 53 50 43 33 57 26 20 23 11 5 3 40 21 55 13 38 18 16 19 45 54 37 30 36 0 47 49 31 41 24 32 27 10 14 6 48 39 58 15 1 12 4 9 17 34 8 46 28
31 51 24 52 41 11 40 53 45 49 17 21 47 7 34 55 26 29 25 36 59 39 54 42 18 35 48 5 58 33 12 16 3 57 37 6 56 4 9 1 30 14 15 38 23 50 46 10 19 22 2 44 43 27 32 20 13 28 0 8
7 2 59 35 56 52 29 42 25 22 51 44 53 50 21 33 9 26 20 23 11 5 3 40 43 49 13 38 18 14 19 45 54 37 30 36 0 47 55 31 41 24 28 27 10 16 6 48 58 39 15 1 12 4 57 17 34 8 46 32
31 51 52 24 41 11 40 53 45 49 17 21 47 7 34 55 43 29 58 36 59 39 54 42 18 35 48 30 25 33 12 16 3 57 37 6 56 4 9 1 23 14 15 38 5 50 46 10 19 22 2 44 26 27 32 20 13 28 0 8
968798843369945149 4096
56 55 43 49 41 21 34 23 28 24 45 18 35 58 22 54 37 20 57 30 50 51 13 6 15 19 39 3 9 52 11 36 47 46 14 53 33 25 17 4 5 38 1 7 59 31 16 10 27 40 42 8 2 12 26 32 0 44 29 48
53 46 49 33 31 27 41 35 14 54 34 6 50 11 56 38 3 51 23 44 15 2 42 45 26 30 36 16 32 13 39 58 5 17 24 52 8 12 47 55 19 20 57 40 21 10 59 48 18 29 0 22 4 25 7 1 37 28 43 9
18 55 43 49 41 21 34 23 28 24 45 56 35 58 22 54 37 20 57 30 50 51 13 6 5 19 39 3 9 52 11 36 47 46 12 53 33 25 17 4 48 38 1 7 59 31 16 10 27 40 42 8 2 14 26 32 0 44 29 15
53 46 49 47 31 27 41 35 14 33 34 5 50 40 56 38 1 4 23 44 15 2 30 45 26 42 36 16 32 13 39 58 6 17 43 52 8 12 54 55 19 25 57 11 21 10 59 48 18 29 0 22 51 20 7 3 37 28 24 9
12502051898509202611 4096
30 57 44 49 25 40 15 37 54 21 6 50 55 20 59 47 58 35 28 43 18 23 39 52 19 42 46 2 4 31 3 38 53 13 45 26 11 34 27 48 7 16 17 9 56 8 22 51 41 5 24 1 29 10 12 33 0 36 14 32
52 39 4 17 45 59 22 34 38 33 58 3 29 51 43 19 55 5 24 49 32 57 54 8 42 41 12 6 46 53 27 37 15 56 1 48 9 40 14 25 47 23 20 31 26 36 7 10 50 11 0 16 21 18 44 13 28 2 30 35
30 57 44 49 25 40 15 37 54 21 6 50 55 20 59 47 58 35 28 43 18 23 39 52 19 42 46 2 4 31 3 38 53 13 45 26 11 34 27 48 7 16 17 9 56 8 22 51 41 5 24 1 29 10 12 33 0 36 14 32
52 39 4 17 45 59 22 34 38 33 58 3 29 51 43 19 55 5 24 49 32 57 54 8 42 41 12 6 46 53 27 37 15 56 1 48 9 40 14 25 47 23 20 31 26 36 7 10 50 11 0 16 21 18 44 13 28 2 30 35
11026039756494639251 4096
48 29 39 52 35 20 59 10 45 38 28 16 50 17 43 42 51 5 24 40 8 27 55 13 49 19 0 37 56 53 15 57 21 36 4 7 25 9 23 31 18 30 1 22 6 46 33 14 34 3 12 47 11 58 41 32 2 54 44 26
13 56 19 6 35 25 29 42 37 58 51 45 21 50 44 59 15 30 20 31 49 5 8 7 54 46 43 18 41 27 48 11 17 2 53 12 55 33 32 26 52 3 39 57 22 10 16 28 0 34 23 24 9 38 4 14 40 36 1 47
48 29 39 52 35 20 59 10 45 38 28 16 50 17 43 42 51 5 24 47 8 27 55 13 49 19 0 37 56 53 40 57 21 36 4 7 25 9 23 31 12 30 1 22 6 46 33 14 34 3 15 18 11 58 41 32 2 54 44 26
13 56 19 6 35 25 29 47 37 58 51 46 54 50 44 57 23 30 20 31 49 5 8 39 21 45 43 18 41 27 53 11 17 2 7 12 48 33 32 26 52 3 55 59 22 10 16 28 0 34 15 24 9 38 4 14 40 36 1 42
10168904742376233381 4096
44 52 26 25 31 21 30 28 39 59 41 45 48 34 32 55 5 46 14 20 7 15 49 50 11 54 51 3 47 36 24 2 58 18 29 38 10 33 19 6 56 4 9 27 57 22 53 1 37 8 13 43 40 16 35 17 0 42 12 23
34 40 53 51 41 13 59 8 20 12 47 54 1 15 44 27 50 39 55 32 57 25 17 38 52 18 29 36 22 43 14 49 4 9 56 46 24 3 45 30 11 58 31 33 2 5 16 23 37 21 7 6 19 26 0 28 35 10 42 48
44 52 26 25 31 21 30 28 39 59 41 45 48 34 32 55 5 46 14 20 7 15 49 50 11 54 3 51 47 36 24 2 58 18 29 38 10 33 19 6 56 4 9 27 57 22 53 1 37 8 13 43 40 16 35 17 0 42 12 23
34 40 53 51 41 13 59 8 20 12 47 54 1 15 44 27 50 39 55 32 57 25 17 38 52 18 29 36 22 43 14 49 4 9 56 46 24 3 45 30 11 58 31 33 2 5 16 37 23 21 7 6 19 26 0 28 35 10 42 48
15920592799424333073 4096
15 58 35 41 36 56 31 25 46 29 50 42 22 8 13 33 19 34 57 23 9 12 45 51 21 38 5 40 7 54 53 20 43 6 49 16 52 26 14 37 55 18 24 17 0 30 11 44 59 27 28 1 32 47 10 2 39 4 3 48
55 48 54 31 58 12 10 41 49 40 39 52 15 34 27 26 30 0 42 6 43 8 11 2 45 14 36 22 53 16 35 59 9 28 21 29 56 33 25 51 5 3 20 50 47 46 38 7 37 4 57 44 13 24 32 23 1 18 17 19
15 58 35 41 36 26 31 25 46 29 50 42 22 8 13 33 19 34 57 23 9 12 45 51 21 38 5 40 7 54 53 20 43 6 49 16 52 56 14 37 55 18 24 17 0 30 11 44 59 27 28 1 32 47 10 2 39 4 3 48
55 48 54 31 58 12 10 41 49 40 39 52 15 34 27 26 30 0 42 6 43 8 11 2 45 14 36 22 53 16 35 59 9 28 21 29 56 33 25 51 5 3 20 50 47 46 38 7 37 4 57 44 13 24 32 23 1 18 17 19
235784525855630064 4096
16 43 57 53 7 27 26 46 41 36 45 19 50 37 35 44 51 22 23 24 40 52 3 59 39 12 49 48 1 30 20 38 18 58 13 8 55 25 10 5 42 15 56 9 47 0 34 33 17 54 11 21 31 28 6 14 32 2 4 29
55 9 42 36 31 39 33 44 14 24 45 21 51 27 58 19 28 0 48 37 25 29 38 5 47 34 17 7 54 53 46 56 12 41 49 11 10 3 52 40 30 32 2 59 15 50 6 22 8 23 35 57 18 1 16 26 20 4 43 13
16 43 57 53 7 27 26 46 41 36 45 19 50 37 35 44 51 22 23 24 40 52 3 59 39 12 49 48 1 30 20 38 8 58 13 18 55 25 10 15 42 5 56 9 47 0 11 33 17 54 34 21 31 28 6 14 32 2 4 29
55 9 42 23 31 39 33 13 14 24 45 21 51 34 58 19 28 0 48 37 25 29 38 5 47 57 17 7 54 53 12 56 46 41 49 11 16 3 52 40 30 32 2 59 15 50 6 36 8 22 43 27 18 1 10 26 20 4 35 44
