FACTOR_PERMUTATION_V1 12 16 1024 1 1
10 0 1 1 1 1 1 1 1 1 1 1 0 0 2 2 2 2 2 2 2 2 2 2 0 1 1 2 2 2 2 2 2 2 2 2
0 10 1 1 1 1 1 1 1 1 1 1 0 0 2 2 2 2 2 2 2 2 2 2 1 0 2 2 1 2 2 2 2 2 2 2
1 1 10 0 1 1 1 1 1 1 1 1 2 2 0 0 2 2 2 2 2 2 2 2 1 2 0 1 2 2 2 2 2 2 2 2
1 1 0 10 1 1 1 1 1 1 1 1 2 2 0 0 2 2 2 2 2 2 2 2 2 2 1 0 2 2 1 2 2 2 2 2
1 1 1 1 10 0 1 1 1 1 1 1 2 2 2 2 0 0 2 2 2 2 2 2 2 1 2 2 0 1 2 2 2 2 2 2
1 1 1 1 0 10 1 1 1 1 1 1 2 2 2 2 0 0 2 2 2 2 2 2 2 2 2 2 1 0 2 1 2 2 2 2
1 1 1 1 1 1 10 0 1 1 1 1 2 2 2 2 2 2 0 1 1 2 2 2 2 2 2 1 2 2 0 1 2 2 2 2
1 1 1 1 1 1 0 10 1 1 1 1 2 2 2 2 2 2 1 0 2 2 1 2 2 2 2 2 2 1 1 0 2 2 2 2
1 1 1 1 1 1 1 1 10 0 1 1 2 2 2 2 2 2 1 2 0 1 2 2 2 2 2 2 2 2 2 2 0 0 2 2
1 1 1 1 1 1 1 1 0 10 1 1 2 2 2 2 2 2 2 2 1 0 2 1 2 2 2 2 2 2 2 2 0 0 2 2
1 1 1 1 1 1 1 1 1 1 10 0 2 2 2 2 2 2 2 1 2 2 0 1 2 2 2 2 2 2 2 2 2 2 0 0
1 1 1 1 1 1 1 1 1 1 0 10 2 2 2 2 2 2 2 2 2 1 1 0 2 2 2 2 2 2 2 2 2 2 0 0
0 0 2 2 2 2 2 2 2 2 2 2 10 0 1 1 1 1 1 1 1 1 1 1 0 1 1 2 2 2 2 2 2 2 2 2
0 0 2 2 2 2 2 2 2 2 2 2 0 10 1 1 1 1 1 1 1 1 1 1 1 0 2 2 1 2 2 2 2 2 2 2
2 2 0 0 2 2 2 2 2 2 2 2 1 1 10 0 1 1 1 1 1 1 1 1 1 2 0 1 2 2 2 2 2 2 2 2
2 2 0 0 2 2 2 2 2 2 2 2 1 1 0 10 1 1 1 1 1 1 1 1 2 2 1 0 2 2 1 2 2 2 2 2
2 2 2 2 0 0 2 2 2 2 2 2 1 1 1 1 10 0 1 1 1 1 1 1 2 1 2 2 0 1 2 2 2 2 2 2
2 2 2 2 0 0 2 2 2 2 2 2 1 1 1 1 0 10 1 1 1 1 1 1 2 2 2 2 1 0 2 1 2 2 2 2
2 2 2 2 2 2 0 1 1 2 2 2 1 1 1 1 1 1 10 1 0 1 1 1 2 2 2 1 2 2 0 2 1 2 2 2
2 2 2 2 2 2 1 0 2 2 1 2 1 1 1 1 1 1 1 10 1 1 0 1 2 2 2 2 2 1 2 0 2 2 1 2
2 2 2 2 2 2 1 2 0 1 2 2 1 1 1 1 1 1 0 1 10 1 1 1 2 2 2 2 2 2 1 2 0 1 2 2
2 2 2 2 2 2 2 2 1 0 2 1 1 1 1 1 1 1 1 1 1 10 1 0 2 2 2 2 2 2 2 2 1 0 2 1
2 2 2 2 2 2 2 1 2 2 0 1 1 1 1 1 1 1 1 0 1 1 10 1 2 2 2 2 2 2 2 1 2 2 0 1
2 2 2 2 2 2 2 2 2 1 1 0 1 1 1 1 1 1 1 1 1 0 1 10 2 2 2 2 2 2 2 2 2 1 1 0
0 1 1 2 2 2 2 2 2 2 2 2 0 1 1 2 2 2 2 2 2 2 2 2 10 1 0 1 1 1 1 1 1 1 1 1
1 0 2 2 1 2 2 2 2 2 2 2 1 0 2 2 1 2 2 2 2 2 2 2 1 10 1 1 0 1 1 1 1 1 1 1
1 2 0 1 2 2 2 2 2 2 2 2 1 2 0 1 2 2 2 2 2 2 2 2 0 1 10 1 1 1 1 1 1 1 1 1
2 2 1 0 2 2 1 2 2 2 2 2 2 2 1 0 2 2 1 2 2 2 2 2 1 1 1 10 1 1 0 1 1 1 1 1
2 1 2 2 0 1 2 2 2 2 2 2 2 1 2 2 0 1 2 2 2 2 2 2 1 0 1 1 10 1 1 1 1 1 1 1
2 2 2 2 1 0 2 1 2 2 2 2 2 2 2 2 1 0 2 1 2 2 2 2 1 1 1 1 1 10 1 0 1 1 1 1
2 2 2 1 2 2 0 1 2 2 2 2 2 2 2 1 2 2 0 2 1 2 2 2 1 1 1 0 1 1 10 1 1 1 1 1
2 2 2 2 2 1 1 0 2 2 2 2 2 2 2 2 2 1 2 0 2 2 1 2 1 1 1 1 1 0 1 10 1 1 1 1
2 2 2 2 2 2 2 2 0 0 2 2 2 2 2 2 2 2 1 2 0 1 2 2 1 1 1 1 1 1 1 1 10 0 1 1
2 2 2 2 2 2 2 2 0 0 2 2 2 2 2 2 2 2 2 2 1 0 2 1 1 1 1 1 1 1 1 1 0 10 1 1
2 2 2 2 2 2 2 2 2 2 0 0 2 2 2 2 2 2 2 1 2 2 0 1 1 1 1 1 1 1 1 1 1 1 10 0
2 2 2 2 2 2 2 2 2 2 0 0 2 2 2 2 2 2 2 2 2 1 1 0 1 1 1 1 1 1 1 1 1 1 0 10
0 2
0 3
0 4
0 5
0 6
0 7
0 8
0 9
0 10
0 11
1 2
1 3
1 4
1 5
1 6
1 7
1 8
1 9
1 10
1 11
2 4
2 5
2 6
2 7
2 8
2 9
2 10
2 11
3 4
3 5
3 6
3 7
3 8
3 9
3 10
3 11
4 6
4 7
4 8
4 9
4 10
4 11
5 6
5 7
5 8
5 9
5 10
5 11
6 8
6 9
6 10
6 11
7 8
7 9
7 10
7 11
8 10
8 11
9 10
9 11
0 2
0 3
0 4
0 5
0 6
0 7
0 8
0 9
0 10
0 11
1 2
1 3
1 4
1 5
1 6
1 7
1 8
1 9
1 10
1 11
2 4
2 5
2 6
2 7
2 8
2 9
2 10
2 11
3 4
3 5
3 6
3 7
3 8
3 9
3 10
3 11
4 6
4 7
4 8
4 9
4 10
4 11
5 6
5 7
5 8
5 9
5 10
5 11
6 7
6 9
6 10
6 11
7 8
7 9
7 11
8 9
8 10
8 11
9 10
10 11
0 1
0 3
0 4
0 5
0 6
0 7
0 8
0 9
0 10
0 11
1 2
1 3
1 5
1 6
1 7
1 8
1 9
1 10
1 11
2 3
2 4
2 5
2 6
2 7
2 8
2 9
2 10
2 11
3 4
3 5
3 7
3 8
3 9
3 10
3 11
4 5
4 6
4 7
4 8
4 9
4 10
4 11
5 6
5 8
5 9
5 10
5 11
6 7
6 8
6 9
6 10
6 11
7 8
7 9
7 10
7 11
8 10
8 11
9 10
9 11
1655216762310495997 3072
57 29 50 15 24 35 43 36 20 45 44 53 27 59 2 46 39 32 30 23 52 7 58 9 18 42 4 37 56 19 17 12 48 41 13 6 5 49 1 10 51 11 0 38 33 8 16 22 47 54 28 34 3 40 25 31 26 14 55 21
37 40 5 33 43 42 59 41 53 29 9 25 31 6 54 20 47 45 23 38 49 34 12 24 50 58 35 15 10 14 36 7 3 46 57 30 51 56 2 55 32 44 39 17 52 48 21 18 26 0 1 16 11 19 8 27 28 22 13 4
57 29 50 15 24 35 43 36 20 45 44 53 27 59 2 21 39 32 30 23 52 7 58 9 18 42 4 37 56 54 17 12 48 41 13 6 5 49 1 10 51 11 0 38 33 8 16 22 47 19 28 34 3 40 25 31 26 14 55 46
37 40 5 33 43 42 59 41 50 29 9 25 32 6 54 13 47 45 23 38 49 51 12 24 28 58 35 15 10 14 36 7 3 46 57 30 34 56 8 55 31 44 39 17 52 48 21 18 26 0 1 16 11 19 2 27 53 22 20 4
5401043396800894666 3072
37 49 56 22 46 9 13 31 55 33 39 44 30 53 27 29 5 34 10 38 57 8 51 18 6 47 7 50 2 17 20 24 35 58 14 43 52 25 15 19 0 48 11 54 40 23 32 4 59 3 28 26 1 42 41 16 45 21 36 12
15 27 32 28 38 45 51 36 35 30 22 50 57 59 31 25 34 12 52 58 14 18 42 2 37 7 56 24 33 29 9 41 40 5 16 48 46 13 26 49 47 3 8 10 4 17 6 39 23 20 53 44 43 54 1 19 11 0 21 55
37 49 56 22 46 9 13 31 55 33 39 44 30 53 27 29 5 34 10 38 57 8 51 18 6 47 7 50 2 17 20 24 35 58 14 43 52 25 15 19 0 48 11 54 40 23 32 4 59 3 28 26 1 42 41 16 45 21 36 12
15 27 32 28 38 45 51 36 35 30 22 50 57 59 31 25 34 12 52 58 14 18 42 2 37 7 56 24 33 29 9 41 40 5 16 48 46 13 26 49 47 3 8 10 4 17 6 39 23 20 53 44 43 54 1 19 11 0 21 55
3097806046601504539 3072
54 50 23 30 34 26 39 0 44 57 38 53 18 33 29 51 15 20 49 42 7 48 17 12 59 4 32 43 14 27 9 45 46 31 36 6 52 47 22 35 40 55 58 16 41 56 5 10 24 13 2 37 1 8 25 11 19 3 21 28
13 52 57 41 42 26 29 59 53 1 40 4 48 58 27 5 55 54 31 10 51 44 23 49 32 35 14 56 45 15 20 17 2 7 18 43 33 9 16 8 19 37 0 24 50 22 28 30 46 34 6 25 38 11 3 39 21 47 36 12
54 50 23 30 34 26 39 0 44 57 38 53 18 33 29 51 15 20 49 42 7 48 17 12 59 4 32 43 14 27 9 45 46 31 36 6 52 47 22 35 28 55 58 16 41 56 5 10 24 13 2 37 1 8 25 11 19 3 21 40
13 52 57 41 42 26 29 59 53 1 35 4 48 58 27 23 55 54 31 10 51 44 5 49 32 40 14 56 45 15 20 17 2 7 18 43 33 9 16 8 19 37 0 24 50 22 28 30 46 34 6 25 38 11 3 39 21 47 36 12
1022456437715177000 3072
59 31 10 49 41 39 46 23 55 24 56 14 28 53 27 44 54 47 35 36 52 22 42 40 16 37 7 3 17 57 2 6 43 26 45 50 58 19 4 38 48 34 15 51 8 9 18 5 11 1 21 33 25 30 0 20 12 29 32 13
13 59 52 19 43 44 28 27 54 36 55 46 56 31 35 49 33 5 48 23 10 58 57 40 29 4 37 32 50 8 30 41 17 39 24 15 3 25 14 34 2 53 38 11 21 47 16 42 7 26 22 0 18 9 6 1 51 20 12 45
9 31 10 49 41 39 46 23 55 24 56 14 28 53 27 44 54 47 35 36 52 22 42 40 16 37 7 3 17 57 2 6 43 26 45 50 58 19 4 38 48 34 15 59 8 18 51 5 11 1 21 33 25 30 0 20 12 29 32 13
13 59 52 19 43 44 28 27 54 36 9 46 56 31 39 49 33 5 48 23 10 58 57 40 29 4 37 32 50 8 30 41 17 35 24 15 3 25 14 34 2 53 38 11 21 47 16 42 7 26 22 0 18 55 6 1 51 20 12 45
8747933744118703646 3072
57 37 53 30 28 58 27 22 29 10 59 19 6 32 25 38 46 40 49 48 42 56 13 2 12 1 5 36 9 45 43 24 4 18 50 39 34 23 26 52 17 16 15 51 7 35 20 8 33 41 55 0 47 14 11 3 54 31 21 44
3 25 56 11 9 36 12 2 58 48 37 43 51 54 8 16 1 31 27 19 49 39 34 52 26 55 42 17 30 57 15 18 40 13 44 5 10 59 47 33 29 4 53 24 50 22 28 7 35 45 23 38 32 41 6 20 0 46 14 21
57 37 53 30 41 58 27 22 29 10 59 19 6 32 25 38 46 40 49 48 42 52 13 2 12 1 5 36 9 18 43 24 4 45 50 39 34 23 26 56 17 16 14 51 7 35 20 8 33 28 55 0 47 15 11 3 54 31 21 44
4 25 56 11 45 36 12 2 58 48 37 43 51 54 59 16 1 31 27 19 49 39 34 52 26 55 42 17 30 57 15 18 40 13 44 5 10 8 47 33 29 3 53 24 50 22 28 7 35 9 23 38 32 41 6 20 0 46 14 21
6196171247256202074 3072
46 18 4 47 35 55 28 37 43 22 27 54 33 6 53 58 10 21 40 36 48 50 39 12 7 52 9 13 20 49 3 45 51 31 16 38 32 59 15 19 25 1 0 57 34 8 17 11 41 26 14 56 23 2 30 5 29 44 24 42
59 24 33 26 16 29 55 35 15 39 48 28 20 57 27 56 45 51 53 1 25 13 31 58 54 47 38 2 43 0 37 4 46 17 7 22 9 6 34 30 14 44 32 10 36 19 42 52 50 3 23 12 8 18 41 49 21 11 40 5
46 18 4 47 35 55 28 37 43 22 10 54 33 6 53 58 29 21 40 36 48 50 39 12 7 52 9 44 20 31 3 45 51 49 16 38 32 59 15 19 25 1 26 57 8 34 17 11 41 0 14 56 23 2 30 5 27 13 24 42
59 24 33 26 16 29 55 35 15 39 48 28 20 57 27 4 45 51 53 1 25 13 31 58 54 47 38 2 43 0 37 56 46 17 7 22 9 6 34 30 14 44 32 10 36 19 42 52 50 3 21 12 8 18 41 49 23 11 40 5
561332207635396331 3072
52 39 0 59 47 13 34 30 38 36 49 37 55 4 46 58 54 28 32 10 19 25 56 8 2 43 48 42 26 44 41 14 45 9 5 16 31 57 15 22 1 18 17 53 51 35 7 23 11 50 27 6 20 24 29 3 21 33 12 40
43 51 33 1 26 49 39 55 16 6 37 25 21 59 28 56 42 8 46 47 52 50 13 44 48 41 17 32 57 54 53 3 9 12 35 2 0 5 34 58 38 22 15 19 10 36 27 7 45 23 31 40 20 18 24 11 4 14 30 29
52 39 0 59 47 13 34 30 38 36 49 37 55 5 56 58 54 28 32 10 19 25 46 8 2 43 48 42 50 44 41 14 45 9 4 16 31 57 15 22 1 18 17 53 51 35 7 23 11 26 27 6 20 24 29 3 21 33 12 40
43 51 33 1 26 49 39 55 16 6 37 25 29 59 28 56 42 8 46 47 52 50 13 44 48 41 17 32 57 54 53 3 9 12 35 2 0 5 34 58 38 22 15 19 10 36 20 7 45 23 31 27 40 18 24 11 4 14 30 21
12701721207321494071 3072
42 41 34 17 45 59 27 29 52 23 39 37 44 50 21 57 33 54 11 2 53 4 35 6 46 9 20 16 7 43 8 13 14 36 55 26 40 10 48 15 0 22 56 1 31 24 30 47 18 25 19 5 32 49 58 12 3 51 38 28
33 16 57 45 27 38 30 20 49 42 47 6 58 25 31 26 53 29 55 34 10 56 12 46 36 2 39 52 43 15 37 51 41 54 1 3 8 7 23 28 50 14 22 32 9 18 35 5 44 40 24 59 17 0 11 19 13 4 21 48
42 41 34 17 45 59 27 29 23 52 39 37 44 50 21 57 33 54 11 2 53 4 35 6 46 9 20 16 7 43 8 13 14 36 55 26 40 10 48 15 0 22 56 1 31 24 30 47 18 25 19 5 32 49 58 12 3 51 38 28
33 16 57 45 27 38 30 20 49 42 47 6 58 25 31 26 53 29 55 34 10 56 12 46 36 2 39 52 43 15 37 51 41 54 1 3 8 7 23 28 50 14 22 32 9 18 35 5 44 40 24 59 17 0 11 19 13 4 21 48
12632816720658164047 3072
24 19 56 4 57 39 43 48 35 28 38 22 51 37 40 25 33 59 44 31 34 42 11 7 54 9 49 15 53 6 45 47 58 52 5 46 27 16 8 30 0 36 23 32 14 26 41 55 3 18 50 1 12 2 29 10 20 21 17 13
46 52 49 57 28 17 19 45 14 48 12 44 25 1 27 38 37 36 4 56 32 41 58 22 11 8 53 2 51 54 33 6 3 55 39 16 5 40 43 9 31 23 15 7 50 20 42 10 18 24 0 35 59 30 21 34 26 47 29 13
24 19 56 4 57 39 43 48 35 28 38 22 51 37 40 25 33 59 44 31 34 42 13 7 54 9 49 15 53 6 45 47 58 52 5 46 27 16 8 30 0 36 23 32 14 26 41 55 3 18 50 1 12 2 29 10 20 21 17 11
46 52 49 57 28 17 19 45 14 48 12 44 25 1 27 38 37 36 4 56 32 41 58 22 11 8 53 2 51 54 33 6 3 55 39 16 5 40 43 9 31 23 15 7 26 20 42 10 18 24 0 35 59 30 21 34 50 47 29 13
8100333188314876676 3072
47 12 59 32 56 52 29 42 25 22 14 44 53 50 21 33 51 26 20 23 11 5 9 40 37 49 13 38 18 7 58 45 54 43 30 36 0 3 55 31 41 24 35 27 10 16 6 48 19 39 15 1 2 4 57 17 34 8 46 28
31 51 52 24 41 11 40 53 45 49 17 21 47 7 34 55 43 29 58 36 59 39 54 42 18 35 48 5 25 33 56 16 3 57 37 6 15 4 9 1 23 14 12 38 30 50 46 10 19 22 2 44 26 27 32 20 13 28 0 8
47 12 59 32 56 52 29 42 25 22 14 44 53 50 21 33 51 26 20 23 11 5 9 40 37 49 13 38 18 7 58 45 54 43 30 36 0 3 55 31 41 24 35 27 10 16 6 48 19 39 15 1 2 4 57 17 34 8 46 28
31 51 52 24 41 11 40 53 45 49 17 21 47 7 34 55 43 29 58 36 59 39 54 42 18 35 48 5 25 33 56 16 3 57 37 6 15 4 9 1 23 14 12 38 30 50 46 10 19 22 2 44 26 27 32 20 13 28 0 8
18146434122232199026 3072
18 55 43 49 41 21 30 23 28 24 45 50 35 44 22 54 37 20 57 34 56 51 13 6 5 19 39 3 8 52 11 36 47 46 12 53 33 25 17 4 48 38 1 7 59 31 16 10 27 40 42 9 2 14 26 32 0 58 29 15
31 46 49 33 53 19 41 35 10 47 34 23 50 40 56 38 1 4 30 44 15 2 5 45 26 42 36 16 32 13 39 58 6 17 43 52 3 12 54 55 29 25 57 11 21 14 59 48 18 27 0 28 51 20 7 8 37 22 24 9
18 55 43 49 41 21 30 23 28 24 45 50 35 44 22 54 37 20 57 34 56 51 13 6 5 19 39 9 8 52 11 36 47 46 12 53 7 25 17 4 48 38 1 33 59 31 16 10 27 40 42 3 2 14 26 32 0 58 29 15
31 41 49 33 53 19 46 35 0 47 34 23 50 40 56 38 1 4 30 44 15 2 5 45 26 42 36 16 32 13 39 58 6 17 43 52 3 12 54 55 29 25 57 11 21 14 59 48 18 27 10 28 51 20 7 8 37 22 24 9
6635303078045072974 3072
30 59 44 49 25 58 15 37 54 52 6 57 55 20 50 47 21 35 28 46 18 16 39 43 19 42 40 2 4 31 3 38 53 13 45 26 11 34 27 48 7 10 17 9 56 5 22 51 41 8 32 29 33 23 12 1 0 36 14 24
52 16 4 30 45 59 22 34 38 33 58 5 11 51 43 19 55 3 24 49 32 57 13 8 36 41 12 6 46 39 27 37 0 56 1 48 9 40 14 25 47 23 20 31 26 42 7 10 50 28 18 53 21 15 44 17 29 2 54 35
30 59 44 49 25 58 15 37 54 52 6 57 55 20 50 47 21 35 28 46 10 16 39 43 19 42 40 2 4 31 3 38 53 13 45 26 11 34 27 48 7 18 17 9 56 5 22 51 41 8 32 29 33 23 12 1 0 36 14 24
52 16 4 30 45 59 42 34 38 33 58 5 11 51 43 19 55 3 24 49 32 57 13 8 36 41 12 6 46 39 27 37 0 56 1 48 9 40 29 25 47 23 20 31 26 22 7 10 50 28 18 53 21 15 44 17 14 2 54 35
2743456430423985579 3072
48 29 39 52 35 20 59 10 45 38 28 16 50 17 43 42 51 5 24 18 8 27 55 13 49 19 0 37 56 53 40 57 21 36 4 7 25 9 23 31 12 30 1 22 6 46 33 14 34 3 15 47 11 58 41 32 2 54 44 26
13 56 19 6 35 25 29 47 37 58 51 46 54 50 44 59 23 30 20 31 49 5 8 39 21 45 43 18 41 27 53 11 17 2 7 12 48 33 32 26 52 3 55 57 22 10 16 28 0 34 15 24 9 38 4 14 40 36 1 42
48 29 39 52 35 20 59 10 45 38 28 16 50 17 43 42 51 5 24 47 8 27 55 13 49 19 0 37 56 53 40 57 21 36 4 7 25 9 23 31 12 30 1 22 6 46 33 14 34 3 15 18 11 58 41 32 2 54 44 26
13 56 19 6 35 25 29 47 37 58 51 46 54 50 44 57 23 30 20 31 49 5 8 39 21 45 43 18 41 27 53 11 17 2 7 12 48 33 32 26 52 3 55 59 22 10 16 28 0 34 15 24 9 38 4 14 40 36 1 42
1182721747844093934 3072
3 52 26 25 30 21 31 28 53 59 41 45 48 34 32 44 5 46 14 20 7 15 49 36 11 54 55 51 47 50 24 2 58 18 12 38 10 33 19 1 56 4 9 27 57 22 39 6 37 8 13 43 40 16 35 17 0 42 29 23
34 14 53 31 41 13 59 8 20 36 47 54 1 15 25 27 50 39 55 49 57 44 17 38 52 18 21 29 22 9 40 32 4 43 56 46 51 3 45 23 11 58 24 33 2 5 16 37 30 12 7 6 19 26 0 28 35 10 42 48
3 52 26 25 51 27 31 28 53 18 41 45 48 34 32 44 5 46 14 20 58 15 49 36 11 54 55 30 47 50 24 2 7 59 12 38 10 33 19 4 35 6 9 21 57 22 39 1 37 8 13 43 40 16 56 17 0 42 29 23
34 14 53 31 40 13 59 8 20 42 47 54 1 15 25 27 50 28 55 48 57 49 17 38 52 18 29 21 43 9 41 32 4 44 56 46 51 3 45 23 11 58 24 33 2 5 16 37 30 12 7 6 19 26 0 39 35 10 36 22
1126180572135642267 3072
15 40 35 41 36 26 31 25 46 29 50 42 22 8 13 33 19 34 57 23 9 12 45 51 21 38 5 58 7 54 53 20 43 6 49 16 52 56 14 37 55 18 24 17 0 30 11 44 59 27 28 1 32 47 10 2 39 4 3 48
41 48 54 10 58 12 35 55 36 31 39 52 15 34 27 26 30 0 42 56 43 8 11 2 45 14 49 22 53 16 40 59 9 28 21 23 33 6 25 51 5 29 20 50 47 46 38 7 37 4 57 44 13 24 32 3 1 18 17 19
15 40 35 41 36 26 31 25 46 29 50 42 22 8 13 33 19 34 57 23 9 12 45 51 21 38 5 58 7 54 53 20 43 6 49 16 52 56 14 37 55 18 24 17 0 30 11 44 59 27 28 1 32 47 10 2 39 4 3 48
41 48 54 10 58 12 35 55 36 31 39 52 15 34 27 26 30 0 42 56 43 8 11 2 45 14 49 22 53 16 40 59 9 28 21 23 33 6 25 51 5 29 20 50 47 46 38 7 37 4 57 44 13 24 32 3 1 18 17 19
12176934597386005527 3072
16 43 57 53 7 27 26 46 41 36 45 19 50 37 35 44 51 22 23 24 40 52 3 59 39 12 49 48 1 30 20 38 8 58 13 18 55 25 10 15 42 5 56 9 47 0 11 33 17 54 34 21 31 28 6 14 32 2 4 29
55 9 42 23 31 39 33 13 14 24 45 21 51 34 58 32 28 0 48 37 25 29 38 5 47 57 17 7 54 53 12 56 46 41 49 11 16 3 52 40 30 19 2 59 15 50 6 36 8 22 43 27 18 1 10 26 20 4 35 44
16 43 57 53 7 27 26 46 41 36 45 19 50 37 35 44 51 22 23 24 40 52 3 59 39 12 49 48 1 30 20 38 8 58 13 18 55 25 10 15 42 5 56 9 47 0 11 33 17 54 34 21 31 28 6 14 32 2 4 29
55 9 42 23 31 39 33 13 14 24 45 21 51 34 58 32 28 0 48 37 25 29 38 5 47 57 17 7 54 53 12 56 46 41 49 11 16 3 52 40 30 19 2 59 15 50 6 36 8 22 43 27 18 1 10 26 20 4 35 44
