FACTOR_PERMUTATION_V1 12 16 1024 1 1
10 0 1 1 1 1 1 1 1 1 1 1 0 0 2 2 2 2 2 2 2 2 2 2 0 1 1 2 2 2 2 2 2 2 2 2
0 10 1 1 1 1 1 1 1 1 1 1 0 0 2 2 2 2 2 2 2 2 2 2 1 0 2 2 1 2 2 2 2 2 2 2
1 1 10 0 1 1 1 1 1 1 1 1 2 2 0 0 2 2 2 2 2 2 2 2 1 2 0 1 2 2 2 2 2 2 2 2
1 1 0 10 1 1 1 1 1 1 1 1 2 2 0 0 2 2 2 2 2 2 2 2 2 2 1 0 2 2 1 2 2 2 2 2
1 1 1 1 10 0 1 1 1 1 1 1 2 2 2 2 0 0 2 2 2 2 2 2 2 1 2 2 0 1 2 2 2 2 2 2
1 1 1 1 0 10 1 1 1 1 1 1 2 2 2 2 0 0 2 2 2 2 2 2 2 2 2 2 1 0 2 1 2 2 2 2
1 1 1 1 1 1 10 0 1 1 1 1 2 2 2 2 2 2 0 1 1 2 2 2 2 2 2 1 2 2 0 1 2 2 2 2
1 1 1 1 1 1 0 10 1 1 1 1 2 2 2 2 2 2 1 0 2 2 1 2 2 2 2 2 2 1 1 0 2 2 2 2
1 1 1 1 1 1 1 1 10 0 1 1 2 2 2 2 2 2 1 2 0 1 2 2 2 2 2 2 2 2 2 2 0 0 2 2
1 1 1 1 1 1 1 1 0 10 1 1 2 2 2 2 2 2 2 2 1 0 2 1 2 2 2 2 2 2 2 2 0 0 2 2
1 1 1 1 1 1 1 1 1 1 10 0 2 2 2 2 2 2 2 1 2 2 0 1 2 2 2 2 2 2 2 2 2 2 0 0
1 1 1 1 1 1 1 1 1 1 0 10 2 2 2 2 2 2 2 2 2 1 1 0 2 2 2 2 2 2 2 2 2 2 0 0
0 0 2 2 2 2 2 2 2 2 2 2 10 0 1 1 1 1 1 1 1 1 1 1 0 1 1 2 2 2 2 2 2 2 2 2
0 0 2 2 2 2 2 2 2 2 2 2 0 10 1 1 1 1 1 1 1 1 1 1 1 0 2 2 1 2 2 2 2 2 2 2
2 2 0 0 2 2 2 2 2 2 2 2 1 1 10 0 1 1 1 1 1 1 1 1 1 2 0 1 2 2 2 2 2 2 2 2
2 2 0 0 2 2 2 2 2 2 2 2 1 1 0 10 1 1 1 1 1 1 1 1 2 2 1 0 2 2 1 2 2 2 2 2
2 2 2 2 0 0 2 2 2 2 2 2 1 1 1 1 10 0 1 1 1 1 1 1 2 1 2 2 0 1 2 2 2 2 2 2
2 2 2 2 0 0 2 2 2 2 2 2 1 1 1 1 0 10 1 1 1 1 1 1 2 2 2 2 1 0 2 1 2 2 2 2
2 2 2 2 2 2 0 1 1 2 2 2 1 1 1 1 1 1 10 1 0 1 1 1 2 2 2 1 2 2 0 2 1 2 2 2
2 2 2 2 2 2 1 0 2 2 1 2 1 1 1 1 1 1 1 10 1 1 0 1 2 2 2 2 2 1 2 0 2 2 1 2
2 2 2 2 2 2 1 2 0 1 2 2 1 1 1 1 1 1 0 1 10 1 1 1 2 2 2 2 2 2 1 2 0 1 2 2
2 2 2 2 2 2 2 2 1 0 2 1 1 1 1 1 1 1 1 1 1 10 1 0 2 2 2 2 2 2 2 2 1 0 2 1
2 2 2 2 2 2 2 1 2 2 0 1 1 1 1 1 1 1 1 0 1 1 10 1 2 2 2 2 2 2 2 1 2 2 0 1
2 2 2 2 2 2 2 2 2 1 1 0 1 1 1 1 1 1 1 1 1 0 1 10 2 2 2 2 2 2 2 2 2 1 1 0
0 1 1 2 2 2 2 2 2 2 2 2 0 1 1 2 2 2 2 2 2 2 2 2 10 1 0 1 1 1 1 1 1 1 1 1
1 0 2 2 1 2 2 2 2 2 2 2 1 0 2 2 1 2 2 2 2 2 2 2 1 10 1 1 0 1 1 1 1 1 1 1
1 2 0 1 2 2 2 2 2 2 2 2 1 2 0 1 2 2 2 2 2 2 2 2 0 1 10 1 1 1 1 1 1 1 1 1
2 2 1 0 2 2 1 2 2 2 2 2 2 2 1 0 2 2 1 2 2 2 2 2 1 1 1 10 1 1 0 1 1 1 1 1
2 1 2 2 0 1 2 2 2 2 2 2 2 1 2 2 0 1 2 2 2 2 2 2 1 0 1 1 10 1 1 1 1 1 1 1
2 2 2 2 1 0 2 1 2 2 2 2 2 2 2 2 1 0 2 1 2 2 2 2 1 1 1 1 1 10 1 0 1 1 1 1
2 2 2 1 2 2 0 1 2 2 2 2 2 2 2 1 2 2 0 2 1 2 2 2 1 1 1 0 1 1 10 1 1 1 1 1
2 2 2 2 2 1 1 0 2 2 2 2 2 2 2 2 2 1 2 0 2 2 1 2 1 1 1 1 1 0 1 10 1 1 1 1
2 2 2 2 2 2 2 2 0 0 2 2 2 2 2 2 2 2 1 2 0 1 2 2 1 1 1 1 1 1 1 1 10 0 1 1
2 2 2 2 2 2 2 2 0 0 2 2 2 2 2 2 2 2 2 2 1 0 2 1 1 1 1 1 1 1 1 1 0 10 1 1
2 2 2 2 2 2 2 2 2 2 0 0 2 2 2 2 2 2 2 1 2 2 0 1 1 1 1 1 1 1 1 1 1 1 10 0
2 2 2 2 2 2 2 2 2 2 0 0 2 2 2 2 2 2 2 2 2 1 1 0 1 1 1 1 1 1 1 1 1 1 0 10
0 2
0 3
0 4
0 5
0 6
0 7
0 8
0 9
0 10
0 11
1 2
1 3
1 4
1 5
1 6
1 7
1 8
1 9
1 10
1 11
2 4
2 5
2 6
2 7
2 8
2 9
2 10
2 11
3 4
3 5
3 6
3 7
3 8
3 9
3 10
3 11
4 6
4 7
4 8
4 9
4 10
4 11
5 6
5 7
5 8
5 9
5 10
5 11
6 8
6 9
6 10
6 11
7 8
7 9
7 10
7 11
8 10
8 11
9 10
9 11
0 2
0 3
0 4
0 5
0 6
0 7
0 8
0 9
0 10
0 11
1 2
1 3
1 4
1 5
1 6
1 7
1 8
1 9
1 10
1 11
2 4
2 5
2 6
2 7
2 8
2 9
2 10
2 11
3 4
3 5
3 6
3 7
3 8
3 9
3 10
3 11
4 6
4 7
4 8
4 9
4 10
4 11
5 6
5 7
5 8
5 9
5 10
5 11
6 7
6 9
6 10
6 11
7 8
7 9
7 11
8 9
8 10
8 11
9 10
10 11
0 1
0 3
0 4
0 5
0 6
0 7
0 8
0 9
0 10
0 11
1 2
1 3
1 5
1 6
1 7
1 8
1 9
1 10
1 11
2 3
2 4
2 5
2 6
2 7
2 8
2 9
2 10
2 11
3 4
3 5
3 7
3 8
3 9
3 10
3 11
4 5
4 6
4 7
4 8
4 9
4 10
4 11
5 6
5 8
5 9
5 10
5 11
6 7
6 8
6 9
6 10
6 11
7 8
7 9
7 10
7 11
8 10
8 11
9 10
9 11
8990793864542825845 5120
54 56 50 15 24 29 1 36 20 45 44 46 51 59 2 26 39 31 30 21 52 55 58 9 18 42 4 37 53 27 17 12 48 41 13 6 5 49 35 10 19 28 0 32 33 8 38 22 47 57 11 34 3 40 25 16 23 14 43 7
37 36 5 33 43 48 59 41 53 29 9 25 31 44 54 34 47 46 23 4 32 51 12 38 50 58 35 15 10 14 40 7 3 45 57 30 27 56 2 55 42 49 39 17 1 6 24 18 26 0 52 16 11 19 8 20 28 21 13 22
54 56 50 15 24 29 1 36 20 45 44 46 51 59 2 26 39 31 30 21 52 55 58 9 18 42 4 37 53 27 17 12 48 41 13 6 5 49 35 10 19 28 0 32 33 8 38 22 47 57 11 34 3 40 25 16 23 14 43 7
37 36 5 33 43 48 59 41 53 29 9 25 31 44 54 34 47 46 23 4 32 51 12 38 50 58 35 15 10 14 40 7 3 45 57 30 27 56 2 55 49 42 39 17 1 6 24 18 26 0 52 16 11 19 8 20 28 21 13 22
11760062279250189587 5120
37 50 57 22 46 9 13 31 55 33 39 44 30 53 59 29 5 34 10 38 43 8 51 18 56 6 7 48 2 17 52 24 35 58 14 47 20 25 15 19 0 49 11 54 40 23 32 4 27 3 28 26 1 42 41 16 45 21 36 12
38 27 14 11 24 45 59 36 35 30 58 54 57 51 31 25 34 29 52 22 32 18 37 2 42 9 13 15 33 43 7 41 23 5 53 48 46 56 26 49 47 3 8 10 4 50 6 39 40 20 16 44 12 17 1 19 28 0 21 55
37 50 56 22 46 9 13 31 55 33 39 44 30 53 59 29 5 34 10 38 43 8 51 18 57 6 7 48 2 17 52 24 35 58 14 47 20 25 15 19 0 49 11 54 40 23 32 4 27 3 28 26 1 42 41 16 45 21 36 12
38 27 14 11 24 45 59 36 35 30 58 54 57 51 31 25 34 29 52 22 32 18 37 2 42 9 13 15 33 12 7 41 23 5 53 48 46 56 26 49 47 3 8 10 4 50 6 39 40 20 16 44 43 17 1 19 28 0 21 55
8764593301198828416 5120
54 50 23 30 34 38 39 10 44 55 26 53 18 33 29 51 52 20 25 42 7 48 17 12 59 4 32 43 14 16 9 45 46 35 36 37 6 47 22 31 5 57 58 27 41 56 15 0 24 13 2 40 3 8 49 11 19 1 21 28
13 52 15 41 12 29 26 54 49 1 38 42 48 33 27 31 55 53 3 10 51 44 23 4 32 20 14 56 45 57 35 59 2 8 18 7 58 5 16 9 19 37 0 24 50 22 28 30 46 34 6 25 17 11 40 39 21 47 36 43
54 50 23 30 34 38 39 0 44 49 26 53 18 33 29 51 52 20 55 42 7 48 17 12 59 4 32 43 14 16 9 45 46 35 36 15 6 47 22 31 37 57 58 27 41 56 5 10 24 13 2 40 3 8 25 11 19 1 21 28
13 52 57 41 12 29 26 54 49 1 40 42 48 33 27 31 55 53 3 10 51 44 23 4 32 20 14 56 45 15 35 59 2 8 18 7 58 5 16 9 19 37 0 24 50 22 28 30 46 34 6 25 17 11 38 39 21 47 36 43
8121185122715052952 5120
59 31 10 49 54 39 46 42 32 23 55 14 20 53 58 44 27 47 28 36 56 22 38 35 4 37 7 13 17 57 2 6 43 41 45 50 24 9 19 3 48 34 18 51 8 52 15 1 29 5 21 33 25 11 0 40 12 16 30 26
13 59 52 19 43 49 28 12 54 3 33 46 56 31 58 41 55 5 42 23 10 39 57 38 45 27 37 32 47 8 30 44 17 35 24 15 29 11 25 51 2 53 9 50 21 14 16 48 7 40 22 0 18 26 6 1 4 20 34 36
59 31 10 49 54 39 46 42 32 23 55 14 20 53 58 44 27 47 28 36 56 22 38 35 4 37 7 13 17 57 2 6 43 41 45 50 24 9 19 3 48 34 18 51 8 52 15 1 29 5 21 33 25 11 0 40 12 16 30 26
13 59 52 19 43 49 28 12 54 3 33 46 56 31 58 41 55 5 42 23 10 39 57 38 45 27 37 32 47 8 30 44 17 35 24 15 29 11 25 51 2 53 9 50 21 14 16 48 7 40 22 0 18 26 6 1 4 20 34 36
1042913542665656356 5120
55 37 30 53 8 58 27 22 29 47 51 19 28 32 25 44 46 40 48 49 23 56 12 2 13 50 7 36 9 45 43 24 6 18 4 39 34 42 26 52 17 16 14 59 5 35 20 15 33 10 57 0 41 1 11 3 54 31 21 38
55 25 56 11 59 36 12 2 53 48 37 43 51 54 8 16 1 29 24 21 49 3 34 52 26 7 42 17 30 18 38 57 40 13 44 5 10 9 47 33 23 4 32 27 50 22 31 39 35 45 28 15 58 41 6 19 0 46 14 20
55 37 30 53 8 58 27 22 29 47 51 19 28 32 25 44 46 40 49 48 23 56 12 2 13 50 5 36 9 45 43 24 6 18 4 39 34 42 26 52 17 16 14 59 7 35 20 15 33 10 57 0 41 1 11 3 54 31 21 38
55 25 56 11 59 36 12 2 53 48 37 43 51 54 8 16 1 29 24 20 49 3 34 52 26 7 42 17 30 18 38 57 40 13 44 5 10 9 47 33 23 4 32 27 50 22 31 39 35 45 28 15 58 41 6 19 0 46 14 21
4894545590273328568 5120
46 56 51 10 29 55 28 37 43 58 35 54 33 27 53 14 4 21 36 40 48 50 39 13 7 12 9 16 6 49 3 45 59 31 11 38 32 20 15 19 25 1 0 57 34 8 17 52 41 26 18 22 23 2 30 5 47 44 24 42
59 52 33 58 16 29 55 35 15 20 43 13 26 57 38 27 45 51 30 7 25 0 31 56 54 47 2 41 46 8 37 4 44 17 1 21 5 6 34 53 14 48 32 10 36 19 42 9 50 3 24 12 28 18 39 49 23 11 40 22
46 56 51 10 29 55 28 37 43 58 35 54 33 27 53 18 4 21 40 36 48 50 39 13 7 11 9 16 6 49 3 45 59 31 12 38 32 20 15 19 25 1 0 57 34 8 17 52 41 26 14 22 23 2 30 5 47 44 24 42
59 52 33 58 16 29 55 35 15 38 43 13 26 57 20 27 45 51 7 30 25 0 31 56 54 47 2 41 46 8 37 4 44 17 53 21 9 6 34 1 14 48 32 10 36 19 42 5 50 3 23 12 28 18 39 49 22 11 40 24
887136001139669466 5120
23 53 6 59 47 13 34 30 27 36 49 37 56 4 21 58 54 29 32 10 19 20 55 8 2 43 48 42 26 44 41 14 3 9 25 16 31 57 15 22 1 45 17 35 51 5 18 52 7 50 38 0 28 24 11 39 46 33 12 40
43 51 33 1 26 16 39 55 49 6 37 25 21 32 28 56 42 8 46 47 38 50 11 59 9 41 17 44 15 27 53 3 52 12 2 35 0 5 34 58 48 22 57 31 10 36 54 7 45 20 13 23 40 18 24 19 4 14 30 29
23 39 6 59 47 13 34 30 27 36 49 37 55 4 21 58 54 11 32 10 19 28 56 8 2 43 48 42 26 44 41 14 3 9 25 16 31 57 15 22 1 45 17 35 51 5 18 52 7 50 38 0 20 24 29 53 46 33 12 40
43 51 33 4 26 16 39 55 49 6 37 25 21 32 28 56 42 8 46 47 38 50 13 59 9 41 17 44 15 54 53 3 52 12 2 35 0 5 34 58 48 22 57 31 10 36 27 7 45 20 11 23 40 18 24 19 1 14 30 29
18335093344845258170 5120
42 12 34 17 45 33 27 50 52 23 39 43 57 26 21 49 31 54 36 2 53 37 35 6 59 8 10 16 7 4 9 13 14 29 55 46 11 41 44 15 0 22 56 1 20 24 30 51 18 25 19 5 40 47 58 32 3 48 38 28
33 16 57 45 27 38 30 5 39 42 47 6 58 25 31 26 35 29 55 28 10 56 12 46 36 20 49 52 50 15 37 51 41 54 1 3 8 7 19 34 43 14 4 32 9 18 53 22 44 40 24 59 17 0 11 23 13 2 21 48
42 41 34 17 45 31 27 50 52 23 39 43 57 26 21 51 33 54 36 2 53 37 35 6 59 8 10 16 7 4 9 13 14 29 55 46 32 12 44 15 0 22 56 1 20 24 30 47 18 25 19 5 40 49 58 11 3 48 38 28
33 16 57 45 27 38 30 20 39 42 47 6 58 25 31 26 35 29 55 28 10 56 12 46 36 5 49 52 50 15 37 51 41 54 1 3 8 7 19 34 43 14 4 32 9 18 53 2 44 40 24 59 17 0 11 23 13 22 21 48
7696954954716479763 5120
24 19 0 58 57 41 43 48 33 28 38 12 51 37 18 25 35 26 44 31 11 42 40 7 54 59 4 15 53 6 45 47 49 52 5 46 21 16 8 50 56 36 23 32 14 34 27 55 3 20 30 1 10 2 29 22 39 9 17 13
46 52 58 32 28 17 19 45 14 48 12 44 25 1 27 38 37 36 4 56 57 41 49 22 11 8 53 2 51 54 33 6 3 55 39 16 5 26 43 0 31 23 15 7 50 20 47 10 18 24 9 35 59 34 21 30 40 42 29 13
24 19 0 58 57 41 43 48 33 28 38 12 51 37 18 25 35 26 44 31 11 42 40 7 54 59 4 15 53 6 45 47 49 52 5 46 21 16 8 50 56 36 23 32 14 34 27 55 3 39 30 1 10 2 29 22 20 9 17 13
46 52 58 32 28 17 19 45 14 48 12 44 25 1 27 38 37 36 4 56 57 41 49 22 11 8 53 2 51 54 33 6 3 55 39 16 5 26 43 0 31 23 15 7 50 20 47 10 18 24 9 35 59 34 21 30 40 42 29 13
17565063472269411859 5120
14 2 56 35 58 52 29 26 25 47 51 44 41 50 43 33 57 42 20 23 11 5 3 59 21 55 46 38 15 18 40 49 54 37 30 45 22 24 17 31 53 0 32 27 10 7 6 48 39 19 36 1 12 4 9 16 34 8 13 28
31 57 21 52 41 11 40 53 45 49 12 24 47 7 34 9 26 29 25 36 59 39 54 46 18 35 48 5 58 8 15 16 3 51 37 6 56 4 42 1 23 14 17 38 55 50 30 10 19 22 2 44 33 27 32 20 13 28 0 43
14 2 56 35 58 52 29 26 25 47 51 44 41 50 43 33 57 42 20 23 11 5 3 59 21 55 46 38 15 18 40 49 54 37 30 45 22 24 17 31 53 0 32 27 10 7 6 48 39 19 36 1 12 4 9 16 34 8 13 28
31 57 21 52 41 11 40 53 45 49 17 24 47 7 34 9 26 29 25 36 59 39 54 46 18 35 48 5 58 33 15 16 3 51 37 6 56 4 42 1 23 14 12 38 55 50 30 10 19 22 2 44 8 27 32 20 13 28 0 43
13753422445262242724 5120
56 55 43 49 41 35 34 22 28 27 45 18 24 58 21 54 37 20 57 30 50 51 13 6 15 19 53 3 9 52 1 36 47 46 14 39 33 25 17 4 5 38 7 29 59 31 16 10 23 40 42 8 2 12 26 32 0 44 11 48
53 46 49 33 31 27 41 35 14 54 34 3 32 23 40 38 29 51 22 44 15 2 21 45 26 30 36 16 50 17 39 58 5 13 24 52 8 12 47 55 19 20 57 56 42 0 59 48 18 6 10 11 4 25 7 1 37 28 43 9
18 55 43 49 41 21 34 23 28 24 45 56 35 58 22 54 37 20 57 30 50 51 13 6 5 19 39 3 9 52 11 36 47 46 12 53 33 25 17 4 48 38 1 7 59 31 16 10 27 40 42 8 2 14 26 32 0 44 29 15
53 46 49 47 31 27 41 35 14 33 34 5 50 40 56 38 1 4 23 44 15 2 30 45 26 42 36 16 32 13 39 58 6 17 43 52 8 12 54 55 19 25 57 11 21 10 59 48 18 29 0 22 51 20 7 3 37 28 24 9
11736021032392672039 5120
30 57 44 51 25 40 3 20 54 14 39 50 55 15 46 47 58 35 28 23 18 43 6 52 19 42 59 2 4 31 41 38 53 13 45 26 11 0 27 48 7 16 17 9 56 8 22 49 37 5 24 1 29 10 12 33 34 36 21 32
52 39 4 17 45 22 59 34 38 33 58 2 29 51 43 19 55 5 24 49 32 57 54 8 42 41 12 6 46 53 27 37 15 56 1 48 9 40 14 25 47 23 20 31 26 36 7 10 11 21 0 16 50 18 44 13 28 3 30 35
30 57 44 49 25 40 15 37 54 21 6 50 55 20 59 47 58 35 28 43 18 23 39 52 19 42 46 2 4 31 3 38 53 13 45 26 11 34 27 48 7 16 17 9 56 8 22 51 41 5 24 1 29 10 12 33 0 36 14 32
52 39 4 17 45 59 22 34 38 33 58 3 29 51 43 19 55 5 24 49 32 57 54 8 42 41 12 6 46 53 27 37 15 56 1 48 9 40 14 25 47 23 20 31 26 36 7 10 50 11 0 16 21 18 44 13 28 2 30 35
2907008576751307323 5120
48 29 39 52 38 20 59 22 45 35 28 16 50 17 43 42 51 5 24 40 8 27 49 13 55 19 0 37 56 54 18 9 21 36 4 7 25 57 23 31 11 30 1 10 6 46 58 14 34 3 12 47 15 33 41 32 2 53 44 26
18 48 19 6 46 25 29 42 37 58 51 45 21 50 44 59 52 30 20 31 49 5 8 7 54 35 43 16 41 27 56 11 17 2 53 12 55 33 32 26 15 3 39 57 22 10 13 28 0 34 23 24 9 38 4 14 40 36 1 47
48 29 39 52 38 20 59 10 45 35 28 16 50 17 43 42 51 5 24 40 8 27 49 13 55 19 0 37 56 54 18 57 21 36 4 7 25 9 23 31 11 30 1 22 6 46 58 14 34 3 12 47 15 33 41 32 2 53 44 26
18 48 19 6 46 25 29 42 37 58 51 45 21 50 44 59 52 30 20 31 49 5 8 7 54 35 43 13 41 27 56 11 17 2 53 12 55 33 32 26 15 3 39 57 22 10 16 28 0 34 23 24 9 38 4 14 40 36 1 47
5815723026713892019 5120
44 52 26 25 31 21 30 28 39 59 41 45 48 34 32 55 5 46 14 20 7 15 49 50 11 54 35 3 51 36 2 13 58 18 29 38 10 33 19 6 56 4 9 27 57 22 53 1 40 8 47 43 37 12 24 17 0 16 42 23
29 40 53 51 41 18 43 8 48 12 52 54 4 24 44 27 50 36 55 32 57 16 17 38 34 13 47 39 20 59 14 49 1 9 15 42 56 3 45 30 11 10 31 33 2 5 25 58 37 21 7 6 19 26 0 28 35 23 22 46
44 52 26 25 31 21 30 28 39 59 41 45 48 34 32 55 5 46 14 20 7 15 49 50 11 54 35 3 51 36 2 13 58 18 29 38 10 33 19 6 56 4 9 27 57 22 53 1 40 8 47 43 37 12 24 17 0 16 42 23
29 40 53 51 41 18 43 8 48 12 52 54 4 24 44 27 50 36 55 32 57 16 17 38 34 13 47 39 20 59 14 49 1 9 15 42 56 3 45 30 11 10 31 33 2 5 25 58 37 21 7 6 19 26 0 28 35 23 22 46
8965502299524643689 5120
13 58 35 41 36 56 31 25 43 29 50 42 22 8 15 32 19 34 57 23 9 53 45 51 21 38 5 40 7 54 28 20 46 6 49 16 52 26 14 37 55 18 24 17 0 30 11 44 59 27 10 1 33 47 12 39 2 4 3 48
55 48 54 31 58 12 10 41 29 49 39 52 13 34 27 26 30 3 42 6 43 8 11 2 45 14 36 22 53 16 35 59 9 19 21 40 56 33 25 51 5 0 20 50 47 46 38 7 37 4 57 44 15 24 32 23 1 18 17 28
15 58 35 41 36 56 31 25 43 29 50 42 22 8 13 32 19 34 57 23 9 53 45 51 21 38 5 40 7 54 28 20 46 6 49 16 52 26 14 37 55 18 24 17 0 30 11 44 59 27 12 1 33 47 10 2 39 4 3 48
55 48 54 31 58 12 10 41 29 49 39 52 13 34 27 26 30 0 42 6 43 8 11 2 45 14 36 22 53 16 35 59 9 19 21 40 56 33 25 51 5 3 20 50 47 46 38 7 37 4 57 44 15 24 32 23 1 18 17 28
13385122275060867480 5120
16 43 57 53 58 27 26 46 39 36 45 19 50 37 35 44 51 22 23 24 40 52 3 59 2 12 49 48 1 30 41 38 20 7 13 8 56 25 10 15 42 5 55 9 47 0 34 33 17 54 11 21 31 28 6 14 32 18 4 29
55 9 42 36 31 39 33 44 14 43 45 24 51 27 58 19 28 0 48 37 25 29 38 2 47 34 17 7 54 53 11 56 46 41 49 12 10 3 52 40 30 32 5 15 16 50 6 22 8 23 35 57 18 1 59 26 20 4 21 13
16 43 57 53 58 27 26 46 39 36 45 19 50 37 35 44 51 22 23 24 40 52 3 59 2 12 49 48 1 30 41 38 20 7 13 8 56 25 10 15 42 5 55 9 47 0 34 33 17 54 11 21 31 28 6 14 32 18 4 29
55 9 42 36 31 39 33 44 14 43 45 24 51 27 58 19 28 0 48 37 25 29 38 2 47 34 17 7 54 53 11 56 46 41 49 12 10 3 52 40 30 32 5 15 16 50 6 22 8 23 35 57 18 1 59 26 20 4 21 13
