FACTOR_PERMUTATION_V1 12 16 1024 1 1
10 0 1 1 1 1 1 1 1 1 1 1 0 0 2 2 2 2 2 2 2 2 2 2 0 1 1 2 2 2 2 2 2 2 2 2
0 10 1 1 1 1 1 1 1 1 1 1 0 0 2 2 2 2 2 2 2 2 2 2 1 0 2 2 1 2 2 2 2 2 2 2
1 1 10 0 1 1 1 1 1 1 1 1 2 2 0 0 2 2 2 2 2 2 2 2 1 2 0 1 2 2 2 2 2 2 2 2
1 1 0 10 1 1 1 1 1 1 1 1 2 2 0 0 2 2 2 2 2 2 2 2 2 2 1 0 2 2 1 2 2 2 2 2
1 1 1 1 10 0 1 1 1 1 1 1 2 2 2 2 0 0 2 2 2 2 2 2 2 1 2 2 0 1 2 2 2 2 2 2
1 1 1 1 0 10 1 1 1 1 1 1 2 2 2 2 0 0 2 2 2 2 2 2 2 2 2 2 1 0 2 1 2 2 2 2
1 1 1 1 1 1 10 0 1 1 1 1 2 2 2 2 2 2 0 1 1 2 2 2 2 2 2 1 2 2 0 1 2 2 2 2
1 1 1 1 1 1 0 10 1 1 1 1 2 2 2 2 2 2 1 0 2 2 1 2 2 2 2 2 2 1 1 0 2 2 2 2
1 1 1 1 1 1 1 1 10 0 1 1 2 2 2 2 2 2 1 2 0 1 2 2 2 2 2 2 2 2 2 2 0 0 2 2
1 1 1 1 1 1 1 1 0 10 1 1 2 2 2 2 2 2 2 2 1 0 2 1 2 2 2 2 2 2 2 2 0 0 2 2
1 1 1 1 1 1 1 1 1 1 10 0 2 2 2 2 2 2 2 1 2 2 0 1 2 2 2 2 2 2 2 2 2 2 0 0
1 1 1 1 1 1 1 1 1 1 0 10 2 2 2 2 2 2 2 2 2 1 1 0 2 2 2 2 2 2 2 2 2 2 0 0
0 0 2 2 2 2 2 2 2 2 2 2 10 0 1 1 1 1 1 1 1 1 1 1 0 1 1 2 2 2 2 2 2 2 2 2
0 0 2 2 2 2 2 2 2 2 2 2 0 10 1 1 1 1 1 1 1 1 1 1 1 0 2 2 1 2 2 2 2 2 2 2
2 2 0 0 2 2 2 2 2 2 2 2 1 1 10 0 1 1 1 1 1 1 1 1 1 2 0 1 2 2 2 2 2 2 2 2
2 2 0 0 2 2 2 2 2 2 2 2 1 1 0 10 1 1 1 1 1 1 1 1 2 2 1 0 2 2 1 2 2 2 2 2
2 2 2 2 0 0 2 2 2 2 2 2 1 1 1 1 10 0 1 1 1 1 1 1 2 1 2 2 0 1 2 2 2 2 2 2
2 2 2 2 0 0 2 2 2 2 2 2 1 1 1 1 0 10 1 1 1 1 1 1 2 2 2 2 1 0 2 1 2 2 2 2
2 2 2 2 2 2 0 1 1 2 2 2 1 1 1 1 1 1 10 1 0 1 1 1 2 2 2 1 2 2 0 2 1 2 2 2
2 2 2 2 2 2 1 0 2 2 1 2 1 1 1 1 1 1 1 10 1 1 0 1 2 2 2 2 2 1 2 0 2 2 1 2
2 2 2 2 2 2 1 2 0 1 2 2 1 1 1 1 1 1 0 1 10 1 1 1 2 2 2 2 2 2 1 2 0 1 2 2
2 2 2 2 2 2 2 2 1 0 2 1 1 1 1 1 1 1 1 1 1 10 1 0 2 2 2 2 2 2 2 2 1 0 2 1
2 2 2 2 2 2 2 1 2 2 0 1 1 1 1 1 1 1 1 0 1 1 10 1 2 2 2 2 2 2 2 1 2 2 0 1
2 2 2 2 2 2 2 2 2 1 1 0 1 1 1 1 1 1 1 1 1 0 1 10 2 2 2 2 2 2 2 2 2 1 1 0
0 1 1 2 2 2 2 2 2 2 2 2 0 1 1 2 2 2 2 2 2 2 2 2 10 1 0 1 1 1 1 1 1 1 1 1
1 0 2 2 1 2 2 2 2 2 2 2 1 0 2 2 1 2 2 2 2 2 2 2 1 10 1 1 0 1 1 1 1 1 1 1
1 2 0 1 2 2 2 2 2 2 2 2 1 2 0 1 2 2 2 2 2 2 2 2 0 1 10 1 1 1 1 1 1 1 1 1
2 2 1 0 2 2 1 2 2 2 2 2 2 2 1 0 2 2 1 2 2 2 2 2 1 1 1 10 1 1 0 1 1 1 1 1
2 1 2 2 0 1 2 2 2 2 2 2 2 1 2 2 0 1 2 2 2 2 2 2 1 0 1 1 10 1 1 1 1 1 1 1
2 2 2 2 1 0 2 1 2 2 2 2 2 2 2 2 1 0 2 1 2 2 2 2 1 1 1 1 1 10 1 0 1 1 1 1
2 2 2 1 2 2 0 1 2 2 2 2 2 2 2 1 2 2 0 2 1 2 2 2 1 1 1 0 1 1 10 1 1 1 1 1
2 2 2 2 2 1 1 0 2 2 2 2 2 2 2 2 2 1 2 0 2 2 1 2 1 1 1 1 1 0 1 10 1 1 1 1
2 2 2 2 2 2 2 2 0 0 2 2 2 2 2 2 2 2 1 2 0 1 2 2 1 1 1 1 1 1 1 1 10 0 1 1
2 2 2 2 2 2 2 2 0 0 2 2 2 2 2 2 2 2 2 2 1 0 2 1 1 1 1 1 1 1 1 1 0 10 1 1
2 2 2 2 2 2 2 2 2 2 0 0 2 2 2 2 2 2 2 1 2 2 0 1 1 1 1 1 1 1 1 1 1 1 10 0
2 2 2 2 2 2 2 2 2 2 0 0 2 2 2 2 2 2 2 2 2 1 1 0 1 1 1 1 1 1 1 1 1 1 0 10
0 2
0 3
0 4
0 5
0 6
0 7
0 8
0 9
0 10
0 11
1 2
1 3
1 4
1 5
1 6
1 7
1 8
1 9
1 10
1 11
2 4
2 5
2 6
2 7
2 8
2 9
2 10
2 11
3 4
3 5
3 6
3 7
3 8
3 9
3 10
3 11
4 6
4 7
4 8
4 9
4 10
4 11
5 6
5 7
5 8
5 9
5 10
5 11
6 8
6 9
6 10
6 11
7 8
7 9
7 10
7 11
8 10
8 11
9 10
9 11
0 2
0 3
0 4
0 5
0 6
0 7
0 8
0 9
0 10
0 11
1 2
1 3
1 4
1 5
1 6
1 7
1 8
1 9
1 10
1 11
2 4
2 5
2 6
2 7
2 8
2 9
2 10
2 11
3 4
3 5
3 6
3 7
3 8
3 9
3 10
3 11
4 6
4 7
4 8
4 9
4 10
4 11
5 6
5 7
5 8
5 9
5 10
5 11
6 7
6 9
6 10
6 11
7 8
7 9
7 11
8 9
8 10
8 11
9 10
10 11
0 1
0 3
0 4
0 5
0 6
0 7
0 8
0 9
0 10
0 11
1 2
1 3
1 5
1 6
1 7
1 8
1 9
1 10
1 11
2 3
2 4
2 5
2 6
2 7
2 8
2 9
2 10
2 11
3 4
3 5
3 7
3 8
3 9
3 10
3 11
4 5
4 6
4 7
4 8
4 9
4 10
4 11
5 6
5 8
5 9
5 10
5 11
6 7
6 8
6 9
6 10
6 11
7 8
7 9
7 10
7 11
8 10
8 11
9 10
9 11
14364013291404145424 1024
57 41 34 15 32 35 36 43 20 45 44 56 27 59 2 29 39 1 30 26 52 22 58 9 18 42 4 37 46 54 7 11 48 28 13 6 51 49 31 10 25 14 17 55 33 8 16 0 47 23 50 38 21 40 24 12 3 5 53 19
37 25 5 33 57 36 11 41 42 29 9 50 44 1 54 13 47 56 23 38 49 51 12 52 28 53 7 15 10 18 40 58 3 46 6 30 34 8 45 55 31 16 39 32 14 48 21 17 26 0 43 35 24 19 2 27 59 22 20 4
57 41 34 15 32 35 36 43 20 45 44 56 27 59 2 29 39 1 30 26 52 22 58 9 18 42 4 37 46 54 7 11 48 28 13 6 51 49 31 10 25 50 17 55 33 8 16 0 47 23 14 38 21 40 24 12 3 5 53 19
37 25 5 33 57 36 11 41 42 29 9 50 44 1 54 13 47 56 23 38 49 35 12 52 28 53 7 15 10 18 40 58 3 46 6 30 34 8 45 55 31 16 51 32 14 48 21 17 26 0 43 39 24 19 2 27 59 22 20 4
4529821445164716423 1024
37 40 56 22 53 9 13 31 55 35 39 44 30 33 46 29 5 34 20 38 47 51 27 18 23 0 4 50 2 17 21 6 59 49 14 43 52 42 58 19 10 48 11 54 8 24 32 3 57 7 1 26 28 25 41 16 45 15 12 36
49 24 32 28 15 45 51 36 23 30 22 50 3 46 31 57 34 0 40 12 14 18 42 2 11 38 52 55 54 29 9 59 26 5 13 39 41 25 35 7 47 20 58 6 4 56 10 48 37 21 16 44 53 17 1 19 33 43 27 8
37 40 56 22 53 9 13 31 55 35 39 44 30 58 46 29 5 34 20 38 47 51 27 18 23 0 4 50 2 17 21 6 59 49 14 43 52 42 33 19 10 48 11 54 8 24 32 3 57 7 1 26 28 25 41 16 45 15 12 36
49 24 32 28 15 45 51 36 23 30 22 50 3 46 31 57 34 0 40 12 14 18 42 2 11 38 52 55 54 29 9 59 26 5 13 39 41 25 35 7 47 20 58 6 4 56 10 48 37 21 16 44 53 17 1 19 33 43 27 8
6743360428569850405 1024
39 35 23 30 29 26 12 37 36 57 38 53 10 33 54 51 31 3 22 42 7 48 58 59 46 4 32 5 14 27 9 2 50 15 44 52 6 47 49 34 28 55 18 16 41 8 56 17 24 13 45 11 1 43 25 0 19 21 20 40
12 52 32 41 51 27 31 26 53 1 30 4 48 58 59 5 46 54 29 10 42 24 43 35 33 8 13 56 45 11 20 38 16 2 57 25 18 7 55 0 23 37 14 49 50 22 3 19 40 28 6 44 34 15 17 39 21 47 36 9
39 35 23 30 29 26 12 37 36 57 38 53 10 33 54 51 31 3 22 42 7 48 58 59 46 4 32 5 14 27 9 2 50 15 44 52 6 47 17 34 28 55 18 16 41 8 56 49 24 13 45 11 1 43 25 0 19 21 20 40
12 52 32 41 51 27 31 26 53 1 30 4 48 58 59 5 46 54 29 10 42 24 43 35 33 8 13 56 45 11 20 38 16 2 57 25 18 7 55 0 23 37 14 49 50 22 3 19 40 28 6 44 34 15 17 39 21 47 36 9
5161457400111532875 1024
47 31 4 49 40 44 59 23 55 24 56 18 28 53 27 20 36 42 46 52 50 22 19 11 10 37 7 14 17 45 2 6 43 26 54 41 58 57 51 3 48 34 15 35 8 9 38 5 1 16 21 33 25 30 0 13 32 29 12 39
13 7 15 35 30 44 28 19 54 41 43 46 56 31 39 49 27 5 48 23 10 58 57 40 47 45 37 32 50 8 59 33 14 36 21 52 29 2 3 34 25 53 38 11 9 22 16 42 26 4 17 12 18 55 6 1 51 20 0 24
47 31 4 49 40 44 59 23 55 24 56 18 28 53 27 20 36 42 46 52 50 22 19 11 10 37 7 14 17 45 2 6 43 26 54 41 58 57 51 3 48 34 15 35 8 9 38 5 1 16 21 33 25 30 0 13 32 29 12 39
13 7 15 35 30 44 28 19 54 41 43 46 56 31 39 49 27 5 48 23 10 58 57 40 47 45 37 32 50 8 59 33 14 36 21 52 29 2 3 34 25 53 38 11 9 22 16 42 26 4 17 12 18 55 6 1 51 20 0 24
3595660429305548601 1024
56 37 53 7 44 58 30 22 29 10 59 45 17 16 25 38 47 2 36 48 42 52 54 28 12 35 15 49 19 41 5 24 4 43 18 39 34 23 27 50 6 32 14 51 1 26 20 8 33 40 57 0 9 13 11 3 46 31 21 55
2 7 56 32 33 37 51 46 58 48 36 43 25 30 8 18 1 45 27 19 49 39 34 52 26 12 42 17 47 15 57 16 40 20 44 5 10 3 54 31 13 9 55 21 24 22 28 59 35 4 23 38 11 41 6 50 0 14 53 29
56 37 53 7 44 58 30 22 29 10 59 45 17 16 25 38 47 2 36 48 42 52 54 28 12 35 15 49 39 41 5 24 4 43 18 19 34 23 27 50 6 32 14 51 1 26 20 8 33 40 57 0 9 13 11 3 46 31 21 55
2 7 56 32 33 37 51 46 58 48 36 43 25 30 8 18 1 45 27 19 49 39 34 52 26 12 42 17 47 15 57 16 40 20 44 5 10 3 54 31 13 9 55 21 24 22 28 59 35 4 23 38 11 41 6 50 0 14 53 29
16848760498994225428 1024
46 18 6 41 32 55 23 35 45 22 10 54 33 4 53 58 29 21 36 40 48 50 28 12 7 56 9 44 43 31 3 20 51 49 16 38 14 59 15 27 52 2 26 57 8 37 17 11 47 19 0 25 39 1 30 5 34 13 24 42
59 24 34 26 50 52 55 35 13 39 43 28 16 56 27 29 45 51 53 2 25 15 31 49 37 42 14 1 48 0 38 54 46 17 7 57 9 6 33 30 21 22 36 10 32 18 47 5 11 3 58 12 8 4 41 44 23 20 40 19
46 18 6 41 32 55 23 35 45 22 10 54 33 4 53 58 29 21 36 40 48 50 28 12 7 56 9 44 43 31 3 20 51 49 16 38 14 59 15 27 52 2 26 57 8 37 17 11 47 19 0 25 39 1 30 5 34 13 24 42
59 24 34 26 50 52 55 35 13 39 43 28 16 56 27 29 45 51 53 2 4 15 31 49 37 42 14 1 48 0 38 54 46 17 7 57 9 6 33 30 21 22 36 10 32 18 47 5 11 3 58 12 8 25 41 44 23 20 40 19
18290054169157556051 1024
52 53 0 51 42 34 23 30 38 47 4 40 7 10 56 49 54 31 27 32 19 25 46 8 2 43 48 36 50 44 41 28 45 9 58 16 6 57 15 22 1 18 17 37 59 35 55 5 11 26 21 39 20 24 29 3 13 33 12 14
32 51 29 1 26 59 39 47 12 6 37 57 33 49 28 56 42 8 23 46 52 50 0 44 55 41 10 43 11 54 53 40 3 38 5 25 27 4 34 58 48 22 15 19 17 16 20 7 45 35 31 2 9 18 24 13 36 14 30 21
52 53 0 51 42 34 23 30 38 47 4 40 7 10 56 49 54 31 27 32 19 25 46 8 2 43 48 36 50 44 41 28 45 9 58 16 6 57 15 22 1 18 17 37 59 35 55 5 11 26 21 39 20 24 29 3 13 33 12 14
32 51 29 1 26 59 39 47 12 6 37 57 33 49 28 56 42 8 23 46 52 50 0 44 55 41 10 43 11 54 53 40 3 38 5 25 27 4 34 58 48 22 15 19 17 16 20 7 45 35 31 2 9 18 24 13 36 14 30 21
2166673428522300644 1024
42 2 34 17 39 56 0 29 48 52 20 37 44 50 21 10 31 54 1 58 49 4 33 6 46 9 18 36 7 43 16 47 45 14 32 26 40 12 23 15 27 57 8 59 41 24 30 13 35 25 19 5 51 22 55 53 3 11 38 28
33 59 57 45 16 10 30 54 7 42 41 6 58 22 43 50 19 29 14 28 47 56 12 46 39 36 53 52 32 13 37 38 20 55 1 0 8 26 15 51 49 2 25 11 23 34 35 5 9 40 31 27 17 3 24 18 4 44 21 48
42 2 34 17 39 56 0 29 48 52 20 37 44 50 21 10 31 54 1 58 49 4 33 6 46 9 18 36 7 43 16 47 45 14 32 26 40 12 23 15 27 57 8 59 41 24 30 13 35 25 19 5 51 22 55 53 3 11 38 28
33 59 57 45 16 38 30 54 7 42 41 6 58 22 43 49 19 29 14 28 47 56 12 46 39 36 53 52 32 13 37 10 20 55 1 0 8 27 15 51 50 2 25 11 23 34 35 5 9 40 31 26 17 3 24 18 4 44 21 48
17365319578857621176 1024
6 19 59 34 57 39 43 15 33 28 56 22 51 48 38 27 35 26 29 40 13 42 31 41 54 9 49 12 53 2 45 44 37 52 0 11 25 16 58 30 5 7 23 32 14 18 10 55 3 46 50 1 8 4 47 20 24 21 17 36
46 52 49 31 28 40 19 35 21 48 36 45 29 25 27 57 37 12 4 58 32 41 56 22 11 8 53 6 51 54 33 10 3 55 39 16 5 17 43 9 38 23 15 7 26 34 42 2 18 24 0 44 59 30 14 1 50 47 20 13
6 19 59 34 57 39 43 15 33 28 56 22 51 48 38 27 35 26 29 40 13 42 31 41 54 9 49 12 53 2 45 44 37 52 0 11 25 16 58 30 5 7 23 32 14 18 10 55 3 46 50 1 8 4 47 20 24 21 17 36
46 52 49 31 28 40 19 35 21 48 36 45 29 25 27 57 37 12 4 58 32 41 56 22 11 8 53 6 51 54 33 10 3 55 39 16 5 17 43 9 38 23 15 7 26 34 42 2 18 24 0 44 59 30 14 1 50 47 20 13
18028310248513911900 1024
54 12 59 32 56 6 39 42 25 11 14 44 53 50 21 47 51 26 2 23 49 5 9 40 29 4 45 38 41 7 58 52 27 1 30 46 0 3 55 31 18 22 35 17 10 37 8 48 15 16 19 13 20 24 57 33 34 43 36 28
48 49 43 22 41 32 37 56 35 59 33 21 47 6 58 27 14 29 57 36 51 34 54 50 18 20 31 5 19 17 24 0 9 46 40 7 15 4 45 1 23 53 39 38 30 8 44 10 25 42 2 12 26 55 11 3 13 28 16 52
54 12 59 32 56 6 39 42 25 11 14 44 53 50 21 47 51 26 2 23 49 5 9 40 29 4 45 38 41 7 58 52 27 1 30 46 0 3 55 31 18 22 35 17 10 37 8 48 15 16 19 13 20 24 57 33 34 43 36 28
48 49 43 22 41 32 37 56 35 59 33 21 47 6 58 27 14 29 57 36 51 34 54 50 18 20 31 5 19 17 24 0 9 46 40 7 15 4 45 1 23 53 39 38 30 8 44 10 25 42 2 12 26 55 11 3 13 28 16 52
9177928049874184486 1024
18 55 31 32 24 47 34 23 13 51 45 44 35 56 33 22 37 20 57 1 50 49 43 6 5 41 16 21 52 9 19 42 36 46 12 53 54 26 25 4 7 38 8 17 59 11 48 10 39 40 30 3 0 58 27 28 2 14 29 15
53 14 59 56 28 19 12 35 8 47 34 27 30 26 24 38 32 4 3 39 15 2 5 45 13 42 41 16 1 17 44 58 46 48 52 43 40 0 54 55 29 25 57 50 7 23 49 31 9 33 21 11 51 20 10 6 37 22 36 18
18 55 31 32 24 47 34 23 13 51 45 44 35 56 33 22 37 20 57 1 50 49 43 6 5 41 16 21 52 9 19 42 36 46 12 53 54 26 25 4 7 38 8 17 59 11 48 10 39 40 30 3 0 58 27 28 2 14 29 15
53 14 59 56 28 19 12 35 8 47 34 27 30 26 24 38 32 4 3 39 15 2 5 45 13 42 41 16 1 17 44 58 46 48 52 43 40 0 54 55 29 25 57 50 7 23 49 31 9 33 21 11 51 20 10 6 37 22 36 18
15249840754760481558 1024
15 59 27 49 25 34 30 37 22 52 6 57 58 20 50 19 26 35 28 31 47 5 40 45 9 42 39 18 4 33 3 38 53 13 46 7 11 55 54 48 0 2 17 10 56 16 23 51 41 8 32 44 29 24 12 1 43 36 14 21
52 16 43 20 45 59 2 34 31 29 58 37 11 51 6 19 55 3 24 39 32 57 38 8 1 13 12 35 46 30 27 5 0 56 42 48 9 40 36 25 47 23 44 41 26 22 7 10 50 28 18 53 21 15 49 17 14 33 54 4
15 59 27 45 25 34 30 37 22 52 6 57 58 20 50 19 26 35 28 31 47 5 40 49 9 42 39 18 4 33 3 38 53 13 46 7 11 55 54 48 0 2 17 10 56 16 23 51 41 8 32 44 29 24 12 1 43 36 14 21
52 16 43 20 45 59 2 34 31 29 58 37 11 51 6 19 55 3 24 39 32 57 38 8 1 13 12 35 46 30 27 5 0 56 42 48 9 40 36 25 47 23 44 41 26 22 7 10 50 28 18 53 21 15 49 17 14 33 54 4
17503114823648500467 1024
48 29 39 52 35 51 50 0 45 38 28 16 56 42 20 17 41 15 24 47 46 27 55 13 49 19 1 5 40 53 8 57 21 36 54 7 25 2 23 31 59 30 9 22 11 43 33 14 34 3 12 18 6 58 4 32 10 37 44 26
15 56 19 36 35 24 29 47 12 58 51 23 16 50 44 48 27 9 38 31 22 53 8 39 37 45 43 18 46 41 20 13 40 54 7 49 57 33 30 26 4 2 11 59 55 10 32 21 0 34 52 28 3 5 25 14 17 6 1 42
48 29 39 52 35 51 50 0 45 38 28 16 56 42 20 17 41 15 24 47 46 27 55 13 49 19 1 5 40 53 8 57 21 36 54 7 25 4 23 31 59 30 9 22 11 43 33 14 34 3 12 18 6 58 2 32 10 37 44 26
15 56 19 36 35 24 29 47 12 58 51 23 16 50 44 48 27 9 38 31 22 53 8 39 37 45 43 18 46 41 20 13 40 54 7 49 57 33 30 26 4 2 11 59 55 10 32 21 0 34 52 28 3 5 25 14 17 6 1 42
7112550135283548847 1024
3 41 24 25 9 29 31 28 53 18 39 10 44 34 35 43 7 59 42 20 58 15 21 0 11 54 52 50 48 30 56 2 27 4 13 38 12 33 19 45 22 6 37 51 57 49 55 1 8 26 40 47 36 16 5 17 14 46 32 23
34 14 41 48 31 13 58 8 20 43 45 54 1 15 21 39 50 22 55 32 47 49 17 42 52 18 29 25 38 59 40 57 2 44 56 12 27 3 51 23 11 53 24 33 5 9 16 37 30 46 7 6 26 19 0 28 35 10 36 4
3 41 24 25 9 29 31 28 53 18 39 10 44 34 35 43 7 59 42 20 58 15 21 0 11 54 52 50 48 30 56 2 27 4 13 38 12 33 19 45 22 6 37 51 57 49 55 1 8 26 40 47 36 16 5 17 14 46 32 23
34 14 41 48 31 13 58 8 20 43 45 54 1 15 21 39 50 22 55 32 47 49 17 42 52 18 29 25 38 59 40 57 2 44 56 12 27 3 51 23 11 53 24 33 5 9 16 37 30 46 7 6 26 19 0 28 35 10 36 4
9395473085542811993 1024
15 8 19 49 36 29 30 21 47 53 50 20 22 44 58 45 35 34 57 23 9 14 43 51 25 38 4 28 7 54 24 40 42 6 41 13 46 56 0 37 55 32 17 33 5 16 26 1 59 27 31 11 12 18 10 2 39 52 3 48
41 50 30 10 53 3 33 55 36 49 39 56 18 7 29 26 54 0 42 31 58 17 51 2 45 14 6 22 43 16 40 59 9 28 21 23 8 27 25 19 5 37 20 48 47 46 52 34 15 4 57 44 13 24 32 38 1 12 11 35
15 8 19 49 36 29 30 21 47 53 50 20 22 44 58 45 35 34 28 23 9 14 43 51 25 38 4 57 7 54 17 40 42 6 41 13 52 56 0 37 55 32 24 33 5 16 26 1 59 27 31 11 12 18 10 2 39 46 3 48
41 50 30 10 53 2 35 55 28 49 39 56 18 7 29 26 54 0 42 31 58 17 51 3 45 14 6 22 43 16 40 59 9 36 21 23 8 34 25 19 5 37 20 48 47 46 52 27 15 4 57 44 13 24 32 38 1 12 11 33
15611425364702605947 1024
16 43 57 56 7 47 26 42 28 36 45 19 30 41 29 18 54 37 23 24 40 52 3 59 39 12 49 48 35 50 20 38 5 58 13 21 55 25 1 15 14 8 17 22 27 0 9 33 34 51 11 46 31 44 6 53 10 2 4 32
55 9 42 41 31 7 33 13 52 53 45 21 51 1 6 32 30 39 48 37 25 19 40 14 4 57 17 43 54 38 12 56 46 23 11 49 16 3 24 26 28 34 8 58 15 47 59 36 2 27 44 22 18 29 10 20 5 50 35 0
16 43 19 56 7 47 26 42 28 36 45 57 30 41 29 18 54 37 23 24 40 52 3 59 39 12 49 48 35 50 20 38 5 58 13 21 55 25 1 15 14 8 17 22 27 0 9 33 34 51 11 46 31 44 6 53 10 2 4 32
55 9 42 41 31 7 33 13 52 53 45 21 51 1 6 32 30 39 48 37 25 19 40 14 4 57 17 43 54 38 12 56 46 23 11 49 16 3 24 26 28 34 8 58 15 47 59 36 2 27 44 22 18 29 10 20 5 50 35 0
