FACTOR_PERMUTATION_V1 12 16 1024 1 1
10 0 1 1 1 1 1 1 1 1 1 1 0 0 2 2 2 2 2 2 2 2 2 2 0 1 1 2 2 2 2 2 2 2 2 2
0 10 1 1 1 1 1 1 1 1 1 1 0 0 2 2 2 2 2 2 2 2 2 2 1 0 2 2 1 2 2 2 2 2 2 2
1 1 10 0 1 1 1 1 1 1 1 1 2 2 0 0 2 2 2 2 2 2 2 2 1 2 0 1 2 2 2 2 2 2 2 2
1 1 0 10 1 1 1 1 1 1 1 1 2 2 0 0 2 2 2 2 2 2 2 2 2 2 1 0 2 2 1 2 2 2 2 2
1 1 1 1 10 0 1 1 1 1 1 1 2 2 2 2 0 0 2 2 2 2 2 2 2 1 2 2 0 1 2 2 2 2 2 2
1 1 1 1 0 10 1 1 1 1 1 1 2 2 2 2 0 0 2 2 2 2 2 2 2 2 2 2 1 0 2 1 2 2 2 2
1 1 1 1 1 1 10 0 1 1 1 1 2 2 2 2 2 2 0 1 1 2 2 2 2 2 2 1 2 2 0 1 2 2 2 2
1 1 1 1 1 1 0 10 1 1 1 1 2 2 2 2 2 2 1 0 2 2 1 2 2 2 2 2 2 1 1 0 2 2 2 2
1 1 1 1 1 1 1 1 10 0 1 1 2 2 2 2 2 2 1 2 0 1 2 2 2 2 2 2 2 2 2 2 0 0 2 2
1 1 1 1 1 1 1 1 0 10 1 1 2 2 2 2 2 2 2 2 1 0 2 1 2 2 2 2 2 2 2 2 0 0 2 2
1 1 1 1 1 1 1 1 1 1 10 0 2 2 2 2 2 2 2 1 2 2 0 1 2 2 2 2 2 2 2 2 2 2 0 0
1 1 1 1 1 1 1 1 1 1 0 10 2 2 2 2 2 2 2 2 2 1 1 0 2 2 2 2 2 2 2 2 2 2 0 0
0 0 2 2 2 2 2 2 2 2 2 2 10 0 1 1 1 1 1 1 1 1 1 1 0 1 1 2 2 2 2 2 2 2 2 2
0 0 2 2 2 2 2 2 2 2 2 2 0 10 1 1 1 1 1 1 1 1 1 1 1 0 2 2 1 2 2 2 2 2 2 2
2 2 0 0 2 2 2 2 2 2 2 2 1 1 10 0 1 1 1 1 1 1 1 1 1 2 0 1 2 2 2 2 2 2 2 2
2 2 0 0 2 2 2 2 2 2 2 2 1 1 0 10 1 1 1 1 1 1 1 1 2 2 1 0 2 2 1 2 2 2 2 2
2 2 2 2 0 0 2 2 2 2 2 2 1 1 1 1 10 0 1 1 1 1 1 1 2 1 2 2 0 1 2 2 2 2 2 2
2 2 2 2 0 0 2 2 2 2 2 2 1 1 1 1 0 10 1 1 1 1 1 1 2 2 2 2 1 0 2 1 2 2 2 2
2 2 2 2 2 2 0 1 1 2 2 2 1 1 1 1 1 1 10 1 0 1 1 1 2 2 2 1 2 2 0 2 1 2 2 2
2 2 2 2 2 2 1 0 2 2 1 2 1 1 1 1 1 1 1 10 1 1 0 1 2 2 2 2 2 1 2 0 2 2 1 2
2 2 2 2 2 2 1 2 0 1 2 2 1 1 1 1 1 1 0 1 10 1 1 1 2 2 2 2 2 2 1 2 0 1 2 2
2 2 2 2 2 2 2 2 1 0 2 1 1 1 1 1 1 1 1 1 1 10 1 0 2 2 2 2 2 2 2 2 1 0 2 1
2 2 2 2 2 2 2 1 2 2 0 1 1 1 1 1 1 1 1 0 1 1 10 1 2 2 2 2 2 2 2 1 2 2 0 1
2 2 2 2 2 2 2 2 2 1 1 0 1 1 1 1 1 1 1 1 1 0 1 10 2 2 2 2 2 2 2 2 2 1 1 0
0 1 1 2 2 2 2 2 2 2 2 2 0 1 1 2 2 2 2 2 2 2 2 2 10 1 0 1 1 1 1 1 1 1 1 1
1 0 2 2 1 2 2 2 2 2 2 2 1 0 2 2 1 2 2 2 2 2 2 2 1 10 1 1 0 1 1 1 1 1 1 1
1 2 0 1 2 2 2 2 2 2 2 2 1 2 0 1 2 2 2 2 2 2 2 2 0 1 10 1 1 1 1 1 1 1 1 1
2 2 1 0 2 2 1 2 2 2 2 2 2 2 1 0 2 2 1 2 2 2 2 2 1 1 1 10 1 1 0 1 1 1 1 1
2 1 2 2 0 1 2 2 2 2 2 2 2 1 2 2 0 1 2 2 2 2 2 2 1 0 1 1 10 1 1 1 1 1 1 1
2 2 2 2 1 0 2 1 2 2 2 2 2 2 2 2 1 0 2 1 2 2 2 2 1 1 1 1 1 10 1 0 1 1 1 1
2 2 2 1 2 2 0 1 2 2 2 2 2 2 2 1 2 2 0 2 1 2 2 2 1 1 1 0 1 1 10 1 1 1 1 1
2 2 2 2 2 1 1 0 2 2 2 2 2 2 2 2 2 1 2 0 2 2 1 2 1 1 1 1 1 0 1 10 1 1 1 1
2 2 2 2 2 2 2 2 0 0 2 2 2 2 2 2 2 2 1 2 0 1 2 2 1 1 1 1 1 1 1 1 10 0 1 1
2 2 2 2 2 2 2 2 0 0 2 2 2 2 2 2 2 2 2 2 1 0 2 1 1 1 1 1 1 1 1 1 0 10 1 1
2 2 2 2 2 2 2 2 2 2 0 0 2 2 2 2 2 2 2 1 2 2 0 1 1 1 1 1 1 1 1 1 1 1 10 0
2 2 2 2 2 2 2 2 2 2 0 0 2 2 2 2 2 2 2 2 2 1 1 0 1 1 1 1 1 1 1 1 1 1 0 10
0 2
0 3
0 4
0 5
0 6
0 7
0 8
0 9
0 10
0 11
1 2
1 3
1 4
1 5
1 6
1 7
1 8
1 9
1 10
1 11
2 4
2 5
2 6
2 7
2 8
2 9
2 10
2 11
3 4
3 5
3 6
3 7
3 8
3 9
3 10
3 11
4 6
4 7
4 8
4 9
4 10
4 11
5 6
5 7
5 8
5 9
5 10
5 11
6 8
6 9
6 10
6 11
7 8
7 9
7 10
7 11
8 10
8 11
9 10
9 11
0 2
0 3
0 4
0 5
0 6
0 7
0 8
0 9
0 10
0 11
1 2
1 3
1 4
1 5
1 6
1 7
1 8
1 9
1 10
1 11
2 4
2 5
2 6
2 7
2 8
2 9
2 10
2 11
3 4
3 5
3 6
3 7
3 8
3 9
3 10
3 11
4 6
4 7
4 8
4 9
4 10
4 11
5 6
5 7
5 8
5 9
5 10
5 11
6 7
6 9
6 10
6 11
7 8
7 9
7 11
8 9
8 10
8 11
9 10
10 11
0 1
0 3
0 4
0 5
0 6
0 7
0 8
0 9
0 10
0 11
1 2
1 3
1 5
1 6
1 7
1 8
1 9
1 10
1 11
2 3
2 4
2 5
2 6
2 7
2 8
2 9
2 10
2 11
3 4
3 5
3 7
3 8
3 9
3 10
3 11
4 5
4 6
4 7
4 8
4 9
4 10
4 11
5 6
5 8
5 9
5 10
5 11
6 7
6 8
6 9
6 10
6 11
7 8
7 9
7 10
7 11
8 10
8 11
9 10
9 11
506948915718409932 6144
54 56 50 15 0 29 28 36 25 45 44 46 51 59 2 21 39 31 30 23 52 7 58 9 18 42 4 37 53 27 55 12 48 41 13 6 5 49 35 10 19 1 26 32 17 8 38 22 47 57 11 33 3 40 24 16 20 14 43 34
38 36 5 33 43 48 59 22 53 29 23 34 31 25 54 44 47 46 16 4 32 51 12 41 50 58 35 15 10 14 40 7 3 45 57 30 27 56 26 55 42 49 39 17 1 6 24 18 9 0 52 2 11 19 8 21 28 20 13 37
54 56 50 15 0 29 28 36 25 45 44 46 51 59 2 21 39 31 30 23 52 7 58 9 18 42 4 37 53 27 55 12 48 41 13 6 5 49 35 10 19 1 26 32 17 8 38 22 47 57 11 33 3 40 24 16 20 14 43 34
38 36 5 33 43 48 59 22 53 29 23 34 31 25 54 44 47 46 16 4 32 51 12 41 50 58 35 15 10 14 40 7 3 45 57 30 27 56 26 55 42 49 39 17 1 6 24 18 9 0 52 2 11 19 8 21 28 20 13 37
4273571873207024691 6144
37 58 57 22 46 9 13 31 55 33 39 44 30 53 59 29 5 34 10 38 24 54 51 18 8 6 7 48 2 17 43 52 1 50 14 47 20 25 15 19 0 49 11 56 40 23 32 4 27 3 28 26 35 42 41 16 45 21 36 12
52 27 14 33 24 45 51 36 35 30 58 54 57 25 31 59 34 29 38 22 32 18 20 2 42 9 13 15 40 43 7 41 23 5 53 48 46 56 26 49 47 3 8 10 4 50 6 39 37 11 16 44 12 17 1 19 28 0 21 55
37 50 56 22 46 9 13 31 55 33 39 44 30 53 59 29 5 34 10 38 43 8 51 18 57 6 7 48 2 17 52 24 35 58 14 47 20 25 15 19 0 49 11 54 40 23 32 4 27 3 28 26 1 42 41 16 45 21 36 12
38 27 14 11 24 45 59 36 35 30 58 54 57 51 31 25 34 29 52 22 32 18 37 2 42 9 13 15 33 12 7 41 23 5 53 48 46 56 26 49 47 3 8 10 4 50 6 39 40 20 16 44 43 17 1 19 28 0 21 55
9073229488901747880 6144
54 50 23 30 34 38 5 10 21 49 26 53 18 33 29 51 37 20 25 42 7 48 17 12 59 4 32 43 14 16 9 3 46 47 36 52 6 35 22 31 39 57 58 27 41 56 15 0 24 13 2 40 45 8 55 11 19 1 44 28
13 23 57 41 43 29 26 54 49 37 38 42 48 33 25 31 55 53 3 16 51 44 52 4 32 35 14 56 45 24 20 59 2 8 18 7 58 5 17 9 19 1 0 15 50 22 28 30 46 34 6 27 10 11 40 39 21 47 36 12
54 50 23 30 34 38 39 10 21 49 26 53 18 33 29 51 37 20 25 42 7 48 17 12 59 4 32 43 14 16 9 3 46 35 36 52 6 47 22 31 5 57 58 27 41 56 15 0 24 13 2 40 45 8 55 11 19 1 44 28
13 23 57 41 43 29 26 54 49 1 38 42 48 33 27 31 55 53 3 17 51 44 52 4 32 20 14 56 45 24 35 59 2 8 18 7 58 5 16 9 19 37 0 15 50 22 28 30 46 34 6 25 10 11 40 39 21 47 36 12
6815055117294245746 6144
59 31 10 49 54 39 46 42 32 23 55 14 20 53 50 44 27 47 28 36 56 22 38 35 58 37 5 13 17 57 2 40 43 41 45 4 24 9 51 3 48 34 18 19 1 26 15 8 29 7 21 33 25 11 6 0 12 16 30 52
13 59 52 19 43 49 28 15 54 3 5 46 56 31 58 41 55 1 42 23 10 39 57 38 45 27 37 32 47 7 30 6 17 35 24 12 29 11 25 51 2 53 9 50 21 14 16 48 8 40 22 0 18 26 44 33 4 20 34 36
59 31 10 49 54 39 46 42 32 23 55 14 20 53 50 44 27 47 28 36 56 22 38 35 58 37 5 13 17 57 2 40 43 41 45 4 24 9 51 3 48 34 18 19 1 26 15 8 29 7 21 33 25 11 6 0 12 16 30 52
13 59 52 19 43 49 28 15 54 3 5 46 56 31 58 41 55 1 42 23 10 39 57 38 45 27 37 32 47 7 30 6 17 35 24 12 29 11 25 51 2 53 9 50 21 14 16 48 8 40 22 0 18 26 44 33 4 20 34 36
10220487165302267802 6144
55 38 30 53 8 45 27 22 29 47 51 19 28 32 25 24 46 40 48 49 23 56 12 2 13 50 7 36 9 58 43 44 6 18 4 39 34 42 26 52 17 16 14 59 5 35 20 15 33 10 57 0 41 1 11 3 54 31 21 37
55 25 56 11 59 36 12 41 32 48 37 43 51 54 8 16 1 29 24 21 49 3 34 15 26 7 42 17 30 57 6 18 40 13 44 5 10 9 47 33 23 4 53 22 50 27 31 39 35 45 28 52 58 2 38 19 0 46 14 20
55 38 30 53 8 45 27 22 29 47 51 19 28 32 25 24 46 40 48 49 23 56 12 2 13 50 7 36 9 58 43 44 6 18 4 39 34 42 26 52 17 16 14 59 5 35 20 15 33 10 57 0 41 1 11 3 54 31 21 37
55 25 56 11 59 36 12 41 32 48 37 43 51 54 8 16 1 29 24 21 49 3 34 15 26 7 42 17 30 57 6 18 40 13 44 5 10 9 47 33 23 4 53 22 50 27 31 39 35 45 28 52 58 2 38 19 0 46 14 20
5106336418319372838 6144
46 56 51 10 33 55 28 37 43 27 29 54 58 35 53 14 4 21 36 40 48 50 38 13 7 12 9 15 6 49 3 45 26 31 11 39 32 20 16 19 25 1 0 57 34 8 17 52 41 59 18 22 23 5 30 2 47 44 24 42
59 52 28 58 16 29 55 31 22 37 43 33 26 57 38 27 45 51 30 7 49 0 20 56 54 47 13 35 46 15 41 4 44 17 1 21 5 6 34 53 14 48 32 10 36 19 42 9 50 3 24 12 2 18 39 25 23 11 40 8
46 56 51 10 29 55 28 37 43 58 35 54 33 27 53 14 4 21 36 40 48 50 39 13 7 12 9 16 6 49 3 45 26 31 11 38 32 20 15 19 25 1 0 57 34 8 17 52 41 59 18 22 23 2 30 5 47 44 24 42
59 52 33 58 16 29 55 35 22 20 43 13 26 57 38 27 45 51 30 7 25 0 31 56 54 47 2 37 46 8 41 4 44 17 1 21 5 6 34 53 14 48 32 10 36 19 42 9 50 3 24 12 28 18 39 49 23 11 40 15
8310479694790668059 6144
23 53 6 55 47 13 34 30 27 36 49 37 56 4 21 58 54 29 32 20 19 18 59 8 28 43 48 42 26 44 41 14 3 9 7 16 31 57 15 22 1 45 17 35 51 5 10 52 25 50 38 0 2 24 39 11 46 33 12 40
43 51 54 1 26 16 39 55 31 6 37 25 46 32 41 56 42 8 21 50 27 47 11 59 9 28 17 44 15 33 53 3 52 12 2 35 0 5 34 49 48 22 57 38 10 36 58 7 45 20 13 23 40 18 24 19 4 14 30 29
23 53 6 55 47 13 34 30 27 36 49 37 56 4 21 58 54 29 32 20 19 18 59 8 2 43 48 42 26 44 41 14 3 9 7 16 31 57 15 22 1 45 17 35 51 5 10 52 25 50 38 0 28 24 39 11 46 33 12 40
43 51 33 1 26 16 39 55 31 6 37 25 21 32 41 56 42 8 46 47 49 50 11 59 9 28 17 44 15 54 53 3 52 12 2 35 0 5 34 58 48 22 57 38 10 36 27 7 45 20 13 23 40 18 24 19 4 14 30 29
13148041685694226749 6144
42 40 34 17 45 22 27 50 52 23 39 43 57 26 21 32 49 54 36 38 53 37 35 6 59 8 10 16 7 48 9 13 14 30 55 44 11 41 46 15 0 4 56 1 20 24 29 51 18 25 19 5 2 47 58 33 3 31 12 28
33 16 57 45 41 38 30 5 39 42 47 6 54 25 31 26 35 29 27 28 10 56 12 46 36 20 49 52 50 15 37 51 55 58 1 3 8 7 19 34 43 53 4 32 9 18 14 22 44 40 24 59 17 0 11 23 13 2 21 48
42 40 34 17 45 22 27 50 52 23 39 43 57 26 21 32 49 54 36 12 53 37 35 6 59 8 10 16 7 48 9 13 14 30 55 46 11 41 44 15 0 4 56 1 20 24 29 51 18 25 19 5 2 47 58 33 3 31 38 28
33 16 57 45 41 38 30 5 39 42 47 6 54 25 31 26 35 29 55 28 10 56 12 46 36 20 49 52 50 15 37 51 27 58 1 3 8 7 19 34 43 14 4 32 9 18 53 22 44 40 24 59 17 0 11 23 13 2 21 48
3139924928984034459 6144
24 19 0 58 57 41 43 48 33 28 38 36 51 5 18 25 35 26 44 31 11 42 40 7 54 21 4 15 53 6 45 47 59 52 37 46 49 16 8 50 56 12 23 32 14 34 27 55 3 20 30 1 10 2 29 22 39 9 17 13
46 52 58 32 28 17 19 45 14 48 12 44 25 1 27 38 37 36 4 56 57 41 49 22 11 8 53 2 51 54 40 6 3 55 39 16 5 33 43 0 31 23 15 7 50 20 42 10 18 24 9 35 59 34 21 30 26 47 29 13
24 19 0 58 57 41 43 48 33 28 38 36 51 37 18 25 35 26 44 31 11 42 40 7 54 21 4 15 53 6 45 47 59 52 5 46 49 16 8 50 56 12 23 32 14 34 27 55 3 20 30 1 10 2 29 22 39 9 17 13
46 57 58 32 28 17 19 45 14 48 12 44 25 1 27 38 37 36 4 56 52 41 49 22 11 8 53 2 51 54 40 6 3 55 39 16 5 33 43 0 31 23 15 7 50 20 42 10 18 24 9 35 59 34 21 30 26 47 29 13
9550619348715590269 6144
15 2 56 35 58 49 29 26 22 42 59 43 41 50 44 33 57 47 20 23 11 5 3 51 21 55 46 38 14 16 40 9 54 37 30 45 25 0 17 34 53 24 31 27 10 7 6 48 39 19 13 1 12 4 52 18 32 8 36 28
31 57 21 52 41 11 40 53 46 49 12 24 47 6 34 9 26 29 25 36 59 39 54 45 18 35 48 5 58 8 7 16 3 51 37 14 56 4 42 1 23 15 17 38 55 50 30 10 19 22 2 44 33 27 32 20 13 28 0 43
15 2 56 35 58 49 29 26 22 47 59 43 41 50 44 33 57 42 20 23 11 5 3 51 21 55 46 38 14 16 40 52 54 37 30 45 25 24 17 34 53 0 31 27 10 7 6 48 39 19 36 1 12 4 9 18 32 8 13 28
31 57 21 52 41 11 40 53 45 49 12 24 47 7 34 9 26 29 25 36 59 39 54 46 18 35 48 5 58 8 15 16 3 51 37 14 56 4 42 1 23 6 17 38 55 50 30 10 19 22 2 44 33 27 32 20 13 28 0 43
3900507150074491497 6144
56 18 43 49 41 28 34 27 33 22 29 55 24 58 21 54 37 20 57 30 50 51 45 6 38 19 53 2 9 52 35 36 47 46 14 39 11 25 17 4 5 15 7 13 59 31 16 10 23 40 42 8 12 3 26 32 0 44 1 48
53 46 25 33 31 27 41 35 14 47 57 3 11 23 40 38 29 51 22 44 15 2 49 45 26 30 36 16 50 17 39 58 5 13 24 52 54 12 8 55 32 20 34 56 42 0 59 48 18 6 10 21 4 19 7 1 37 28 43 9
56 18 43 49 41 33 34 27 28 22 29 55 24 58 21 54 37 20 57 30 50 51 45 6 15 19 53 2 9 52 11 36 47 46 14 39 35 25 17 4 5 38 7 13 59 31 16 10 23 40 42 8 12 3 26 32 0 44 1 48
53 46 25 33 31 27 41 35 14 47 57 3 11 23 40 38 29 51 22 44 15 2 49 45 26 30 36 16 50 17 39 58 5 13 24 52 54 12 8 55 32 20 34 56 42 0 59 48 18 6 10 21 4 19 7 1 37 28 43 9
13019152731582504909 6144
30 53 44 56 25 40 34 20 54 14 39 50 55 27 46 47 58 35 28 23 18 43 38 52 19 49 59 2 4 31 41 6 57 13 42 26 11 51 0 48 7 16 17 9 15 8 22 45 37 5 24 3 29 10 12 33 1 36 21 32
38 39 4 14 45 22 59 34 6 33 50 2 29 49 43 19 20 5 24 51 32 57 53 8 42 18 12 52 55 58 26 46 13 56 10 48 9 40 17 25 47 23 37 31 27 36 7 1 11 21 41 16 54 0 44 15 28 3 30 35
30 53 44 56 25 40 34 20 54 14 39 50 55 15 46 47 58 35 28 23 18 43 38 52 19 42 59 2 4 31 41 6 57 13 49 26 11 27 0 48 7 16 17 9 51 8 22 45 37 5 24 3 29 10 12 33 1 36 21 32
38 39 4 14 45 22 59 34 6 33 50 2 29 51 43 19 37 5 24 49 32 57 53 8 42 18 12 52 55 54 27 46 13 56 10 48 9 40 17 25 47 23 20 31 26 36 7 1 11 21 41 16 58 0 44 15 28 3 30 35
14307404807314201540 6144
48 43 39 52 28 20 59 22 45 35 38 16 50 17 29 55 51 5 23 40 8 32 49 13 2 19 0 37 56 54 18 9 21 36 4 7 25 57 10 31 11 30 6 26 1 3 58 14 34 27 12 47 15 33 41 46 42 53 44 24
59 48 19 15 46 58 29 42 37 14 51 45 21 50 44 17 52 30 20 31 49 55 8 11 54 35 43 16 41 7 6 33 18 2 53 12 5 10 32 26 56 3 39 38 22 27 13 28 0 34 23 24 9 57 4 25 40 36 1 47
48 43 39 52 38 20 59 22 45 35 28 16 50 17 29 42 51 5 23 40 8 27 49 13 55 19 0 37 56 54 18 9 21 36 4 7 25 57 10 31 11 30 6 26 1 46 58 14 34 3 12 47 15 33 41 32 2 53 44 24
59 48 19 15 46 58 29 42 37 14 51 45 21 50 44 18 52 30 20 31 49 55 8 10 54 35 43 16 41 7 6 33 17 2 53 12 5 11 32 26 56 3 39 38 22 27 13 28 0 34 23 24 9 57 4 25 40 36 1 47
13109575797122366539 6144
44 52 26 59 31 21 30 28 39 25 41 45 48 34 32 55 5 46 14 20 7 15 49 12 42 54 35 8 51 1 27 13 58 18 4 38 10 33 19 6 56 29 2 9 57 22 53 36 40 3 47 43 37 50 24 17 0 16 11 23
34 40 53 43 41 51 14 8 48 12 52 54 4 24 44 27 50 36 55 32 46 16 17 38 29 13 47 39 20 59 37 49 1 9 15 42 56 6 45 30 11 10 31 33 2 58 19 5 18 26 7 3 25 21 0 28 35 23 22 57
44 52 26 59 31 21 30 28 39 25 41 45 48 34 32 55 5 46 14 20 7 15 49 12 42 54 35 8 51 1 27 13 58 18 4 38 10 33 19 6 56 29 2 9 57 22 53 36 40 3 47 43 37 50 24 17 0 16 11 23
34 40 53 43 41 51 14 8 48 12 52 54 4 24 44 27 50 36 55 32 46 16 17 38 29 13 47 39 20 59 37 49 1 9 15 42 56 6 45 30 11 10 31 33 2 58 19 5 18 26 7 3 25 21 0 28 35 23 22 57
10584496131607950138 6144
13 58 27 41 36 56 31 24 43 29 50 42 22 8 15 32 33 34 57 23 7 53 45 51 10 38 5 40 9 54 28 20 46 6 49 16 52 26 14 37 55 18 25 17 3 30 11 44 59 19 0 1 35 47 12 4 2 39 21 48
55 48 33 31 58 12 54 41 10 49 39 52 13 34 25 26 18 30 42 6 43 8 11 2 45 14 36 22 44 16 3 59 9 19 21 40 57 15 27 51 5 29 37 50 47 46 38 7 20 4 53 56 0 24 32 23 1 35 17 28
13 58 27 41 36 56 31 24 43 29 50 42 22 8 15 32 33 34 57 23 7 53 45 51 10 38 5 40 9 54 28 20 46 6 49 16 52 26 14 37 55 18 25 17 3 30 11 44 59 19 0 1 35 47 12 4 2 39 21 48
55 48 33 31 58 12 54 41 10 49 39 52 13 34 25 26 18 30 42 6 43 8 11 2 45 14 36 22 44 16 3 59 9 19 21 40 57 15 27 51 5 29 37 50 47 46 38 7 20 4 53 56 0 24 32 23 1 35 17 28
12697530531949592865 6144
16 43 57 51 58 20 0 46 39 36 33 19 50 37 35 44 53 22 23 55 40 52 3 59 2 12 49 48 1 30 41 38 27 7 13 8 56 25 10 15 42 5 24 9 47 26 34 45 17 54 11 21 31 28 6 14 32 18 4 29
55 8 42 36 31 39 33 44 14 43 45 24 51 27 58 19 1 16 48 37 25 29 38 2 47 34 17 9 54 53 11 56 46 41 7 12 10 3 52 40 30 32 5 15 0 50 6 22 49 23 35 57 18 4 59 26 20 28 21 13
16 43 57 53 58 27 26 46 39 36 45 19 50 37 35 44 51 22 23 24 40 52 3 59 2 12 49 48 1 30 41 38 20 7 13 8 56 25 10 15 42 5 55 9 47 0 34 33 17 54 11 21 31 28 6 14 32 18 4 29
55 9 42 36 31 39 33 44 14 43 45 24 51 27 58 19 28 0 48 37 25 29 38 2 47 34 17 7 54 53 11 56 46 41 49 12 10 3 52 40 30 32 5 15 16 50 6 22 8 23 35 57 18 1 59 26 20 4 21 13
