FACTOR_PERMUTATION_V1 12 16 1024 1 8
10 0 1 1 1 1 1 1 1 1 1 1 0 0 2 2 2 2 2 2 2 2 2 2 0 0 2 2 2 2 2 2 2 2 2 2
0 10 1 1 1 1 1 1 1 1 1 1 0 0 2 2 2 2 2 2 2 2 2 2 0 0 2 2 2 2 2 2 2 2 2 2
1 1 10 0 1 1 1 1 1 1 1 1 2 2 0 0 2 2 2 2 2 2 2 2 2 2 0 0 2 2 2 2 2 2 2 2
1 1 0 10 1 1 1 1 1 1 1 1 2 2 0 0 2 2 2 2 2 2 2 2 2 2 0 0 2 2 2 2 2 2 2 2
1 1 1 1 10 0 1 1 1 1 1 1 2 2 2 2 0 0 2 2 2 2 2 2 2 2 2 2 0 0 2 2 2 2 2 2
1 1 1 1 0 10 1 1 1 1 1 1 2 2 2 2 0 0 2 2 2 2 2 2 2 2 2 2 0 0 2 2 2 2 2 2
1 1 1 1 1 1 10 0 1 1 1 1 2 2 2 2 2 2 0 0 2 2 2 2 2 2 2 2 2 2 0 0 2 2 2 2
1 1 1 1 1 1 0 10 1 1 1 1 2 2 2 2 2 2 0 0 2 2 2 2 2 2 2 2 2 2 0 0 2 2 2 2
1 1 1 1 1 1 1 1 10 0 1 1 2 2 2 2 2 2 2 2 0 0 2 2 2 2 2 2 2 2 2 2 0 0 2 2
1 1 1 1 1 1 1 1 0 10 1 1 2 2 2 2 2 2 2 2 0 0 2 2 2 2 2 2 2 2 2 2 0 0 2 2
1 1 1 1 1 1 1 1 1 1 10 0 2 2 2 2 2 2 2 2 2 2 0 0 2 2 2 2 2 2 2 2 2 2 0 0
1 1 1 1 1 1 1 1 1 1 0 10 2 2 2 2 2 2 2 2 2 2 0 0 2 2 2 2 2 2 2 2 2 2 0 0
0 0 2 2 2 2 2 2 2 2 2 2 10 0 1 1 1 1 1 1 1 1 1 1 0 0 2 2 2 2 2 2 2 2 2 2
0 0 2 2 2 2 2 2 2 2 2 2 0 10 1 1 1 1 1 1 1 1 1 1 0 0 2 2 2 2 2 2 2 2 2 2
2 2 0 0 2 2 2 2 2 2 2 2 1 1 10 0 1 1 1 1 1 1 1 1 2 2 0 0 2 2 2 2 2 2 2 2
2 2 0 0 2 2 2 2 2 2 2 2 1 1 0 10 1 1 1 1 1 1 1 1 2 2 0 0 2 2 2 2 2 2 2 2
2 2 2 2 0 0 2 2 2 2 2 2 1 1 1 1 10 0 1 1 1 1 1 1 2 2 2 2 0 0 2 2 2 2 2 2
2 2 2 2 0 0 2 2 2 2 2 2 1 1 1 1 0 10 1 1 1 1 1 1 2 2 2 2 0 0 2 2 2 2 2 2
2 2 2 2 2 2 0 0 2 2 2 2 1 1 1 1 1 1 10 0 1 1 1 1 2 2 2 2 2 2 0 0 2 2 2 2
2 2 2 2 2 2 0 0 2 2 2 2 1 1 1 1 1 1 0 10 1 1 1 1 2 2 2 2 2 2 0 0 2 2 2 2
2 2 2 2 2 2 2 2 0 0 2 2 1 1 1 1 1 1 1 1 10 0 1 1 2 2 2 2 2 2 2 2 0 0 2 2
2 2 2 2 2 2 2 2 0 0 2 2 1 1 1 1 1 1 1 1 0 10 1 1 2 2 2 2 2 2 2 2 0 0 2 2
2 2 2 2 2 2 2 2 2 2 0 0 1 1 1 1 1 1 1 1 1 1 10 0 2 2 2 2 2 2 2 2 2 2 0 0
2 2 2 2 2 2 2 2 2 2 0 0 1 1 1 1 1 1 1 1 1 1 0 10 2 2 2 2 2 2 2 2 2 2 0 0
0 0 2 2 2 2 2 2 2 2 2 2 0 0 2 2 2 2 2 2 2 2 2 2 10 0 1 1 1 1 1 1 1 1 1 1
0 0 2 2 2 2 2 2 2 2 2 2 0 0 2 2 2 2 2 2 2 2 2 2 0 10 1 1 1 1 1 1 1 1 1 1
2 2 0 0 2 2 2 2 2 2 2 2 2 2 0 0 2 2 2 2 2 2 2 2 1 1 10 0 1 1 1 1 1 1 1 1
2 2 0 0 2 2 2 2 2 2 2 2 2 2 0 0 2 2 2 2 2 2 2 2 1 1 0 10 1 1 1 1 1 1 1 1
2 2 2 2 0 0 2 2 2 2 2 2 2 2 2 2 0 0 2 2 2 2 2 2 1 1 1 1 10 0 1 1 1 1 1 1
2 2 2 2 0 0 2 2 2 2 2 2 2 2 2 2 0 0 2 2 2 2 2 2 1 1 1 1 0 10 1 1 1 1 1 1
2 2 2 2 2 2 0 0 2 2 2 2 2 2 2 2 2 2 0 0 2 2 2 2 1 1 1 1 1 1 10 0 1 1 1 1
2 2 2 2 2 2 0 0 2 2 2 2 2 2 2 2 2 2 0 0 2 2 2 2 1 1 1 1 1 1 0 10 1 1 1 1
2 2 2 2 2 2 2 2 0 0 2 2 2 2 2 2 2 2 2 2 0 0 2 2 1 1 1 1 1 1 1 1 10 0 1 1
2 2 2 2 2 2 2 2 0 0 2 2 2 2 2 2 2 2 2 2 0 0 2 2 1 1 1 1 1 1 1 1 0 10 1 1
2 2 2 2 2 2 2 2 2 2 0 0 2 2 2 2 2 2 2 2 2 2 0 0 1 1 1 1 1 1 1 1 1 1 10 0
2 2 2 2 2 2 2 2 2 2 0 0 2 2 2 2 2 2 2 2 2 2 0 0 1 1 1 1 1 1 1 1 1 1 0 10
0 2
0 3
0 4
0 5
0 6
0 7
0 8
0 9
0 10
0 11
1 2
1 3
1 4
1 5
1 6
1 7
1 8
1 9
1 10
1 11
2 4
2 5
2 6
2 7
2 8
2 9
2 10
2 11
3 4
3 5
3 6
3 7
3 8
3 9
3 10
3 11
4 6
4 7
4 8
4 9
4 10
4 11
5 6
5 7
5 8
5 9
5 10
5 11
6 8
6 9
6 10
6 11
7 8
7 9
7 10
7 11
8 10
8 11
9 10
9 11
0 2
0 3
0 4
0 5
0 6
0 7
0 8
0 9
0 10
0 11
1 2
1 3
1 4
1 5
1 6
1 7
1 8
1 9
1 10
1 11
2 4
2 5
2 6
2 7
2 8
2 9
2 10
2 11
3 4
3 5
3 6
3 7
3 8
3 9
3 10
3 11
4 6
4 7
4 8
4 9
4 10
4 11
5 6
5 7
5 8
5 9
5 10
5 11
6 8
6 9
6 10
6 11
7 8
7 9
7 10
7 11
8 10
8 11
9 10
9 11
0 2
0 3
0 4
0 5
0 6
0 7
0 8
0 9
0 10
0 11
1 2
1 3
1 4
1 5
1 6
1 7
1 8
1 9
1 10
1 11
2 4
2 5
2 6
2 7
2 8
2 9
2 10
2 11
3 4
3 5
3 6
3 7
3 8
3 9
3 10
3 11
4 6
4 7
4 8
4 9
4 10
4 11
5 6
5 7
5 8
5 9
5 10
5 11
6 8
6 9
6 10
6 11
7 8
7 9
7 10
7 11
8 10
8 11
9 10
9 11
16347899583575087154 1024
40 6 19 36 59 44 47 34 21 48 45 33 35 27 26 38 46 50 4 56 15 1 2 58 57 20 49 23 18 51 17 39 54 24 12 5 16 7 3 14 32 22 8 55 25 53 31 52 13 28 29 41 11 30 43 10 37 42 9 0
57 41 30 11 54 37 24 13 3 1 51 36 39 2 40 53 10 15 27 31 22 47 25 17 6 43 12 58 20 59 34 46 29 38 52 48 35 4 33 56 5 19 23 18 55 7 45 21 49 8 16 14 0 9 28 26 32 50 42 44
41 18 42 48 25 56 46 37 21 52 50 54 6 36 34 12 59 47 28 40 15 16 45 17 3 53 33 0 44 51 57 30 31 4 9 39 13 35 8 11 5 22 27 26 49 55 23 14 2 58 20 1 24 10 7 43 32 19 38 29
42 18 58 47 19 22 39 1 57 13 2 55 20 24 46 9 43 51 17 31 26 11 48 41 23 28 5 40 0 8 37 4 12 59 32 50 49 16 3 35 44 7 10 53 29 25 36 52 34 30 38 45 56 54 27 33 14 6 21 15
10354465689702357704 1024
13 39 31 49 32 27 52 44 43 11 28 29 50 53 9 38 54 5 46 14 24 33 58 47 51 40 15 45 22 48 35 30 56 7 42 59 8 34 41 17 12 3 19 1 18 20 16 37 4 21 10 0 23 36 6 26 2 25 57 55
37 11 39 25 42 32 55 10 24 3 56 5 27 43 0 23 1 34 20 53 8 14 58 16 45 17 21 59 12 19 47 41 36 57 35 54 26 33 22 50 9 6 18 44 31 46 30 2 40 29 52 15 13 38 7 48 49 51 28 4
54 38 55 7 30 41 50 9 43 11 24 29 52 53 32 39 13 3 35 14 28 33 57 21 31 40 15 45 22 48 56 4 19 10 42 59 8 34 26 17 44 5 18 6 47 20 16 37 25 46 1 0 12 51 27 36 2 23 49 58
38 30 17 25 42 18 0 10 32 26 56 41 3 7 20 23 6 34 55 33 8 14 31 16 47 37 21 59 46 19 45 5 36 57 58 13 28 53 51 1 9 48 50 44 54 11 27 2 40 22 52 15 35 29 39 24 49 43 12 4
8735392532882298916 1024
53 33 10 35 34 49 1 41 3 25 32 44 51 22 55 59 56 4 58 39 43 17 11 31 38 36 54 46 29 7 52 48 40 57 19 23 20 5 18 24 45 50 0 42 27 9 37 8 26 14 28 15 12 21 2 16 6 30 47 13
1 31 32 48 28 20 46 33 53 26 54 22 41 40 7 38 43 58 3 56 59 2 45 13 35 37 27 25 5 15 16 8 44 4 36 47 10 21 50 9 51 42 6 19 17 39 0 49 14 24 52 30 34 11 57 55 12 29 23 18
41 56 39 16 58 48 47 7 0 31 50 15 32 10 17 35 28 40 20 18 29 19 23 44 53 57 54 4 42 33 34 25 11 37 45 38 8 22 24 5 14 9 30 36 52 43 6 59 27 2 51 55 12 46 1 49 21 3 13 26
57 36 43 58 41 47 30 26 31 9 29 56 45 35 20 59 32 15 10 49 8 52 16 0 23 12 28 48 7 46 19 2 54 4 14 6 27 50 11 18 1 38 37 55 51 33 42 22 3 34 24 13 40 44 53 17 39 25 21 5
1972988062706750785 1024
38 51 49 27 16 3 42 56 11 1 14 59 32 55 53 44 17 54 0 24 25 29 37 43 5 12 58 23 33 45 22 50 28 52 35 46 39 26 18 9 4 47 34 7 41 30 48 8 19 20 13 6 57 36 40 21 31 10 15 2
16 48 45 35 50 46 27 2 33 24 54 40 32 5 19 44 23 59 36 7 13 38 49 51 11 41 1 37 22 15 29 39 4 25 53 17 55 10 20 26 31 0 6 57 56 18 47 42 28 3 58 12 43 30 34 52 14 9 21 8
39 4 15 11 59 55 3 36 37 33 23 28 25 54 19 35 24 8 29 30 1 56 47 50 46 13 5 45 58 57 44 48 14 40 49 2 20 22 9 16 51 6 21 42 0 32 26 38 10 34 18 27 31 7 53 12 17 52 41 43
54 30 33 49 13 20 24 57 35 19 9 43 38 32 53 6 8 39 51 37 56 48 59 25 3 16 1 36 55 21 2 58 10 34 17 45 7 47 50 26 29 12 18 11 41 5 52 31 15 14 40 44 46 27 4 0 42 28 23 22
12517518291439237031 1024
21 41 34 22 37 33 35 57 55 52 26 40 48 31 25 28 10 1 43 42 14 45 59 12 13 11 58 8 20 15 49 3 32 44 50 19 27 6 51 17 7 5 9 38 4 16 29 23 56 47 2 30 0 36 54 46 18 53 39 24
38 16 53 18 0 40 2 37 34 42 47 13 55 3 12 21 59 46 56 30 19 43 33 48 57 15 6 58 50 28 26 41 4 45 39 52 5 24 29 51 10 32 20 9 54 35 49 7 44 25 31 36 1 8 14 17 22 23 27 11
21 17 26 49 37 33 54 36 38 52 12 15 44 31 25 23 30 56 43 47 5 45 57 35 46 55 58 16 3 41 34 48 32 4 50 13 27 6 11 59 18 14 9 24 53 29 10 22 19 20 1 7 51 40 8 42 0 2 39 28
38 18 53 16 0 12 54 3 34 26 40 6 17 46 51 8 58 37 22 11 19 43 15 14 27 49 7 21 50 55 44 41 4 45 39 52 5 24 29 10 2 33 47 48 9 35 30 25 56 20 31 36 28 32 23 1 13 59 57 42
622872511868296220 1024
51 44 16 49 59 10 5 50 36 29 56 35 57 3 27 53 14 33 58 25 17 48 32 45 37 18 15 38 55 6 13 28 40 54 21 23 34 52 4 1 24 0 31 2 46 9 39 19 8 42 41 7 26 12 20 43 47 22 30 11
56 44 18 22 55 24 8 30 15 58 3 21 19 59 39 20 38 17 29 32 0 25 31 11 50 41 45 33 52 37 12 51 2 53 16 5 48 47 49 23 35 7 46 6 54 36 4 42 13 9 43 27 1 26 34 28 14 40 57 10
53 15 16 32 45 0 20 23 44 49 47 40 4 17 24 31 50 13 34 7 54 28 6 56 10 46 33 11 38 57 14 27 58 41 12 42 29 9 25 22 26 59 19 37 30 18 48 43 55 8 5 21 35 51 3 2 36 39 1 52
46 57 34 51 16 48 58 25 53 20 36 15 49 28 21 35 50 3 44 56 33 47 4 38 12 42 18 54 43 8 11 9 55 24 7 22 5 30 52 41 45 10 39 26 19 6 1 31 29 59 37 17 23 2 27 13 32 0 40 14
3213047712597686274 1024
3 19 0 53 10 43 50 31 34 24 40 27 15 37 58 49 14 32 26 9 8 52 28 13 6 18 45 56 16 23 42 21 47 54 7 2 46 55 35 59 36 11 57 48 5 51 30 33 29 12 1 44 20 41 22 25 38 39 17 4
54 17 15 4 40 45 46 22 32 26 13 31 25 50 51 56 41 9 0 52 53 28 21 59 36 23 1 16 49 47 58 2 6 37 44 7 38 12 42 8 24 43 29 18 34 48 33 14 55 35 27 20 3 19 39 30 10 11 5 57
58 44 13 26 21 28 37 57 36 30 18 6 54 59 27 14 35 46 31 24 48 32 40 11 41 22 15 4 50 19 55 17 10 20 42 12 47 7 23 1 25 38 33 49 52 45 5 56 39 43 16 51 29 9 3 53 0 8 2 34
42 52 38 57 34 7 31 12 32 26 33 21 41 48 53 56 55 30 49 3 23 8 0 14 17 9 40 11 5 22 2 37 51 39 59 16 18 44 13 54 6 36 19 1 10 15 58 35 20 27 47 29 50 46 25 24 4 28 43 45
908343540621843840 1024
13 59 25 34 32 27 19 52 37 46 31 48 15 49 45 7 28 26 50 56 4 58 39 54 36 42 30 6 38 10 47 17 8 20 40 5 18 43 14 53 9 41 51 21 44 2 29 16 23 11 3 0 24 33 12 35 22 1 57 55
53 40 42 7 43 25 1 48 10 52 2 39 26 5 0 38 27 33 34 49 47 29 35 16 50 22 32 54 57 58 14 11 12 8 23 45 51 6 36 59 31 17 56 9 46 55 30 44 18 3 20 28 13 41 4 15 24 19 37 21
42 50 23 2 35 46 26 52 57 45 16 47 17 43 19 56 30 10 29 38 33 25 8 28 54 53 36 15 24 22 39 59 13 31 49 58 44 55 1 20 48 4 11 37 7 51 3 41 27 12 5 34 14 0 18 6 32 9 21 40
56 3 59 25 45 35 22 31 20 44 6 21 51 10 32 50 46 39 37 41 18 36 17 4 58 42 13 43 16 40 55 57 49 2 33 0 54 28 8 38 11 5 19 9 47 27 48 53 1 15 34 24 26 14 12 29 52 23 7 30
11994331013579909424 1024
42 2 19 24 52 50 20 55 4 0 26 37 48 35 51 47 44 12 3 27 17 5 53 58 41 32 6 36 23 14 18 57 13 21 59 33 46 29 1 49 7 43 40 56 10 31 9 38 22 8 16 34 11 25 28 45 30 54 39 15
6 44 58 47 10 37 12 40 22 52 3 35 42 4 34 16 26 57 28 55 29 25 36 20 53 33 14 1 38 46 39 27 9 15 5 8 7 50 54 19 32 18 11 48 49 0 45 17 59 56 31 21 41 2 30 13 43 24 23 51
42 2 19 24 52 50 20 55 56 0 26 37 48 35 51 38 44 12 46 4 17 5 53 58 41 32 6 36 22 14 18 57 13 21 59 33 3 29 1 49 7 43 40 27 10 31 9 47 23 8 16 34 11 25 28 45 30 54 39 15
6 44 33 47 10 37 12 40 22 49 3 35 42 4 16 34 38 57 28 55 29 25 36 20 53 58 41 1 26 46 39 27 9 15 5 8 7 50 54 19 32 18 11 48 52 0 45 24 59 56 31 21 43 2 30 13 14 17 23 51
2583527415244049209 1024
20 30 59 26 53 36 4 32 43 37 48 51 41 23 10 2 47 46 52 29 49 57 40 54 31 19 24 8 44 55 9 21 56 5 39 58 1 16 7 45 22 33 18 25 42 6 14 11 38 27 12 35 15 34 13 17 50 0 28 3
48 41 9 46 25 24 56 4 55 13 28 42 33 45 19 40 29 10 26 36 18 14 21 15 20 44 52 59 35 5 17 38 31 58 51 39 11 37 50 54 7 23 2 30 53 47 12 49 1 34 16 8 27 6 0 57 3 43 32 22
20 45 59 26 38 36 4 32 43 53 6 51 41 33 10 2 47 46 48 29 44 57 40 54 31 19 24 8 49 55 9 21 56 5 39 58 1 16 7 30 22 23 18 25 42 52 14 11 37 27 12 35 15 34 13 17 50 0 28 3
48 41 9 23 25 24 56 54 32 13 28 42 33 45 29 40 35 10 26 3 50 14 21 15 2 44 52 59 19 5 12 38 31 58 51 34 4 37 43 11 7 46 20 30 53 47 17 49 1 39 16 8 27 6 0 57 36 18 55 22
17039746299758728138 1024
27 28 34 25 52 42 5 54 53 30 55 48 37 59 10 46 31 47 14 49 8 44 58 21 13 1 33 41 39 2 50 20 19 26 15 16 32 11 35 22 3 45 57 0 24 17 4 51 29 9 56 6 43 18 38 23 40 7 12 36
46 48 52 2 58 18 45 28 0 37 34 54 42 47 26 32 21 59 39 31 11 55 14 24 53 5 12 33 4 20 57 15 38 9 29 13 49 51 8 41 30 56 1 25 43 44 50 22 19 6 17 3 7 23 40 36 27 35 16 10
27 41 34 25 42 33 20 54 53 30 55 44 58 59 10 46 31 28 14 2 8 43 37 21 13 1 52 5 39 49 50 47 19 17 15 16 32 11 18 22 3 45 57 0 24 26 4 51 29 9 56 6 48 12 38 23 40 7 35 36
39 48 52 35 58 40 43 28 0 45 5 54 42 13 32 3 21 59 6 20 11 55 14 24 53 36 12 33 4 9 23 18 38 15 29 47 7 49 8 41 30 16 1 25 2 44 50 22 19 46 17 26 34 57 37 51 27 31 56 10
2170169122901682860 1024
53 24 27 1 58 5 54 3 2 21 29 36 40 59 41 0 48 30 10 39 50 45 19 32 20 31 14 6 56 51 13 7 16 12 52 43 42 49 47 55 18 37 33 38 22 15 23 9 35 28 4 57 11 26 25 17 34 46 8 44
36 35 53 33 47 23 13 12 38 5 3 59 32 16 20 48 31 21 41 2 50 49 46 40 14 56 52 18 7 34 4 42 37 26 22 6 58 10 55 51 39 45 1 27 0 57 43 15 9 54 11 25 44 29 19 28 17 24 30 8
10 24 27 1 58 33 54 3 2 21 29 36 40 59 41 0 48 30 53 39 50 45 19 32 20 31 14 6 56 51 13 7 16 12 52 43 42 49 47 55 18 37 5 38 46 15 23 9 35 28 4 57 11 26 25 17 34 22 8 44
36 35 53 39 47 23 13 12 38 5 3 59 32 50 20 48 31 21 41 2 16 49 46 40 14 56 52 18 7 34 4 42 37 26 22 6 58 10 55 51 33 45 1 27 0 57 43 15 9 54 11 25 44 29 8 28 17 24 30 19
11417024403739793850 1024
38 32 19 51 39 6 4 29 14 43 37 13 25 33 49 54 46 36 2 35 21 40 42 27 9 1 17 48 52 3 47 41 12 0 16 26 31 50 11 34 7 18 5 30 44 8 10 20 55 24 57 58 28 53 56 15 22 45 59 23
47 58 49 31 9 20 12 4 46 24 45 52 35 54 59 41 33 51 44 1 17 48 0 38 18 25 40 8 5 53 32 27 29 14 16 13 39 34 19 22 55 36 57 6 10 3 56 7 42 26 11 21 15 2 30 43 37 28 23 50
49 6 30 21 13 27 52 29 33 31 4 42 51 48 47 20 55 26 40 23 32 41 2 17 22 46 19 7 14 16 39 28 44 50 10 58 37 0 15 59 54 11 53 45 18 9 34 5 25 8 12 24 38 57 3 35 43 1 56 36
39 30 1 41 49 52 19 5 40 51 42 56 45 48 24 28 23 54 32 17 55 58 57 46 18 50 20 36 27 37 53 14 2 13 4 29 34 7 26 22 44 16 10 15 35 31 0 38 47 12 3 21 8 59 25 6 43 33 11 9
4574476388265584957 1024
29 42 27 1 41 40 37 46 26 6 4 25 43 47 55 30 56 23 48 20 38 59 49 16 54 0 17 34 32 53 58 10 19 36 5 11 18 7 9 31 21 50 22 45 39 2 8 3 33 44 28 15 14 57 35 24 12 52 13 51
22 15 1 31 25 57 27 46 49 44 50 3 52 17 16 47 39 28 20 38 56 55 9 43 2 18 54 21 7 26 37 14 36 53 41 32 42 0 59 5 24 10 8 48 4 35 13 33 29 19 30 58 23 12 45 51 40 11 34 6
12 5 27 45 31 38 58 46 30 52 54 1 55 7 17 28 43 22 20 34 11 47 9 51 41 2 56 13 10 36 15 16 39 19 42 26 57 8 29 40 33 14 6 25 18 35 23 53 0 50 32 49 59 48 24 44 4 3 37 21
20 9 52 31 39 32 25 46 56 26 2 50 16 54 8 49 44 28 59 38 55 48 33 3 4 30 43 53 1 17 24 37 45 22 10 51 34 12 15 5 36 27 0 18 21 19 13 42 41 57 29 47 23 7 14 58 40 11 35 6
876569748977997341 1024
2 29 36 11 22 8 20 32 43 15 23 5 47 59 31 4 37 39 40 49 56 52 34 55 18 27 19 14 53 58 48 45 42 51 44 12 0 10 35 50 6 57 16 54 41 3 24 1 28 13 25 9 30 17 38 33 21 46 26 7
42 43 59 49 52 56 34 9 27 1 39 37 23 3 46 33 30 21 11 53 35 19 7 47 48 8 44 29 6 26 58 54 4 15 22 50 10 55 25 2 18 13 40 31 0 41 24 16 5 51 14 36 38 12 57 20 28 17 45 32
11 6 36 24 18 8 20 34 53 42 0 43 32 41 59 46 25 30 56 23 22 45 9 54 5 38 55 44 2 17 13 48 35 51 49 10 47 39 21 15 1 57 16 27 50 31 29 4 28 58 3 7 19 52 37 33 12 40 26 14
42 19 59 49 52 45 56 41 39 13 18 35 2 33 58 15 20 43 21 16 12 34 47 31 17 8 44 51 1 48 22 40 29 50 9 53 6 55 25 26 14 10 11 4 57 27 7 38 5 30 23 36 0 54 24 46 37 3 28 32
6341244625493201056 1024
43 49 25 28 20 30 53 36 38 14 48 27 40 26 44 47 9 13 15 31 22 46 35 39 4 19 7 12 54 55 3 57 56 10 17 41 52 8 58 6 0 29 24 5 16 34 37 11 2 59 32 42 33 50 21 23 18 51 1 45
38 7 27 37 55 2 42 11 9 35 28 51 36 17 47 26 24 54 4 19 8 21 58 50 59 48 34 52 0 39 18 56 15 20 25 32 40 22 41 23 57 1 3 16 14 30 45 43 10 13 29 6 46 44 12 49 33 5 31 53
20 54 47 7 11 44 41 40 34 49 58 24 28 42 43 57 14 21 23 51 30 52 8 13 3 19 6 10 15 9 29 18 22 35 37 48 16 33 46 53 4 12 55 25 50 31 56 39 45 26 17 36 2 5 32 1 59 0 38 27
55 56 24 21 40 32 8 27 5 39 16 50 18 23 47 33 44 41 43 48 36 0 2 13 54 28 6 49 45 38 52 12 20 9 53 15 22 3 30 51 35 37 25 7 17 31 59 1 19 34 4 26 10 58 11 57 14 29 46 42
