FACTOR_PERMUTATION_V1 12 16 1024 1 8
10 0 1 1 1 1 1 1 1 1 1 1 0 0 2 2 2 2 2 2 2 2 2 2 0 0 2 2 2 2 2 2 2 2 2 2
0 10 1 1 1 1 1 1 1 1 1 1 0 0 2 2 2 2 2 2 2 2 2 2 0 0 2 2 2 2 2 2 2 2 2 2
1 1 10 0 1 1 1 1 1 1 1 1 2 2 0 0 2 2 2 2 2 2 2 2 2 2 0 0 2 2 2 2 2 2 2 2
1 1 0 10 1 1 1 1 1 1 1 1 2 2 0 0 2 2 2 2 2 2 2 2 2 2 0 0 2 2 2 2 2 2 2 2
1 1 1 1 10 0 1 1 1 1 1 1 2 2 2 2 0 0 2 2 2 2 2 2 2 2 2 2 0 0 2 2 2 2 2 2
1 1 1 1 0 10 1 1 1 1 1 1 2 2 2 2 0 0 2 2 2 2 2 2 2 2 2 2 0 0 2 2 2 2 2 2
1 1 1 1 1 1 10 0 1 1 1 1 2 2 2 2 2 2 0 0 2 2 2 2 2 2 2 2 2 2 0 0 2 2 2 2
1 1 1 1 1 1 0 10 1 1 1 1 2 2 2 2 2 2 0 0 2 2 2 2 2 2 2 2 2 2 0 0 2 2 2 2
1 1 1 1 1 1 1 1 10 0 1 1 2 2 2 2 2 2 2 2 0 0 2 2 2 2 2 2 2 2 2 2 0 0 2 2
1 1 1 1 1 1 1 1 0 10 1 1 2 2 2 2 2 2 2 2 0 0 2 2 2 2 2 2 2 2 2 2 0 0 2 2
1 1 1 1 1 1 1 1 1 1 10 0 2 2 2 2 2 2 2 2 2 2 0 0 2 2 2 2 2 2 2 2 2 2 0 0
1 1 1 1 1 1 1 1 1 1 0 10 2 2 2 2 2 2 2 2 2 2 0 0 2 2 2 2 2 2 2 2 2 2 0 0
0 0 2 2 2 2 2 2 2 2 2 2 10 0 1 1 1 1 1 1 1 1 1 1 0 0 2 2 2 2 2 2 2 2 2 2
0 0 2 2 2 2 2 2 2 2 2 2 0 10 1 1 1 1 1 1 1 1 1 1 0 0 2 2 2 2 2 2 2 2 2 2
2 2 0 0 2 2 2 2 2 2 2 2 1 1 10 0 1 1 1 1 1 1 1 1 2 2 0 0 2 2 2 2 2 2 2 2
2 2 0 0 2 2 2 2 2 2 2 2 1 1 0 10 1 1 1 1 1 1 1 1 2 2 0 0 2 2 2 2 2 2 2 2
2 2 2 2 0 0 2 2 2 2 2 2 1 1 1 1 10 0 1 1 1 1 1 1 2 2 2 2 0 0 2 2 2 2 2 2
2 2 2 2 0 0 2 2 2 2 2 2 1 1 1 1 0 10 1 1 1 1 1 1 2 2 2 2 0 0 2 2 2 2 2 2
2 2 2 2 2 2 0 0 2 2 2 2 1 1 1 1 1 1 10 0 1 1 1 1 2 2 2 2 2 2 0 0 2 2 2 2
2 2 2 2 2 2 0 0 2 2 2 2 1 1 1 1 1 1 0 10 1 1 1 1 2 2 2 2 2 2 0 0 2 2 2 2
2 2 2 2 2 2 2 2 0 0 2 2 1 1 1 1 1 1 1 1 10 0 1 1 2 2 2 2 2 2 2 2 0 0 2 2
2 2 2 2 2 2 2 2 0 0 2 2 1 1 1 1 1 1 1 1 0 10 1 1 2 2 2 2 2 2 2 2 0 0 2 2
2 2 2 2 2 2 2 2 2 2 0 0 1 1 1 1 1 1 1 1 1 1 10 0 2 2 2 2 2 2 2 2 2 2 0 0
2 2 2 2 2 2 2 2 2 2 0 0 1 1 1 1 1 1 1 1 1 1 0 10 2 2 2 2 2 2 2 2 2 2 0 0
0 0 2 2 2 2 2 2 2 2 2 2 0 0 2 2 2 2 2 2 2 2 2 2 10 0 1 1 1 1 1 1 1 1 1 1
0 0 2 2 2 2 2 2 2 2 2 2 0 0 2 2 2 2 2 2 2 2 2 2 0 10 1 1 1 1 1 1 1 1 1 1
2 2 0 0 2 2 2 2 2 2 2 2 2 2 0 0 2 2 2 2 2 2 2 2 1 1 10 0 1 1 1 1 1 1 1 1
2 2 0 0 2 2 2 2 2 2 2 2 2 2 0 0 2 2 2 2 2 2 2 2 1 1 0 10 1 1 1 1 1 1 1 1
2 2 2 2 0 0 2 2 2 2 2 2 2 2 2 2 0 0 2 2 2 2 2 2 1 1 1 1 10 0 1 1 1 1 1 1
2 2 2 2 0 0 2 2 2 2 2 2 2 2 2 2 0 0 2 2 2 2 2 2 1 1 1 1 0 10 1 1 1 1 1 1
2 2 2 2 2 2 0 0 2 2 2 2 2 2 2 2 2 2 0 0 2 2 2 2 1 1 1 1 1 1 10 0 1 1 1 1
2 2 2 2 2 2 0 0 2 2 2 2 2 2 2 2 2 2 0 0 2 2 2 2 1 1 1 1 1 1 0 10 1 1 1 1
2 2 2 2 2 2 2 2 0 0 2 2 2 2 2 2 2 2 2 2 0 0 2 2 1 1 1 1 1 1 1 1 10 0 1 1
2 2 2 2 2 2 2 2 0 0 2 2 2 2 2 2 2 2 2 2 0 0 2 2 1 1 1 1 1 1 1 1 0 10 1 1
2 2 2 2 2 2 2 2 2 2 0 0 2 2 2 2 2 2 2 2 2 2 0 0 1 1 1 1 1 1 1 1 1 1 10 0
2 2 2 2 2 2 2 2 2 2 0 0 2 2 2 2 2 2 2 2 2 2 0 0 1 1 1 1 1 1 1 1 1 1 0 10
0 2
0 3
0 4
0 5
0 6
0 7
0 8
0 9
0 10
0 11
1 2
1 3
1 4
1 5
1 6
1 7
1 8
1 9
1 10
1 11
2 4
2 5
2 6
2 7
2 8
2 9
2 10
2 11
3 4
3 5
3 6
3 7
3 8
3 9
3 10
3 11
4 6
4 7
4 8
4 9
4 10
4 11
5 6
5 7
5 8
5 9
5 10
5 11
6 8
6 9
6 10
6 11
7 8
7 9
7 10
7 11
8 10
8 11
9 10
9 11
0 2
0 3
0 4
0 5
0 6
0 7
0 8
0 9
0 10
0 11
1 2
1 3
1 4
1 5
1 6
1 7
1 8
1 9
1 10
1 11
2 4
2 5
2 6
2 7
2 8
2 9
2 10
2 11
3 4
3 5
3 6
3 7
3 8
3 9
3 10
3 11
4 6
4 7
4 8
4 9
4 10
4 11
5 6
5 7
5 8
5 9
5 10
5 11
6 8
6 9
6 10
6 11
7 8
7 9
7 10
7 11
8 10
8 11
9 10
9 11
0 2
0 3
0 4
0 5
0 6
0 7
0 8
0 9
0 10
0 11
1 2
1 3
1 4
1 5
1 6
1 7
1 8
1 9
1 10
1 11
2 4
2 5
2 6
2 7
2 8
2 9
2 10
2 11
3 4
3 5
3 6
3 7
3 8
3 9
3 10
3 11
4 6
4 7
4 8
4 9
4 10
4 11
5 6
5 7
5 8
5 9
5 10
5 11
6 8
6 9
6 10
6 11
7 8
7 9
7 10
7 11
8 10
8 11
9 10
9 11
17951641924834997535 3072
5 42 19 38 26 24 46 30 49 6 50 39 36 56 34 10 9 48 43 58 18 7 41 35 14 27 16 53 31 15 21 44 51 32 0 54 22 8 33 17 47 2 25 29 59 52 4 57 28 20 3 23 40 55 12 11 37 45 1 13
16 56 33 10 14 47 31 2 41 0 53 8 26 51 36 59 24 4 37 23 32 49 55 6 43 22 30 11 58 40 1 39 19 35 42 5 25 20 7 27 3 34 13 46 38 54 57 45 9 44 52 48 29 18 15 12 17 21 28 50
41 18 42 48 25 56 46 37 21 52 50 54 6 36 34 12 59 47 28 40 15 16 45 17 3 53 33 0 44 51 57 30 31 4 9 39 13 35 8 11 5 22 27 26 49 55 23 14 2 58 20 1 24 10 7 43 32 19 38 29
42 18 58 47 19 22 39 1 57 13 2 55 20 24 46 9 43 51 17 31 26 11 48 41 23 28 5 40 0 8 37 4 12 59 32 50 49 16 3 35 44 7 10 53 29 25 36 52 34 30 38 45 56 54 27 33 14 6 21 15
9268372538283579769 3072
47 2 9 27 48 11 7 29 6 31 21 33 18 19 36 0 5 30 53 56 52 46 32 38 59 40 41 14 37 22 8 13 17 34 16 58 15 1 24 49 43 51 45 54 28 44 26 35 10 50 25 4 3 20 57 55 12 39 42 23
1 41 16 35 2 28 14 23 42 3 52 10 43 54 32 20 22 36 47 21 26 9 48 59 0 39 44 57 15 13 55 37 56 29 33 49 17 51 11 38 30 58 24 8 46 31 6 4 34 12 53 7 45 19 27 18 40 25 50 5
54 38 55 7 30 41 50 9 43 11 24 29 52 53 32 39 13 3 35 14 28 33 57 21 31 40 15 45 22 48 56 4 19 10 42 59 8 34 26 17 44 5 18 6 47 20 16 37 25 46 1 0 12 51 27 36 2 23 49 58
38 30 17 25 42 18 0 10 32 26 56 41 3 7 20 23 6 34 55 33 8 14 31 16 47 37 21 59 46 19 45 5 36 57 58 13 28 53 51 1 9 48 50 44 54 11 27 2 40 22 52 15 35 29 39 24 49 43 12 4
3167967650054667244 3072
23 57 39 56 3 58 32 42 41 43 30 55 8 53 45 54 2 12 36 15 10 5 46 38 50 31 9 33 48 37 40 1 27 35 14 44 7 13 0 20 25 4 49 52 29 28 22 16 59 24 18 51 21 26 47 19 11 6 34 17
11 25 23 30 38 24 15 31 52 27 44 43 20 2 12 53 39 49 48 56 19 45 17 41 29 40 26 3 1 18 33 47 4 16 14 57 13 58 54 50 7 34 32 59 0 35 8 5 55 6 9 10 51 37 22 28 42 36 46 21
11 19 39 56 32 58 49 42 41 43 21 44 9 50 23 34 51 12 53 10 15 18 46 38 5 6 28 59 48 37 40 1 27 35 54 45 55 30 0 52 25 4 3 7 29 8 57 20 33 24 36 22 2 26 47 13 16 31 14 17
25 44 23 30 38 24 13 46 53 35 51 43 28 52 7 12 27 32 48 26 19 45 17 41 58 36 50 6 1 56 9 47 4 14 20 34 21 49 57 16 8 10 29 2 0 22 55 59 54 3 11 40 33 18 5 42 31 15 37 39
5542737208097025949 3072
17 35 48 51 56 46 25 18 45 44 16 10 42 27 21 32 5 19 23 53 8 59 2 41 29 55 38 20 14 49 15 50 6 54 11 40 58 30 7 13 33 31 52 57 24 37 43 1 47 3 28 26 9 34 0 39 12 36 4 22
43 36 48 21 1 38 23 28 47 41 35 58 59 16 50 32 15 42 29 2 8 57 54 17 5 46 24 4 52 39 56 45 51 3 49 22 10 55 18 33 14 26 19 53 0 34 7 37 12 44 9 20 30 40 11 6 13 31 27 25
39 4 15 11 59 55 3 36 37 33 23 28 25 54 19 35 24 8 29 30 1 56 47 50 46 13 5 45 58 57 44 48 14 40 49 2 20 22 9 16 51 6 21 42 0 32 26 38 10 34 18 27 31 7 53 12 17 52 41 43
54 30 33 49 13 20 24 57 35 19 9 43 38 32 53 6 8 39 51 37 56 48 59 25 3 16 1 36 55 21 2 58 10 34 17 45 7 47 50 26 29 12 18 11 41 5 52 31 15 14 40 44 46 27 4 0 42 28 23 22
2548106333118935483 3072
25 14 1 28 59 31 58 5 33 44 24 4 57 26 12 40 22 39 20 16 37 10 30 9 19 32 50 53 48 34 29 41 13 0 56 55 21 46 27 18 17 7 23 42 15 43 6 35 3 38 45 11 2 51 52 54 8 36 47 49
26 24 51 53 11 47 3 2 43 15 36 14 40 23 27 28 44 0 58 8 29 55 38 12 37 54 48 49 21 16 5 22 20 19 1 32 7 30 6 56 17 31 50 34 41 10 52 45 25 4 57 42 18 9 59 13 33 35 46 39
21 44 59 22 12 33 34 57 55 54 52 9 31 45 25 28 10 18 43 42 14 48 58 24 13 35 11 8 20 15 49 3 17 30 50 19 27 40 51 32 7 5 6 46 4 16 41 23 1 47 2 29 0 36 26 38 56 53 39 37
56 16 33 18 0 40 17 34 9 42 47 13 55 48 12 26 59 46 38 30 19 1 57 21 53 15 6 58 50 28 3 41 4 36 39 52 5 24 29 51 10 32 7 37 20 27 49 54 44 25 31 45 43 8 22 2 14 23 35 11
11968397667063519991 3072
4 53 24 55 12 3 21 52 20 34 50 37 29 43 46 39 41 40 31 0 59 51 45 58 36 16 44 38 2 25 42 56 35 11 48 18 5 57 32 9 14 22 47 33 7 54 6 49 30 23 19 28 27 26 15 13 8 10 1 17
31 20 41 11 24 46 2 42 19 4 29 22 52 35 43 18 30 13 51 48 21 58 54 38 36 50 53 5 7 34 10 45 23 39 9 1 12 17 26 55 32 49 28 6 3 57 37 15 40 8 16 33 14 0 44 59 25 47 56 27
19 23 33 3 48 18 47 2 25 57 30 17 42 45 43 41 9 35 22 58 27 55 13 32 39 37 5 54 31 36 1 8 12 53 52 21 6 26 7 29 51 50 4 34 14 16 24 38 56 10 28 20 59 46 40 49 44 15 11 0
37 4 22 59 21 29 11 30 55 24 57 41 34 44 25 45 36 58 20 43 9 10 8 49 26 28 46 33 19 48 38 40 7 6 50 18 35 17 27 16 15 3 0 5 51 52 32 14 13 12 54 31 1 23 56 39 2 53 47 42
17601389339353866858 3072
56 59 32 1 42 21 55 17 25 14 30 47 33 45 38 22 2 29 10 58 34 50 48 41 24 8 51 35 0 4 57 54 16 3 39 36 40 9 49 19 43 27 13 46 20 26 52 5 12 23 28 7 6 44 11 53 15 31 37 18
4 3 42 27 50 45 29 52 47 37 34 36 17 32 28 44 58 59 24 31 7 33 20 12 35 55 39 54 18 43 6 16 41 51 23 48 13 0 5 22 8 38 26 56 2 9 19 53 49 15 11 57 46 21 1 25 30 14 10 40
54 43 15 30 55 32 18 42 6 9 44 25 50 20 13 5 19 48 22 33 59 37 1 36 2 14 40 52 35 17 38 39 27 34 16 4 24 56 49 47 7 21 3 26 57 0 28 31 58 41 29 12 51 46 45 11 53 8 23 10
0 54 57 6 20 17 29 35 32 38 24 5 52 58 45 11 36 27 12 30 23 59 47 48 55 15 39 40 31 51 19 34 16 26 42 22 8 37 10 2 33 49 56 9 21 50 41 14 43 4 53 28 46 13 1 3 18 7 44 25
4426300008119095339 3072
26 55 20 48 50 47 31 34 4 5 19 18 56 33 0 43 28 38 22 44 57 53 59 45 8 32 14 21 36 13 27 41 30 46 52 17 16 11 29 54 3 42 6 15 51 40 1 7 12 24 39 35 25 2 10 58 49 9 37 23
38 52 22 48 28 14 30 0 54 59 35 33 34 8 29 41 10 37 36 23 9 42 2 58 55 39 26 51 1 57 18 5 19 4 45 40 43 56 15 16 47 7 32 11 3 50 21 13 20 27 12 49 6 31 17 44 25 46 24 53
26 55 20 11 36 3 31 28 29 48 27 24 12 33 0 34 46 38 43 44 56 25 59 53 19 32 37 5 18 7 45 41 4 57 52 17 16 21 6 54 22 42 40 15 51 8 1 50 13 30 39 35 47 2 10 58 49 9 14 23
53 28 22 48 18 51 57 39 5 47 11 9 58 42 29 20 30 21 36 31 15 8 2 35 54 55 59 45 1 52 19 44 33 50 25 23 43 56 14 16 12 7 32 26 0 4 37 13 40 27 10 49 6 34 17 41 3 46 24 38
11495296184066715841 3072
37 33 14 58 27 35 24 41 43 49 47 53 15 6 39 23 13 26 34 48 50 5 8 36 52 3 16 51 10 55 56 19 46 7 28 42 44 0 40 1 29 59 45 38 30 54 22 21 12 4 17 20 25 31 32 2 18 9 57 11
18 54 1 36 52 3 23 29 25 45 6 59 49 34 0 5 56 15 13 44 46 24 16 50 11 4 38 37 27 26 55 28 2 20 33 10 51 12 57 58 22 48 17 7 43 8 32 19 40 35 30 9 47 41 14 53 39 42 31 21
0 45 22 54 27 11 12 6 53 32 33 44 49 38 26 39 21 46 42 24 18 4 31 41 51 14 5 20 52 3 16 50 30 9 10 2 13 47 34 43 1 7 48 23 55 35 40 17 36 58 57 59 28 15 25 56 8 19 37 29
40 44 53 0 18 57 34 25 35 3 5 48 26 27 42 21 54 28 39 38 46 51 4 22 56 11 29 19 9 17 55 58 14 37 33 32 24 1 59 47 50 7 13 2 12 43 52 30 8 41 23 45 20 6 16 31 10 49 36 15
17690175342187956304 3072
16 45 51 49 50 35 28 56 9 43 38 53 23 32 1 58 8 3 26 47 29 54 6 12 59 31 46 42 18 52 13 57 10 11 39 2 25 19 34 20 15 48 40 0 30 27 21 22 55 37 4 24 7 5 14 33 36 44 41 17
48 55 38 3 39 44 9 59 14 26 30 4 2 5 57 35 36 31 22 33 7 41 25 34 0 42 16 32 18 43 47 49 29 40 58 6 56 24 15 50 53 52 8 27 12 51 17 54 20 11 28 13 1 46 45 23 37 19 21 10
46 50 11 53 10 47 55 20 41 28 57 2 37 19 56 58 49 51 29 44 59 26 45 23 42 12 38 1 14 34 4 15 39 9 17 24 32 8 30 13 54 48 5 16 31 22 52 7 27 33 40 0 21 36 6 35 18 43 3 25
40 56 37 45 39 23 38 57 9 11 22 48 26 33 12 55 50 10 53 51 17 4 15 18 14 19 43 47 59 42 13 6 28 34 49 52 2 30 3 31 32 0 35 46 5 1 41 20 44 8 25 29 58 7 24 16 21 27 36 54
17641817206782740129 3072
22 19 52 35 57 10 21 50 0 58 39 43 18 48 30 34 29 31 14 46 12 37 8 26 4 59 5 47 44 3 27 38 55 25 20 6 40 13 42 9 53 1 11 24 28 7 36 49 2 51 16 23 17 33 32 41 45 54 56 15
57 32 22 42 43 36 45 12 15 14 58 17 41 35 13 29 37 54 1 44 31 0 33 20 49 34 39 5 11 38 53 3 47 27 8 23 24 59 10 7 2 56 52 40 19 51 28 21 9 46 26 30 25 55 18 48 4 6 50 16
27 41 34 25 42 33 20 54 53 30 55 44 58 59 10 46 31 28 14 2 8 43 37 21 13 1 52 5 39 49 50 47 19 17 15 16 32 11 18 22 3 45 57 0 24 26 4 51 29 9 56 6 48 12 38 23 40 7 35 36
39 48 52 35 58 40 43 28 0 45 5 54 42 13 32 3 21 59 6 20 11 55 14 24 53 36 12 33 4 9 23 18 38 15 29 47 7 49 8 41 30 16 1 25 2 44 50 22 19 46 17 26 34 57 37 51 27 31 56 10
1296787156463963426 3072
34 33 38 22 32 2 28 43 58 48 24 27 55 54 11 17 31 6 18 7 57 50 53 42 3 13 37 0 1 35 5 59 52 25 14 36 46 16 20 30 51 19 47 44 40 41 4 23 26 9 29 56 10 8 49 39 45 15 12 21
13 31 43 10 51 44 8 54 57 58 35 25 36 26 56 0 47 37 55 32 42 39 19 34 48 41 52 53 59 14 18 12 3 40 15 9 33 1 11 27 4 16 29 23 5 46 28 2 17 24 6 7 38 20 21 49 45 22 50 30
29 53 27 35 8 20 41 24 2 34 42 33 37 11 49 55 0 19 36 23 50 52 17 30 43 54 39 16 51 22 9 31 58 44 5 3 47 56 21 1 59 15 32 7 25 14 46 45 18 40 10 6 57 26 13 38 12 48 4 28
58 46 24 51 11 59 37 30 22 44 20 38 33 56 27 13 39 53 3 49 50 6 12 47 9 25 15 10 32 36 16 8 21 14 35 52 0 18 5 54 2 57 55 34 19 1 42 17 29 41 48 43 28 45 31 4 23 7 26 40
7488648548895036987 3072
23 8 43 34 51 32 25 26 46 12 55 29 44 33 35 10 28 40 45 52 42 48 57 31 56 50 59 1 14 22 18 39 49 17 15 58 13 6 37 4 54 11 36 16 19 27 47 9 41 20 3 7 0 38 24 53 30 21 5 2
13 37 46 38 55 54 57 33 49 50 45 30 23 43 18 41 53 17 24 9 15 34 59 40 29 22 6 7 58 36 2 5 47 19 25 16 27 11 0 8 42 32 1 12 14 21 48 56 10 35 4 31 26 28 52 44 3 39 20 51
18 52 41 31 1 23 56 9 22 26 55 12 46 48 33 35 17 2 54 42 47 43 4 8 50 45 49 11 58 51 38 29 0 15 13 57 16 10 32 30 14 7 27 53 20 5 34 25 19 59 39 40 28 36 21 6 44 3 24 37
52 24 59 13 49 58 10 56 2 29 43 50 22 44 25 12 20 55 31 38 48 7 17 40 36 23 35 47 11 0 3 15 9 39 37 42 19 32 4 8 45 14 28 1 30 21 6 54 5 46 18 33 26 27 51 41 34 57 53 16
6492904976747352061 3072
9 30 28 47 26 48 38 34 2 17 5 40 57 10 23 58 4 55 46 22 49 20 11 12 19 29 41 24 32 52 27 33 39 31 6 3 16 8 59 37 14 18 54 45 35 50 7 1 0 53 36 13 15 44 43 42 56 21 25 51
32 44 26 55 49 29 58 13 33 22 25 23 1 48 45 19 43 20 36 12 46 38 35 10 41 18 53 28 5 50 59 9 56 42 4 30 37 57 15 16 40 39 0 51 7 34 21 8 11 24 14 3 31 2 27 6 47 52 54 17
58 40 27 41 4 56 43 3 31 38 33 24 46 54 44 59 22 5 0 57 51 10 55 19 12 18 7 23 53 11 35 25 49 47 13 2 26 16 1 20 6 14 29 50 9 48 45 52 28 15 32 37 8 39 17 42 36 21 30 34
27 13 35 48 26 36 47 54 2 31 50 42 32 25 45 9 28 51 59 37 17 55 58 12 30 3 43 16 49 6 11 40 1 52 33 22 4 56 44 10 20 21 57 24 0 41 15 46 8 34 38 7 14 19 29 53 39 23 18 5
15020619077531721165 3072
25 18 41 8 6 49 43 36 59 33 29 58 7 35 31 20 55 24 19 50 42 28 21 47 54 53 39 15 56 9 38 23 2 46 44 37 34 32 48 52 11 10 45 12 40 30 57 51 16 1 27 22 3 17 14 0 5 26 4 13
33 35 15 30 39 3 51 19 42 13 14 53 55 5 59 6 2 18 22 38 34 49 36 17 56 41 40 31 28 20 1 45 43 37 52 46 44 23 26 21 12 8 48 27 24 57 54 11 50 29 47 58 25 0 7 16 10 4 9 32
36 8 17 52 33 38 55 0 30 21 48 25 46 4 23 12 24 45 44 11 10 58 59 32 13 47 53 37 15 18 56 57 3 27 51 39 34 31 54 42 6 5 9 26 1 28 7 35 2 22 20 16 40 50 41 14 29 49 19 43
39 14 59 6 54 34 37 49 24 1 19 12 36 46 58 25 42 28 10 50 16 5 13 41 43 18 40 21 32 38 8 53 47 31 55 51 17 30 7 0 27 57 48 2 23 15 29 3 52 26 9 20 11 44 22 45 4 33 56 35
13890178419162706982 3072
31 14 35 54 41 20 8 46 4 6 5 3 37 22 19 45 55 11 16 30 34 39 10 40 29 50 13 42 59 49 57 52 0 2 48 23 32 25 26 15 9 44 21 27 18 36 56 1 43 53 33 58 17 7 47 12 51 38 28 24
28 19 10 56 7 51 11 55 43 20 27 50 39 33 37 58 47 46 49 9 34 26 48 14 57 21 36 18 15 29 25 31 8 40 0 32 5 12 42 2 24 35 6 53 3 22 41 38 17 54 30 44 23 13 4 52 16 59 45 1
59 56 36 35 47 52 39 25 15 29 49 38 58 22 19 43 40 20 32 27 30 33 3 57 50 16 46 37 31 8 54 51 10 26 2 5 7 1 45 12 9 53 42 18 6 14 4 24 21 28 0 55 44 23 41 17 11 13 34 48
19 54 57 49 6 41 31 51 32 48 20 52 5 18 12 58 14 35 2 25 56 8 23 22 33 45 3 59 40 50 21 17 46 47 37 9 53 13 10 7 42 1 29 24 30 27 38 16 36 26 44 11 34 28 0 43 55 4 39 15
