FACTOR_PERMUTATION_V1 12 16 1024 1 8
10 0 1 1 1 1 1 1 1 1 1 1 0 0 2 2 2 2 2 2 2 2 2 2 0 0 2 2 2 2 2 2 2 2 2 2
0 10 1 1 1 1 1 1 1 1 1 1 0 0 2 2 2 2 2 2 2 2 2 2 0 0 2 2 2 2 2 2 2 2 2 2
1 1 10 0 1 1 1 1 1 1 1 1 2 2 0 0 2 2 2 2 2 2 2 2 2 2 0 0 2 2 2 2 2 2 2 2
1 1 0 10 1 1 1 1 1 1 1 1 2 2 0 0 2 2 2 2 2 2 2 2 2 2 0 0 2 2 2 2 2 2 2 2
1 1 1 1 10 0 1 1 1 1 1 1 2 2 2 2 0 0 2 2 2 2 2 2 2 2 2 2 0 0 2 2 2 2 2 2
1 1 1 1 0 10 1 1 1 1 1 1 2 2 2 2 0 0 2 2 2 2 2 2 2 2 2 2 0 0 2 2 2 2 2 2
1 1 1 1 1 1 10 0 1 1 1 1 2 2 2 2 2 2 0 0 2 2 2 2 2 2 2 2 2 2 0 0 2 2 2 2
1 1 1 1 1 1 0 10 1 1 1 1 2 2 2 2 2 2 0 0 2 2 2 2 2 2 2 2 2 2 0 0 2 2 2 2
1 1 1 1 1 1 1 1 10 0 1 1 2 2 2 2 2 2 2 2 0 0 2 2 2 2 2 2 2 2 2 2 0 0 2 2
1 1 1 1 1 1 1 1 0 10 1 1 2 2 2 2 2 2 2 2 0 0 2 2 2 2 2 2 2 2 2 2 0 0 2 2
1 1 1 1 1 1 1 1 1 1 10 0 2 2 2 2 2 2 2 2 2 2 0 0 2 2 2 2 2 2 2 2 2 2 0 0
1 1 1 1 1 1 1 1 1 1 0 10 2 2 2 2 2 2 2 2 2 2 0 0 2 2 2 2 2 2 2 2 2 2 0 0
0 0 2 2 2 2 2 2 2 2 2 2 10 0 1 1 1 1 1 1 1 1 1 1 0 0 2 2 2 2 2 2 2 2 2 2
0 0 2 2 2 2 2 2 2 2 2 2 0 10 1 1 1 1 1 1 1 1 1 1 0 0 2 2 2 2 2 2 2 2 2 2
2 2 0 0 2 2 2 2 2 2 2 2 1 1 10 0 1 1 1 1 1 1 1 1 2 2 0 0 2 2 2 2 2 2 2 2
2 2 0 0 2 2 2 2 2 2 2 2 1 1 0 10 1 1 1 1 1 1 1 1 2 2 0 0 2 2 2 2 2 2 2 2
2 2 2 2 0 0 2 2 2 2 2 2 1 1 1 1 10 0 1 1 1 1 1 1 2 2 2 2 0 0 2 2 2 2 2 2
2 2 2 2 0 0 2 2 2 2 2 2 1 1 1 1 0 10 1 1 1 1 1 1 2 2 2 2 0 0 2 2 2 2 2 2
2 2 2 2 2 2 0 0 2 2 2 2 1 1 1 1 1 1 10 0 1 1 1 1 2 2 2 2 2 2 0 0 2 2 2 2
2 2 2 2 2 2 0 0 2 2 2 2 1 1 1 1 1 1 0 10 1 1 1 1 2 2 2 2 2 2 0 0 2 2 2 2
2 2 2 2 2 2 2 2 0 0 2 2 1 1 1 1 1 1 1 1 10 0 1 1 2 2 2 2 2 2 2 2 0 0 2 2
2 2 2 2 2 2 2 2 0 0 2 2 1 1 1 1 1 1 1 1 0 10 1 1 2 2 2 2 2 2 2 2 0 0 2 2
2 2 2 2 2 2 2 2 2 2 0 0 1 1 1 1 1 1 1 1 1 1 10 0 2 2 2 2 2 2 2 2 2 2 0 0
2 2 2 2 2 2 2 2 2 2 0 0 1 1 1 1 1 1 1 1 1 1 0 10 2 2 2 2 2 2 2 2 2 2 0 0
0 0 2 2 2 2 2 2 2 2 2 2 0 0 2 2 2 2 2 2 2 2 2 2 10 0 1 1 1 1 1 1 1 1 1 1
0 0 2 2 2 2 2 2 2 2 2 2 0 0 2 2 2 2 2 2 2 2 2 2 0 10 1 1 1 1 1 1 1 1 1 1
2 2 0 0 2 2 2 2 2 2 2 2 2 2 0 0 2 2 2 2 2 2 2 2 1 1 10 0 1 1 1 1 1 1 1 1
2 2 0 0 2 2 2 2 2 2 2 2 2 2 0 0 2 2 2 2 2 2 2 2 1 1 0 10 1 1 1 1 1 1 1 1
2 2 2 2 0 0 2 2 2 2 2 2 2 2 2 2 0 0 2 2 2 2 2 2 1 1 1 1 10 0 1 1 1 1 1 1
2 2 2 2 0 0 2 2 2 2 2 2 2 2 2 2 0 0 2 2 2 2 2 2 1 1 1 1 0 10 1 1 1 1 1 1
2 2 2 2 2 2 0 0 2 2 2 2 2 2 2 2 2 2 0 0 2 2 2 2 1 1 1 1 1 1 10 0 1 1 1 1
2 2 2 2 2 2 0 0 2 2 2 2 2 2 2 2 2 2 0 0 2 2 2 2 1 1 1 1 1 1 0 10 1 1 1 1
2 2 2 2 2 2 2 2 0 0 2 2 2 2 2 2 2 2 2 2 0 0 2 2 1 1 1 1 1 1 1 1 10 0 1 1
2 2 2 2 2 2 2 2 0 0 2 2 2 2 2 2 2 2 2 2 0 0 2 2 1 1 1 1 1 1 1 1 0 10 1 1
2 2 2 2 2 2 2 2 2 2 0 0 2 2 2 2 2 2 2 2 2 2 0 0 1 1 1 1 1 1 1 1 1 1 10 0
2 2 2 2 2 2 2 2 2 2 0 0 2 2 2 2 2 2 2 2 2 2 0 0 1 1 1 1 1 1 1 1 1 1 0 10
0 2
0 3
0 4
0 5
0 6
0 7
0 8
0 9
0 10
0 11
1 2
1 3
1 4
1 5
1 6
1 7
1 8
1 9
1 10
1 11
2 4
2 5
2 6
2 7
2 8
2 9
2 10
2 11
3 4
3 5
3 6
3 7
3 8
3 9
3 10
3 11
4 6
4 7
4 8
4 9
4 10
4 11
5 6
5 7
5 8
5 9
5 10
5 11
6 8
6 9
6 10
6 11
7 8
7 9
7 10
7 11
8 10
8 11
9 10
9 11
0 2
0 3
0 4
0 5
0 6
0 7
0 8
0 9
0 10
0 11
1 2
1 3
1 4
1 5
1 6
1 7
1 8
1 9
1 10
1 11
2 4
2 5
2 6
2 7
2 8
2 9
2 10
2 11
3 4
3 5
3 6
3 7
3 8
3 9
3 10
3 11
4 6
4 7
4 8
4 9
4 10
4 11
5 6
5 7
5 8
5 9
5 10
5 11
6 8
6 9
6 10
6 11
7 8
7 9
7 10
7 11
8 10
8 11
9 10
9 11
0 2
0 3
0 4
0 5
0 6
0 7
0 8
0 9
0 10
0 11
1 2
1 3
1 4
1 5
1 6
1 7
1 8
1 9
1 10
1 11
2 4
2 5
2 6
2 7
2 8
2 9
2 10
2 11
3 4
3 5
3 6
3 7
3 8
3 9
3 10
3 11
4 6
4 7
4 8
4 9
4 10
4 11
5 6
5 7
5 8
5 9
5 10
5 11
6 8
6 9
6 10
6 11
7 8
7 9
7 10
7 11
8 10
8 11
9 10
9 11
1435813299650833694 6144
16 55 54 29 21 25 35 42 50 6 7 45 13 31 3 28 39 19 57 17 51 15 9 58 4 24 20 30 48 22 52 32 38 0 47 40 41 2 59 1 34 18 36 11 8 56 43 46 23 49 33 10 44 27 12 53 26 37 5 14
13 58 9 22 41 47 44 49 35 29 17 40 52 18 21 37 27 30 7 42 10 6 2 15 55 14 23 25 16 48 56 3 4 31 36 45 51 20 28 54 39 57 59 19 34 8 53 38 12 24 43 0 33 11 26 5 1 50 46 32
41 18 42 48 25 56 46 37 21 52 50 54 6 36 34 12 59 47 28 40 15 16 45 17 3 53 33 0 44 51 57 30 31 4 9 39 13 35 8 11 5 22 27 26 49 55 23 14 2 58 20 1 24 10 7 43 32 19 38 29
42 18 58 47 19 22 39 1 57 13 2 55 20 24 46 9 43 51 17 31 26 11 48 41 23 28 5 40 0 8 37 4 12 59 32 50 49 16 3 35 44 7 10 53 29 25 36 52 34 30 38 45 56 54 27 33 14 6 21 15
11539117781296610289 6144
9 44 10 31 40 5 50 22 16 17 34 41 53 4 0 37 7 36 45 42 48 12 51 47 24 3 38 14 56 19 21 46 43 35 25 33 11 59 20 8 15 29 55 27 18 30 52 57 13 28 1 58 2 26 54 6 32 39 49 23
38 54 56 7 45 35 48 21 59 28 52 16 23 1 18 26 17 33 36 55 39 42 12 24 11 5 8 49 19 34 58 40 46 10 6 15 37 25 31 57 0 22 29 53 13 20 27 51 9 14 44 32 4 3 30 50 47 2 43 41
45 17 26 53 51 47 24 19 43 34 57 42 4 16 40 56 3 1 15 25 32 22 49 13 9 41 5 11 27 28 8 52 58 18 44 59 7 10 14 0 38 48 20 12 55 30 6 31 23 50 39 21 35 54 33 2 37 46 29 36
29 55 35 19 48 20 23 22 24 36 2 16 26 46 10 27 11 51 39 42 5 12 41 45 34 15 49 54 7 33 38 30 4 58 44 50 25 56 57 47 14 18 59 52 1 17 43 0 13 3 8 28 40 32 21 9 37 53 31 6
11590151399517110866 6144
38 22 37 59 55 30 50 0 14 10 20 9 24 34 29 44 36 23 46 58 16 17 4 25 5 51 6 43 53 52 13 47 28 18 21 54 45 32 33 42 15 8 26 1 12 3 19 39 40 57 49 2 7 41 48 27 35 31 56 11
30 52 22 33 38 11 23 51 58 26 59 50 34 45 27 49 35 55 5 44 3 37 1 15 56 24 48 20 47 0 29 10 43 14 6 13 28 8 4 53 32 41 16 40 57 25 42 2 17 31 18 7 12 9 19 39 54 36 21 46
11 19 39 56 32 58 49 42 41 43 21 44 9 50 23 34 51 12 53 10 15 18 46 38 5 6 28 59 48 37 40 1 27 35 54 45 55 30 0 52 25 4 3 7 29 8 57 20 33 24 36 22 2 26 47 13 16 31 14 17
25 44 23 30 38 24 13 46 53 35 51 43 28 52 7 12 27 32 48 26 19 45 17 41 58 36 50 6 1 56 9 47 4 14 20 34 21 49 57 16 8 10 29 2 0 22 55 59 54 3 11 40 33 18 5 42 31 15 37 39
4552456721549338081 6144
8 12 22 58 38 31 15 46 24 10 42 54 3 26 53 32 27 18 20 59 19 55 4 33 51 41 39 43 9 29 37 13 6 34 49 21 48 44 17 23 16 30 40 7 25 14 0 56 2 11 52 50 28 5 36 57 35 47 45 1
56 43 55 6 20 45 21 5 2 4 10 51 32 49 40 28 27 50 42 29 14 53 47 9 8 16 41 0 24 17 18 58 3 33 12 59 39 31 38 19 48 26 25 7 54 34 1 13 46 35 15 36 44 30 57 37 22 11 52 23
40 9 50 21 48 28 29 14 47 15 56 51 20 59 4 16 31 11 25 6 45 37 35 7 46 57 8 0 55 5 43 44 58 41 24 39 38 23 22 12 17 53 32 19 30 3 52 13 18 49 2 26 27 10 36 34 42 1 33 54
44 29 47 0 6 19 53 36 30 52 23 10 4 25 28 45 41 58 51 37 11 17 42 59 49 38 46 8 16 3 56 50 48 9 12 43 26 54 34 35 20 2 57 32 18 27 31 40 14 13 24 7 55 21 33 1 5 22 15 39
9771949062711787016 6144
26 31 30 47 46 36 7 23 45 10 11 35 51 25 43 34 37 49 17 38 18 4 57 16 53 3 6 22 54 5 52 13 21 50 55 2 58 42 28 19 1 0 33 59 44 8 14 56 15 12 41 29 27 32 20 48 40 9 39 24
16 57 58 33 21 55 37 28 51 42 43 15 48 9 23 24 8 38 1 47 17 45 30 59 19 46 36 25 7 27 54 26 35 22 50 49 4 40 32 31 41 44 18 20 14 34 52 11 3 6 10 2 0 13 53 5 39 12 29 56
13 20 8 23 40 21 2 34 16 49 38 15 28 19 26 4 27 51 5 24 55 48 14 22 54 12 46 10 42 11 3 59 7 31 57 37 53 45 29 52 25 50 33 41 36 0 9 6 44 58 1 32 35 56 39 18 30 43 17 47
34 18 22 19 39 20 23 52 13 35 44 40 55 31 57 46 36 51 41 42 25 54 32 10 29 50 4 9 16 38 47 5 1 7 11 15 37 58 17 3 56 2 14 6 49 0 33 21 27 28 53 26 45 12 24 59 30 8 43 48
12490682301281971227 6144
47 55 14 32 49 52 34 0 58 13 21 10 9 25 36 39 46 16 1 30 41 45 53 48 17 24 3 59 7 40 57 51 33 44 43 22 42 56 8 26 38 4 6 35 11 2 23 18 27 37 54 15 50 12 28 19 20 5 29 31
19 24 40 41 29 11 3 27 49 37 58 51 15 0 46 55 26 59 20 16 25 52 28 8 54 31 48 21 34 6 39 45 36 18 47 12 7 35 43 50 23 44 56 10 57 9 53 42 14 5 2 4 22 1 17 30 33 32 13 38
31 41 34 26 25 40 36 43 16 38 3 22 59 42 35 8 23 37 30 10 12 57 5 28 46 24 47 7 49 39 55 56 33 13 6 2 17 4 52 18 44 51 19 0 21 50 53 1 11 54 48 32 29 27 58 45 20 15 9 14
30 54 58 14 55 10 38 24 57 29 32 53 36 17 41 47 21 50 43 40 6 56 19 16 18 2 0 3 51 7 13 45 27 35 15 22 12 33 11 52 59 42 25 8 48 23 39 37 49 5 34 4 26 1 28 31 9 20 44 46
1964350223447390248 6144
43 38 5 58 3 36 20 31 28 12 40 49 42 22 37 15 11 39 13 6 53 24 35 44 48 8 59 41 32 26 30 2 46 47 21 45 0 18 50 33 55 10 7 54 16 51 19 9 4 57 34 25 27 52 56 29 14 17 1 23
10 26 3 18 57 17 34 28 42 27 43 56 24 50 1 58 37 48 54 41 51 6 36 44 11 49 40 31 8 39 59 38 55 53 14 5 23 0 19 21 32 15 33 12 13 35 20 22 25 4 52 46 2 29 45 7 30 47 9 16
54 43 15 30 55 32 18 42 6 9 44 25 50 20 13 5 19 48 22 33 59 37 1 36 2 14 40 52 35 17 38 39 27 34 16 4 24 56 49 47 7 21 3 26 57 0 28 31 58 41 29 12 51 46 45 11 53 8 23 10
0 54 57 6 20 17 29 35 32 38 24 5 52 58 45 11 36 27 12 30 23 59 47 48 55 15 39 40 31 51 19 34 16 26 42 22 8 37 10 2 33 49 56 9 21 50 41 14 43 4 53 28 46 13 1 3 18 7 44 25
5174715924892970683 6144
22 37 27 11 43 19 48 46 24 26 2 6 9 51 28 32 52 21 34 53 3 42 29 8 58 50 39 44 57 55 4 45 13 41 54 18 40 56 10 33 36 23 17 0 31 16 38 35 59 15 12 5 1 25 14 49 47 20 30 7
54 44 21 57 55 58 11 13 14 49 59 20 47 56 4 50 38 22 43 34 32 46 16 12 31 28 7 33 0 15 23 10 9 3 17 52 41 35 5 19 29 36 39 8 2 30 51 1 24 45 40 42 53 27 25 6 48 18 37 26
26 55 20 11 36 3 31 28 29 48 27 24 12 33 0 34 46 38 43 44 56 25 59 53 19 32 37 5 18 7 45 41 4 57 52 17 16 21 6 54 22 42 40 15 51 8 1 50 13 30 39 35 47 2 10 58 49 9 14 23
53 28 22 48 18 51 57 39 5 47 11 9 58 42 29 20 30 21 36 31 15 8 2 35 54 55 59 45 1 52 19 44 33 50 25 23 43 56 14 16 12 7 32 26 0 4 37 13 40 27 10 49 6 34 17 41 3 46 24 38
1267214077256401566 6144
57 13 1 46 2 34 48 56 24 20 58 49 59 47 38 51 54 43 5 31 8 15 21 50 44 11 27 14 45 7 39 25 3 41 30 53 55 0 16 17 12 35 18 9 10 22 42 6 23 28 32 33 40 52 4 36 26 29 19 37
30 52 24 51 15 7 16 37 45 25 58 34 56 17 6 26 38 49 48 36 43 0 12 28 21 57 2 32 11 14 4 20 3 19 40 44 10 8 9 42 55 50 27 41 33 18 23 35 29 46 39 5 59 54 47 22 13 53 31 1
52 46 31 18 47 33 3 4 6 20 45 15 49 9 44 36 35 0 29 23 26 53 1 58 14 38 25 5 2 8 43 32 50 54 17 59 51 21 10 55 40 16 30 41 12 22 57 24 27 56 37 39 7 11 48 19 13 34 28 42
59 11 47 20 35 25 34 58 50 48 14 57 26 23 40 51 42 37 44 0 36 17 16 54 38 8 1 5 19 52 46 18 7 22 15 2 31 6 9 10 53 43 3 56 30 49 29 33 13 27 39 32 21 28 24 12 4 55 41 45
5600718820878290422 6144
57 18 53 50 20 36 43 23 46 39 38 58 22 15 27 8 56 7 29 11 44 19 5 59 31 26 49 16 10 32 28 47 12 9 48 4 45 34 6 42 0 51 25 30 21 14 1 3 35 17 41 52 40 2 24 54 55 37 13 33
17 3 29 24 26 56 37 50 22 30 51 36 1 35 18 42 31 12 52 41 57 32 8 43 5 16 27 39 40 25 47 9 14 4 21 11 10 2 46 53 55 20 0 45 15 19 49 6 58 33 38 34 13 54 59 28 7 23 44 48
46 50 11 53 10 47 55 20 41 28 57 2 37 19 56 58 49 51 29 44 59 26 45 23 42 12 38 1 14 34 4 15 39 9 17 24 32 8 30 13 54 48 5 16 31 22 52 7 27 33 40 0 21 36 6 35 18 43 3 25
40 56 37 45 39 23 38 57 9 11 22 48 26 33 12 55 50 10 53 51 17 4 15 18 14 19 43 47 59 42 13 6 28 34 49 52 2 30 3 31 32 0 35 46 5 1 41 20 44 8 25 29 58 7 24 16 21 27 36 54
3011995732601921328 6144
49 0 15 59 3 38 5 30 27 33 24 9 54 35 42 25 52 13 4 14 7 40 2 36 41 53 56 44 46 16 29 23 11 55 47 8 58 48 39 34 37 18 6 45 22 57 50 19 51 32 17 10 43 28 1 26 21 31 12 20
12 4 44 35 57 21 53 52 11 42 54 38 15 36 19 24 9 10 48 29 7 5 40 49 51 47 58 31 56 59 45 46 50 33 1 13 34 2 26 22 41 39 32 14 18 43 0 25 23 20 28 8 6 17 30 27 55 37 16 3
46 51 1 42 19 17 27 26 5 37 35 18 2 59 38 39 30 54 32 14 22 36 20 6 4 28 16 55 47 12 33 48 52 11 43 0 8 10 56 45 53 15 34 25 23 9 31 24 41 49 3 13 29 21 58 40 7 44 57 50
41 16 8 22 21 43 7 38 26 34 55 46 33 29 56 11 37 0 32 20 49 1 52 45 59 27 53 12 24 58 4 18 5 48 3 23 28 31 15 14 19 39 17 9 50 51 44 13 36 35 57 10 30 40 25 6 54 47 2 42
5921306664687662010 6144
46 35 31 26 14 32 19 54 51 24 41 30 49 55 25 56 48 53 15 5 58 42 20 36 7 11 43 33 12 6 47 2 28 27 39 13 0 44 52 9 22 40 29 37 4 38 16 50 18 23 8 17 59 57 34 45 10 21 3 1
24 54 38 43 15 30 51 6 59 58 13 2 26 11 3 35 28 53 21 33 48 19 55 22 47 39 4 36 25 20 37 45 23 14 1 32 31 8 49 40 12 57 18 9 16 50 27 29 46 7 17 42 34 0 44 56 52 41 5 10
52 41 37 7 26 35 29 38 21 1 18 25 54 51 32 20 5 39 47 3 0 53 27 58 12 11 31 36 4 13 6 17 59 43 56 48 40 10 23 42 34 19 16 46 55 9 49 14 44 8 15 33 50 28 57 30 2 22 24 45
15 33 8 0 46 44 38 30 19 55 32 36 13 51 18 7 45 43 31 5 58 59 6 40 47 4 1 34 57 53 24 26 3 54 39 12 23 16 35 20 50 25 41 22 56 2 9 11 42 29 37 49 28 27 21 17 14 52 48 10
10180364129723024270 6144
42 36 43 1 41 55 59 46 32 33 20 17 0 54 3 47 16 24 44 29 37 19 53 48 49 5 52 15 12 38 45 22 14 31 8 18 35 30 26 27 7 6 9 39 25 58 11 21 40 13 51 56 2 10 34 28 57 4 50 23
58 32 6 26 46 11 38 3 23 28 57 29 43 55 21 36 5 47 14 19 50 44 42 41 35 51 17 9 54 22 10 12 24 18 45 13 39 49 34 33 27 4 15 16 2 30 59 31 25 8 1 20 48 56 52 7 37 53 0 40
18 52 41 31 1 23 56 9 22 26 55 12 46 48 33 35 17 2 54 42 47 43 4 8 50 45 49 11 58 51 38 29 0 15 13 57 16 10 32 30 14 7 27 53 20 5 34 25 19 59 39 40 28 36 21 6 44 3 24 37
52 24 59 13 49 58 10 56 2 29 43 50 22 44 25 12 20 55 31 38 48 7 17 40 36 23 35 47 11 0 3 15 9 39 37 42 19 32 4 8 45 14 28 1 30 21 6 54 5 46 18 33 26 27 51 41 34 57 53 16
16443542583828323656 6144
36 41 14 8 35 24 15 31 27 50 38 22 10 43 40 47 26 3 37 48 51 46 30 58 55 59 6 12 57 34 2 17 20 18 23 42 49 28 16 54 13 7 25 5 4 45 44 56 21 0 52 39 33 11 53 19 1 9 29 32
26 45 33 54 30 10 40 59 55 15 50 39 19 31 29 24 37 53 3 7 52 51 43 9 23 14 49 58 41 5 38 25 6 34 42 12 32 16 48 1 13 4 2 56 47 21 20 44 8 17 28 57 11 35 0 18 22 27 46 36
58 40 27 41 4 56 43 3 31 38 33 24 46 54 44 59 22 5 0 57 51 10 55 19 12 18 7 23 53 11 35 25 49 47 13 2 26 16 1 20 6 14 29 50 9 48 45 52 28 15 32 37 8 39 17 42 36 21 30 34
27 13 35 48 26 36 47 54 2 31 50 42 32 25 45 9 28 51 59 37 17 55 58 12 30 3 43 16 49 6 11 40 1 52 33 22 4 56 44 10 20 21 57 24 0 41 15 46 8 34 38 7 14 19 29 53 39 23 18 5
1557995939683382357 6144
54 28 43 9 29 56 55 27 14 22 48 42 30 19 40 46 31 16 7 49 1 39 47 13 10 59 5 41 34 32 3 4 26 44 37 17 51 20 50 0 8 38 6 25 52 36 11 21 2 58 15 12 18 35 33 24 57 23 53 45
17 14 23 20 19 18 47 39 32 21 41 25 29 34 11 7 55 22 43 54 8 9 24 38 44 51 35 53 49 42 58 36 5 12 6 52 4 50 16 48 15 0 46 57 2 27 10 31 59 3 26 45 30 13 37 33 40 1 28 56
44 56 1 54 36 49 5 38 43 50 58 34 40 22 13 47 51 9 12 30 19 39 55 10 37 0 59 32 33 28 26 6 11 48 42 20 52 8 24 14 23 31 18 57 4 15 16 27 41 25 2 3 21 46 7 45 29 17 53 35
15 46 52 27 3 38 5 22 39 16 36 43 26 54 56 21 9 1 31 34 49 35 58 47 50 42 14 6 57 17 59 37 2 51 33 7 29 12 28 13 53 4 40 0 45 18 24 48 11 25 20 32 19 8 30 44 10 23 55 41
13602111302662532969 6144
29 54 33 27 32 21 24 46 11 53 10 52 26 59 25 14 5 55 49 48 23 35 36 58 50 18 15 41 13 51 42 57 31 0 7 37 43 12 17 3 2 30 4 56 39 38 22 45 9 40 8 16 44 20 1 47 6 28 34 19
19 42 52 59 6 51 54 25 28 34 50 22 0 53 26 45 44 41 8 15 12 37 5 38 21 35 39 3 7 16 33 47 13 46 1 18 56 43 55 9 48 2 40 11 14 31 24 29 20 17 57 10 58 32 49 4 23 27 30 36
43 33 50 28 0 29 13 54 16 23 17 58 26 4 46 52 10 11 37 22 8 38 25 41 30 45 51 36 19 55 3 40 12 49 2 9 57 44 53 24 18 7 15 47 6 56 59 48 34 14 31 39 21 5 32 27 20 1 42 35
57 43 1 14 48 54 35 53 28 10 49 26 32 55 34 3 46 41 44 42 36 27 8 11 2 20 17 40 37 29 7 5 50 47 45 38 13 16 58 19 24 12 15 22 31 6 0 56 21 59 33 30 51 18 39 25 9 52 4 23
