FACTOR_PERMUTATION_V1 12 16 1024 1 8
10 0 1 1 1 1 1 1 1 1 1 1 0 0 2 2 2 2 2 2 2 2 2 2 0 0 2 2 2 2 2 2 2 2 2 2
0 10 1 1 1 1 1 1 1 1 1 1 0 0 2 2 2 2 2 2 2 2 2 2 0 0 2 2 2 2 2 2 2 2 2 2
1 1 10 0 1 1 1 1 1 1 1 1 2 2 0 0 2 2 2 2 2 2 2 2 2 2 0 0 2 2 2 2 2 2 2 2
1 1 0 10 1 1 1 1 1 1 1 1 2 2 0 0 2 2 2 2 2 2 2 2 2 2 0 0 2 2 2 2 2 2 2 2
1 1 1 1 10 0 1 1 1 1 1 1 2 2 2 2 0 0 2 2 2 2 2 2 2 2 2 2 0 0 2 2 2 2 2 2
1 1 1 1 0 10 1 1 1 1 1 1 2 2 2 2 0 0 2 2 2 2 2 2 2 2 2 2 0 0 2 2 2 2 2 2
1 1 1 1 1 1 10 0 1 1 1 1 2 2 2 2 2 2 0 0 2 2 2 2 2 2 2 2 2 2 0 0 2 2 2 2
1 1 1 1 1 1 0 10 1 1 1 1 2 2 2 2 2 2 0 0 2 2 2 2 2 2 2 2 2 2 0 0 2 2 2 2
1 1 1 1 1 1 1 1 10 0 1 1 2 2 2 2 2 2 2 2 0 0 2 2 2 2 2 2 2 2 2 2 0 0 2 2
1 1 1 1 1 1 1 1 0 10 1 1 2 2 2 2 2 2 2 2 0 0 2 2 2 2 2 2 2 2 2 2 0 0 2 2
1 1 1 1 1 1 1 1 1 1 10 0 2 2 2 2 2 2 2 2 2 2 0 0 2 2 2 2 2 2 2 2 2 2 0 0
1 1 1 1 1 1 1 1 1 1 0 10 2 2 2 2 2 2 2 2 2 2 0 0 2 2 2 2 2 2 2 2 2 2 0 0
0 0 2 2 2 2 2 2 2 2 2 2 10 0 1 1 1 1 1 1 1 1 1 1 0 0 2 2 2 2 2 2 2 2 2 2
0 0 2 2 2 2 2 2 2 2 2 2 0 10 1 1 1 1 1 1 1 1 1 1 0 0 2 2 2 2 2 2 2 2 2 2
2 2 0 0 2 2 2 2 2 2 2 2 1 1 10 0 1 1 1 1 1 1 1 1 2 2 0 0 2 2 2 2 2 2 2 2
2 2 0 0 2 2 2 2 2 2 2 2 1 1 0 10 1 1 1 1 1 1 1 1 2 2 0 0 2 2 2 2 2 2 2 2
2 2 2 2 0 0 2 2 2 2 2 2 1 1 1 1 10 0 1 1 1 1 1 1 2 2 2 2 0 0 2 2 2 2 2 2
2 2 2 2 0 0 2 2 2 2 2 2 1 1 1 1 0 10 1 1 1 1 1 1 2 2 2 2 0 0 2 2 2 2 2 2
2 2 2 2 2 2 0 0 2 2 2 2 1 1 1 1 1 1 10 0 1 1 1 1 2 2 2 2 2 2 0 0 2 2 2 2
2 2 2 2 2 2 0 0 2 2 2 2 1 1 1 1 1 1 0 10 1 1 1 1 2 2 2 2 2 2 0 0 2 2 2 2
2 2 2 2 2 2 2 2 0 0 2 2 1 1 1 1 1 1 1 1 10 0 1 1 2 2 2 2 2 2 2 2 0 0 2 2
2 2 2 2 2 2 2 2 0 0 2 2 1 1 1 1 1 1 1 1 0 10 1 1 2 2 2 2 2 2 2 2 0 0 2 2
2 2 2 2 2 2 2 2 2 2 0 0 1 1 1 1 1 1 1 1 1 1 10 0 2 2 2 2 2 2 2 2 2 2 0 0
2 2 2 2 2 2 2 2 2 2 0 0 1 1 1 1 1 1 1 1 1 1 0 10 2 2 2 2 2 2 2 2 2 2 0 0
0 0 2 2 2 2 2 2 2 2 2 2 0 0 2 2 2 2 2 2 2 2 2 2 10 0 1 1 1 1 1 1 1 1 1 1
0 0 2 2 2 2 2 2 2 2 2 2 0 0 2 2 2 2 2 2 2 2 2 2 0 10 1 1 1 1 1 1 1 1 1 1
2 2 0 0 2 2 2 2 2 2 2 2 2 2 0 0 2 2 2 2 2 2 2 2 1 1 10 0 1 1 1 1 1 1 1 1
2 2 0 0 2 2 2 2 2 2 2 2 2 2 0 0 2 2 2 2 2 2 2 2 1 1 0 10 1 1 1 1 1 1 1 1
2 2 2 2 0 0 2 2 2 2 2 2 2 2 2 2 0 0 2 2 2 2 2 2 1 1 1 1 10 0 1 1 1 1 1 1
2 2 2 2 0 0 2 2 2 2 2 2 2 2 2 2 0 0 2 2 2 2 2 2 1 1 1 1 0 10 1 1 1 1 1 1
2 2 2 2 2 2 0 0 2 2 2 2 2 2 2 2 2 2 0 0 2 2 2 2 1 1 1 1 1 1 10 0 1 1 1 1
2 2 2 2 2 2 0 0 2 2 2 2 2 2 2 2 2 2 0 0 2 2 2 2 1 1 1 1 1 1 0 10 1 1 1 1
2 2 2 2 2 2 2 2 0 0 2 2 2 2 2 2 2 2 2 2 0 0 2 2 1 1 1 1 1 1 1 1 10 0 1 1
2 2 2 2 2 2 2 2 0 0 2 2 2 2 2 2 2 2 2 2 0 0 2 2 1 1 1 1 1 1 1 1 0 10 1 1
2 2 2 2 2 2 2 2 2 2 0 0 2 2 2 2 2 2 2 2 2 2 0 0 1 1 1 1 1 1 1 1 1 1 10 0
2 2 2 2 2 2 2 2 2 2 0 0 2 2 2 2 2 2 2 2 2 2 0 0 1 1 1 1 1 1 1 1 1 1 0 10
0 2
0 3
0 4
0 5
0 6
0 7
0 8
0 9
0 10
0 11
1 2
1 3
1 4
1 5
1 6
1 7
1 8
1 9
1 10
1 11
2 4
2 5
2 6
2 7
2 8
2 9
2 10
2 11
3 4
3 5
3 6
3 7
3 8
3 9
3 10
3 11
4 6
4 7
4 8
4 9
4 10
4 11
5 6
5 7
5 8
5 9
5 10
5 11
6 8
6 9
6 10
6 11
7 8
7 9
7 10
7 11
8 10
8 11
9 10
9 11
0 2
0 3
0 4
0 5
0 6
0 7
0 8
0 9
0 10
0 11
1 2
1 3
1 4
1 5
1 6
1 7
1 8
1 9
1 10
1 11
2 4
2 5
2 6
2 7
2 8
2 9
2 10
2 11
3 4
3 5
3 6
3 7
3 8
3 9
3 10
3 11
4 6
4 7
4 8
4 9
4 10
4 11
5 6
5 7
5 8
5 9
5 10
5 11
6 8
6 9
6 10
6 11
7 8
7 9
7 10
7 11
8 10
8 11
9 10
9 11
0 2
0 3
0 4
0 5
0 6
0 7
0 8
0 9
0 10
0 11
1 2
1 3
1 4
1 5
1 6
1 7
1 8
1 9
1 10
1 11
2 4
2 5
2 6
2 7
2 8
2 9
2 10
2 11
3 4
3 5
3 6
3 7
3 8
3 9
3 10
3 11
4 6
4 7
4 8
4 9
4 10
4 11
5 6
5 7
5 8
5 9
5 10
5 11
6 8
6 9
6 10
6 11
7 8
7 9
7 10
7 11
8 10
8 11
9 10
9 11
14115930288004664576 7168
59 56 6 32 31 24 41 27 33 26 43 3 49 39 44 13 40 25 12 28 21 8 1 35 11 2 55 52 48 14 58 10 46 18 45 23 47 17 20 37 22 54 50 29 0 19 34 51 57 16 30 7 53 9 5 38 15 42 4 36
2 3 23 56 20 51 1 13 26 45 27 44 21 53 55 33 46 5 37 30 16 28 59 47 8 32 4 50 42 19 48 54 31 36 7 43 9 18 49 41 40 17 24 6 14 25 10 22 34 15 11 29 0 38 12 39 35 57 58 52
41 18 42 48 25 56 46 37 21 52 50 54 6 36 34 12 59 47 28 40 15 16 45 17 3 53 33 0 44 51 57 30 31 4 9 39 13 35 8 11 5 22 27 26 49 55 23 14 2 58 20 1 24 10 7 43 32 19 38 29
42 18 58 47 19 22 39 1 57 13 2 55 20 24 46 9 43 51 17 31 26 11 48 41 23 28 5 40 0 8 37 4 12 59 32 50 49 16 3 35 44 7 10 53 29 25 36 52 34 30 38 45 56 54 27 33 14 6 21 15
14744627922200106019 7168
15 22 21 49 31 58 2 6 12 7 14 59 34 51 35 3 52 47 39 48 8 9 40 57 13 11 45 18 46 32 26 42 30 29 5 33 55 24 25 37 17 38 1 50 41 43 44 10 36 53 28 19 16 27 56 23 4 0 20 54
14 54 4 18 41 26 52 28 34 42 25 49 56 27 10 24 8 37 32 46 31 35 59 29 51 21 5 12 16 15 43 2 11 30 55 9 3 45 50 7 23 17 40 38 47 58 0 33 22 20 53 1 57 48 6 36 39 19 13 44
45 17 26 53 51 47 24 19 43 34 57 42 4 16 40 56 3 1 15 25 32 22 49 13 9 41 5 11 27 28 8 52 58 18 44 59 7 10 14 0 38 48 20 12 55 30 6 31 23 50 39 21 35 54 33 2 37 46 29 36
29 55 35 19 48 20 23 22 24 36 2 16 26 46 10 27 11 51 39 42 5 12 41 45 34 15 49 54 7 33 38 30 4 58 44 50 25 56 57 47 14 18 59 52 1 17 43 0 13 3 8 28 40 32 21 9 37 53 31 6
8405814931855615392 7168
14 2 44 56 57 40 53 36 4 43 23 37 10 29 22 41 58 15 6 49 48 42 59 20 34 27 52 51 39 32 30 55 19 54 8 26 33 18 50 24 9 12 47 13 0 1 28 5 7 16 35 38 46 3 31 25 17 21 45 11
2 52 8 14 19 28 26 51 33 53 37 57 16 1 20 45 55 34 38 13 18 25 48 40 58 11 9 12 59 54 46 7 43 5 21 36 49 35 0 42 10 23 41 24 27 56 4 29 47 30 44 15 22 17 50 3 39 32 31 6
11 19 39 56 32 58 49 42 41 43 21 44 9 50 23 34 51 12 53 10 15 18 46 38 5 6 28 59 48 37 40 1 27 35 54 45 55 30 0 52 25 4 3 7 29 8 57 20 33 24 36 22 2 26 47 13 16 31 14 17
25 44 23 30 38 24 13 46 53 35 51 43 28 52 7 12 27 32 48 26 19 45 17 41 58 36 50 6 1 56 9 47 4 14 20 34 21 49 57 16 8 10 29 2 0 22 55 59 54 3 11 40 33 18 5 42 31 15 37 39
11586458071891002398 7168
25 42 9 31 56 28 37 18 3 29 41 20 54 15 48 0 30 19 58 33 38 32 35 46 14 40 8 44 5 10 26 17 43 50 7 36 39 57 6 49 11 52 27 45 16 34 13 22 1 47 24 12 53 2 51 21 23 59 4 55
20 42 55 8 3 1 47 5 24 59 30 26 58 12 10 18 35 21 49 56 31 19 36 33 51 27 52 57 22 7 54 15 46 41 29 43 16 11 4 53 25 14 50 0 40 13 2 45 23 9 28 48 6 39 44 37 38 32 17 34
16 28 21 52 34 48 42 20 41 25 37 36 47 8 13 58 26 43 35 3 24 32 0 46 14 55 4 44 15 6 57 17 19 50 7 45 33 54 40 49 11 51 10 27 9 56 39 5 1 59 38 12 53 2 31 29 23 30 22 18
20 46 56 15 41 36 53 6 43 31 58 48 32 24 57 44 14 27 3 1 42 47 59 33 9 18 52 54 22 7 39 55 35 29 2 12 16 11 4 19 49 21 50 0 40 34 25 45 23 26 28 30 8 51 13 10 38 37 17 5
11649398998630265951 7168
17 51 26 12 2 57 30 14 23 16 47 34 19 35 10 50 21 5 3 25 4 52 7 8 28 15 27 53 58 6 24 29 13 46 37 39 56 1 54 11 43 32 22 59 31 55 0 49 40 9 42 38 44 18 20 36 45 41 48 33
42 52 25 1 10 41 34 48 39 21 15 19 58 6 47 22 14 36 44 26 43 8 0 59 50 9 20 27 3 40 37 54 57 33 5 2 7 45 31 23 16 55 12 17 51 13 53 30 38 11 49 32 28 46 56 29 24 4 35 18
13 20 8 23 40 21 2 34 16 49 38 15 28 19 26 4 27 51 5 24 55 48 14 22 54 12 46 10 42 11 3 59 7 31 57 37 53 45 29 52 25 50 33 41 36 0 9 6 44 58 1 32 35 56 39 18 30 43 17 47
34 18 22 19 39 20 23 52 13 35 44 40 55 31 57 46 36 51 41 42 25 54 32 10 29 50 4 9 16 38 47 5 1 7 11 15 37 58 17 3 56 2 14 6 49 0 33 21 27 28 53 26 45 12 24 59 30 8 43 48
4629561803621785438 7168
46 27 36 6 21 51 35 20 54 32 26 33 31 28 8 7 11 39 53 19 0 25 59 3 15 55 57 40 52 1 13 18 45 37 9 38 47 4 50 24 56 42 22 44 14 49 58 12 30 17 41 16 29 2 23 43 5 34 10 48
29 39 57 44 26 1 28 46 8 35 42 47 13 12 56 17 48 54 24 50 3 55 5 34 36 16 49 59 33 6 32 25 19 53 51 10 20 18 52 22 43 41 14 4 30 11 40 23 2 9 15 31 21 37 38 7 27 58 45 0
31 41 34 26 25 40 36 43 16 38 3 22 59 42 35 8 23 37 30 10 12 57 5 28 46 24 47 7 49 39 55 56 33 13 6 2 17 4 52 18 44 51 19 0 21 50 53 1 11 54 48 32 29 27 58 45 20 15 9 14
30 54 58 14 55 10 38 24 57 29 32 53 36 17 41 47 21 50 43 40 6 56 19 16 18 2 0 3 51 7 13 45 27 35 15 22 12 33 11 52 59 42 25 8 48 23 39 37 49 5 34 4 26 1 28 31 9 20 44 46
659016911339018100 7168
20 2 34 1 25 46 24 9 21 59 18 57 48 8 30 58 35 39 43 27 12 4 19 45 3 31 52 17 33 41 54 47 50 10 14 5 56 23 51 37 16 36 55 15 13 22 53 44 11 26 49 7 38 6 40 29 0 28 32 42
17 57 47 5 28 27 46 30 22 13 42 10 7 37 9 49 16 50 24 41 53 18 3 26 43 51 8 6 38 23 56 2 29 58 31 45 39 52 54 40 59 11 33 21 36 48 1 34 15 55 44 20 35 12 32 19 4 25 14 0
54 43 15 30 55 32 18 42 6 9 44 25 50 20 13 5 19 48 22 33 59 37 1 36 2 14 40 52 35 17 38 39 27 34 16 4 24 56 49 47 7 21 3 26 57 0 28 31 58 41 29 12 51 46 45 11 53 8 23 10
0 54 57 6 20 17 29 35 32 38 24 5 52 58 45 11 36 27 12 30 23 59 47 48 55 15 39 40 31 51 19 34 16 26 42 22 8 37 10 2 33 49 56 9 21 50 41 14 43 4 53 28 46 13 1 3 18 7 44 25
17521001268818670580 7168
34 59 21 32 24 52 2 28 45 4 48 37 36 41 26 13 57 56 47 1 50 0 39 38 18 43 53 27 7 49 11 12 8 6 42 22 55 30 35 58 54 25 3 46 44 5 33 15 51 9 16 40 19 14 20 17 29 31 10 23
12 44 49 54 2 26 58 56 37 52 42 57 24 14 1 59 20 22 8 47 21 11 38 51 53 19 3 25 34 33 45 46 41 6 10 18 35 4 9 50 16 36 29 31 48 0 5 28 40 43 30 7 15 27 13 32 23 39 55 17
26 55 20 11 36 3 31 28 29 48 27 24 12 33 0 34 46 38 43 44 56 25 59 53 19 32 37 5 18 7 45 41 4 57 52 17 16 21 6 54 22 42 40 15 51 8 1 50 13 30 39 35 47 2 10 58 49 9 14 23
53 28 22 48 18 51 57 39 5 47 11 9 58 42 29 20 30 21 36 31 15 8 2 35 54 55 59 45 1 52 19 44 33 50 25 23 43 56 14 16 12 7 32 26 0 4 37 13 40 27 10 49 6 34 17 41 3 46 24 38
10060378670547010222 7168
7 17 40 25 35 54 10 29 26 53 4 51 28 38 56 39 23 30 12 22 19 5 41 36 33 34 2 46 3 21 14 16 50 43 11 24 0 47 57 58 1 52 59 31 49 9 27 18 13 20 32 37 6 8 42 48 44 55 15 45
12 47 20 1 9 50 5 25 43 58 51 6 36 45 8 0 26 19 24 28 27 39 34 38 14 4 3 7 33 48 31 21 53 57 52 11 56 37 2 18 16 30 54 59 29 15 49 44 17 40 23 13 46 32 10 55 35 42 41 22
52 46 31 18 47 33 3 4 6 20 45 15 49 9 44 36 35 0 29 23 26 53 1 58 14 38 25 5 2 8 43 32 50 54 17 59 51 21 10 55 40 16 30 41 12 22 57 24 27 56 37 39 7 11 48 19 13 34 28 42
59 11 47 20 35 25 34 58 50 48 14 57 26 23 40 51 42 37 44 0 36 17 16 54 38 8 1 5 19 52 46 18 7 22 15 2 31 6 9 10 53 43 3 56 30 49 29 33 13 27 39 32 21 28 24 12 4 55 41 45
14718143970356473825 7168
33 49 9 3 58 8 48 19 38 24 52 51 10 32 22 18 2 41 42 6 44 1 28 35 16 43 7 17 12 20 23 47 5 34 27 31 53 14 37 26 50 57 56 45 46 55 54 15 36 59 13 0 11 39 29 30 21 25 4 40
41 4 34 53 5 20 42 27 14 28 29 2 54 49 6 10 21 15 23 9 0 52 18 3 43 50 58 36 48 12 39 56 38 31 47 51 7 22 40 16 45 33 26 30 57 17 55 24 59 11 19 37 25 35 32 46 1 13 8 44
46 50 11 53 10 47 55 20 41 28 57 2 37 19 56 58 49 51 29 44 59 26 45 23 42 12 38 1 14 34 4 15 39 9 17 24 32 8 30 13 54 48 5 16 31 22 52 7 27 33 40 0 21 36 6 35 18 43 3 25
40 56 37 45 39 23 38 57 9 11 22 48 26 33 12 55 50 10 53 51 17 4 15 18 14 19 43 47 59 42 13 6 28 34 49 52 2 30 3 31 32 0 35 46 5 1 41 20 44 8 25 29 58 7 24 16 21 27 36 54
9656749698645028731 7168
12 49 37 30 47 59 2 24 54 46 48 31 58 25 18 32 42 35 7 5 29 44 26 38 51 23 8 43 20 4 9 13 11 19 56 50 55 36 1 0 52 33 41 57 21 27 28 15 53 6 39 34 3 22 10 16 17 14 40 45
46 1 26 49 27 59 23 35 16 41 20 39 44 29 3 38 52 2 36 21 50 47 24 33 17 5 37 6 14 57 54 48 42 13 7 31 11 32 43 51 55 9 18 8 15 22 56 45 25 58 4 28 0 40 10 30 19 34 53 12
52 49 58 30 47 59 5 10 56 50 48 31 0 25 15 19 42 35 7 11 29 21 26 41 51 34 12 2 37 4 9 13 57 39 54 46 55 23 18 38 33 1 32 53 44 27 28 17 20 6 24 36 8 22 3 16 43 14 40 45
46 39 20 49 52 58 2 35 16 31 25 41 59 29 34 38 32 42 30 27 50 19 24 33 13 5 37 6 14 57 54 48 0 21 7 1 9 17 3 51 55 43 11 8 15 22 56 45 26 44 4 28 23 40 10 36 47 18 53 12
8353705111523760391 7168
18 16 51 39 32 22 43 20 9 17 57 19 6 21 58 33 36 55 24 35 40 54 25 44 49 34 38 3 15 26 2 7 27 23 52 29 48 28 1 31 45 14 13 42 30 0 4 53 41 50 12 37 5 11 46 47 59 8 10 56
51 53 22 27 42 28 49 58 32 41 11 38 16 17 3 37 20 14 50 21 56 52 40 35 10 2 4 7 33 12 36 15 6 29 44 48 45 30 0 8 55 43 26 1 31 25 19 5 9 34 23 59 46 13 24 47 18 54 57 39
52 41 37 7 26 35 29 38 21 1 18 25 54 51 32 20 5 39 47 3 0 53 27 58 12 11 31 36 4 13 6 17 59 43 56 48 40 10 23 42 34 19 16 46 55 9 49 14 44 8 15 33 50 28 57 30 2 22 24 45
15 33 8 0 46 44 38 30 19 55 32 36 13 51 18 7 45 43 31 5 58 59 6 40 47 4 1 34 57 53 24 26 3 54 39 12 23 16 35 20 50 25 41 22 56 2 9 11 42 29 37 49 28 27 21 17 14 52 48 10
17378186227214442500 7168
17 41 52 16 24 42 30 8 6 46 56 45 27 25 51 9 12 43 3 34 7 22 28 50 35 55 13 49 4 57 44 53 54 5 29 20 14 18 58 15 10 39 40 47 0 31 33 1 21 23 19 26 48 2 38 11 32 37 36 59
29 32 17 44 10 50 46 53 59 49 2 58 51 20 39 1 26 24 14 52 56 35 19 45 40 48 34 6 21 13 57 43 11 25 30 36 28 15 42 55 38 33 54 27 31 16 5 7 9 8 22 18 41 37 47 12 3 0 23 4
18 52 41 31 1 23 56 9 22 26 55 12 46 48 33 35 17 2 54 42 47 43 4 8 50 45 49 11 58 51 38 29 0 15 13 57 16 10 32 30 14 7 27 53 20 5 34 25 19 59 39 40 28 36 21 6 44 3 24 37
52 24 59 13 49 58 10 56 2 29 43 50 22 44 25 12 20 55 31 38 48 7 17 40 36 23 35 47 11 0 3 15 9 39 37 42 19 32 4 8 45 14 28 1 30 21 6 54 5 46 18 33 26 27 51 41 34 57 53 16
10135835253655401846 7168
7 30 52 9 1 18 41 14 37 23 45 54 10 48 22 50 2 3 25 56 4 0 29 49 33 38 57 5 46 17 20 42 47 58 35 19 55 28 21 51 6 34 40 44 39 27 31 24 16 32 43 26 11 59 12 36 13 8 15 53
48 45 56 18 1 8 57 41 38 59 10 6 25 35 46 11 26 5 22 34 27 3 12 39 40 50 42 47 49 43 52 14 44 24 17 2 32 13 0 9 36 4 7 37 33 55 19 21 31 20 58 28 15 30 23 51 54 16 29 53
58 40 27 41 4 56 43 3 31 38 33 24 46 54 44 59 22 5 0 57 51 10 55 19 12 18 7 23 53 11 35 25 49 47 13 2 26 16 1 20 6 14 29 50 9 48 45 52 28 15 32 37 8 39 17 42 36 21 30 34
27 13 35 48 26 36 47 54 2 31 50 42 32 25 45 9 28 51 59 37 17 55 58 12 30 3 43 16 49 6 11 40 1 52 33 22 4 56 44 10 20 21 57 24 0 41 15 46 8 34 38 7 14 19 29 53 39 23 18 5
6118316594356324227 7168
37 50 24 0 31 36 43 16 59 46 53 33 52 34 18 39 20 2 4 48 9 26 56 3 1 32 55 14 54 49 25 44 12 35 42 6 58 8 19 11 22 29 28 15 21 30 40 13 51 47 5 57 17 27 45 38 41 7 23 10
17 3 15 31 45 35 33 26 23 10 32 57 55 38 7 27 46 53 0 42 36 43 41 37 22 54 14 9 24 18 40 1 51 12 56 52 19 16 29 39 58 4 11 34 20 8 49 59 6 30 47 25 28 21 13 48 5 50 44 2
44 56 1 54 36 49 5 38 43 50 58 34 40 22 13 47 51 9 12 30 19 39 55 10 37 0 59 32 33 28 26 6 11 48 42 20 52 8 24 14 23 31 18 57 4 15 16 27 41 25 2 3 21 46 7 45 29 17 53 35
15 46 52 27 3 38 5 22 39 16 36 43 26 54 56 21 9 1 31 34 49 35 58 47 50 42 14 6 57 17 59 37 2 51 33 7 29 12 28 13 53 4 40 0 45 18 24 48 11 25 20 32 19 8 30 44 10 23 55 41
5317279329636507986 7168
3 9 20 22 1 28 51 48 31 46 6 52 5 23 16 41 25 34 10 0 15 56 32 57 37 47 49 38 58 33 45 24 19 36 55 2 17 13 29 27 30 14 50 11 43 40 59 7 12 54 8 35 39 4 26 42 18 21 44 53
46 24 14 54 0 47 35 28 57 15 27 25 59 39 30 50 48 37 44 49 32 58 41 12 13 31 6 23 29 52 7 55 38 9 10 3 51 8 33 17 36 18 21 11 2 19 43 34 26 56 53 16 5 40 1 45 20 22 42 4
3 9 10 22 34 28 51 48 31 46 6 52 23 5 16 41 26 53 20 25 50 11 32 57 37 47 49 38 58 13 40 24 19 30 21 2 17 4 29 27 36 15 14 56 0 45 59 7 12 54 8 35 39 33 43 42 18 55 44 1
46 25 14 49 43 47 35 6 17 53 27 50 59 30 1 0 16 37 44 38 18 58 41 12 21 31 3 23 29 52 7 55 54 9 10 32 51 24 4 26 36 28 33 11 2 19 15 34 39 56 13 48 5 40 57 8 20 42 22 45
