FACTOR_PERMUTATION_V1 12 16 1024 1 8
10 0 1 1 1 1 1 1 1 1 1 1 0 0 2 2 2 2 2 2 2 2 2 2 0 0 2 2 2 2 2 2 2 2 2 2
0 10 1 1 1 1 1 1 1 1 1 1 0 0 2 2 2 2 2 2 2 2 2 2 0 0 2 2 2 2 2 2 2 2 2 2
1 1 10 0 1 1 1 1 1 1 1 1 2 2 0 0 2 2 2 2 2 2 2 2 2 2 0 0 2 2 2 2 2 2 2 2
1 1 0 10 1 1 1 1 1 1 1 1 2 2 0 0 2 2 2 2 2 2 2 2 2 2 0 0 2 2 2 2 2 2 2 2
1 1 1 1 10 0 1 1 1 1 1 1 2 2 2 2 0 0 2 2 2 2 2 2 2 2 2 2 0 0 2 2 2 2 2 2
1 1 1 1 0 10 1 1 1 1 1 1 2 2 2 2 0 0 2 2 2 2 2 2 2 2 2 2 0 0 2 2 2 2 2 2
1 1 1 1 1 1 10 0 1 1 1 1 2 2 2 2 2 2 0 0 2 2 2 2 2 2 2 2 2 2 0 0 2 2 2 2
1 1 1 1 1 1 0 10 1 1 1 1 2 2 2 2 2 2 0 0 2 2 2 2 2 2 2 2 2 2 0 0 2 2 2 2
1 1 1 1 1 1 1 1 10 0 1 1 2 2 2 2 2 2 2 2 0 0 2 2 2 2 2 2 2 2 2 2 0 0 2 2
1 1 1 1 1 1 1 1 0 10 1 1 2 2 2 2 2 2 2 2 0 0 2 2 2 2 2 2 2 2 2 2 0 0 2 2
1 1 1 1 1 1 1 1 1 1 10 0 2 2 2 2 2 2 2 2 2 2 0 0 2 2 2 2 2 2 2 2 2 2 0 0
1 1 1 1 1 1 1 1 1 1 0 10 2 2 2 2 2 2 2 2 2 2 0 0 2 2 2 2 2 2 2 2 2 2 0 0
0 0 2 2 2 2 2 2 2 2 2 2 10 0 1 1 1 1 1 1 1 1 1 1 0 0 2 2 2 2 2 2 2 2 2 2
0 0 2 2 2 2 2 2 2 2 2 2 0 10 1 1 1 1 1 1 1 1 1 1 0 0 2 2 2 2 2 2 2 2 2 2
2 2 0 0 2 2 2 2 2 2 2 2 1 1 10 0 1 1 1 1 1 1 1 1 2 2 0 0 2 2 2 2 2 2 2 2
2 2 0 0 2 2 2 2 2 2 2 2 1 1 0 10 1 1 1 1 1 1 1 1 2 2 0 0 2 2 2 2 2 2 2 2
2 2 2 2 0 0 2 2 2 2 2 2 1 1 1 1 10 0 1 1 1 1 1 1 2 2 2 2 0 0 2 2 2 2 2 2
2 2 2 2 0 0 2 2 2 2 2 2 1 1 1 1 0 10 1 1 1 1 1 1 2 2 2 2 0 0 2 2 2 2 2 2
2 2 2 2 2 2 0 0 2 2 2 2 1 1 1 1 1 1 10 0 1 1 1 1 2 2 2 2 2 2 0 0 2 2 2 2
2 2 2 2 2 2 0 0 2 2 2 2 1 1 1 1 1 1 0 10 1 1 1 1 2 2 2 2 2 2 0 0 2 2 2 2
2 2 2 2 2 2 2 2 0 0 2 2 1 1 1 1 1 1 1 1 10 0 1 1 2 2 2 2 2 2 2 2 0 0 2 2
2 2 2 2 2 2 2 2 0 0 2 2 1 1 1 1 1 1 1 1 0 10 1 1 2 2 2 2 2 2 2 2 0 0 2 2
2 2 2 2 2 2 2 2 2 2 0 0 1 1 1 1 1 1 1 1 1 1 10 0 2 2 2 2 2 2 2 2 2 2 0 0
2 2 2 2 2 2 2 2 2 2 0 0 1 1 1 1 1 1 1 1 1 1 0 10 2 2 2 2 2 2 2 2 2 2 0 0
0 0 2 2 2 2 2 2 2 2 2 2 0 0 2 2 2 2 2 2 2 2 2 2 10 0 1 1 1 1 1 1 1 1 1 1
0 0 2 2 2 2 2 2 2 2 2 2 0 0 2 2 2 2 2 2 2 2 2 2 0 10 1 1 1 1 1 1 1 1 1 1
2 2 0 0 2 2 2 2 2 2 2 2 2 2 0 0 2 2 2 2 2 2 2 2 1 1 10 0 1 1 1 1 1 1 1 1
2 2 0 0 2 2 2 2 2 2 2 2 2 2 0 0 2 2 2 2 2 2 2 2 1 1 0 10 1 1 1 1 1 1 1 1
2 2 2 2 0 0 2 2 2 2 2 2 2 2 2 2 0 0 2 2 2 2 2 2 1 1 1 1 10 0 1 1 1 1 1 1
2 2 2 2 0 0 2 2 2 2 2 2 2 2 2 2 0 0 2 2 2 2 2 2 1 1 1 1 0 10 1 1 1 1 1 1
2 2 2 2 2 2 0 0 2 2 2 2 2 2 2 2 2 2 0 0 2 2 2 2 1 1 1 1 1 1 10 0 1 1 1 1
2 2 2 2 2 2 0 0 2 2 2 2 2 2 2 2 2 2 0 0 2 2 2 2 1 1 1 1 1 1 0 10 1 1 1 1
2 2 2 2 2 2 2 2 0 0 2 2 2 2 2 2 2 2 2 2 0 0 2 2 1 1 1 1 1 1 1 1 10 0 1 1
2 2 2 2 2 2 2 2 0 0 2 2 2 2 2 2 2 2 2 2 0 0 2 2 1 1 1 1 1 1 1 1 0 10 1 1
2 2 2 2 2 2 2 2 2 2 0 0 2 2 2 2 2 2 2 2 2 2 0 0 1 1 1 1 1 1 1 1 1 1 10 0
2 2 2 2 2 2 2 2 2 2 0 0 2 2 2 2 2 2 2 2 2 2 0 0 1 1 1 1 1 1 1 1 1 1 0 10
0 2
0 3
0 4
0 5
0 6
0 7
0 8
0 9
0 10
0 11
1 2
1 3
1 4
1 5
1 6
1 7
1 8
1 9
1 10
1 11
2 4
2 5
2 6
2 7
2 8
2 9
2 10
2 11
3 4
3 5
3 6
3 7
3 8
3 9
3 10
3 11
4 6
4 7
4 8
4 9
4 10
4 11
5 6
5 7
5 8
5 9
5 10
5 11
6 8
6 9
6 10
6 11
7 8
7 9
7 10
7 11
8 10
8 11
9 10
9 11
0 2
0 3
0 4
0 5
0 6
0 7
0 8
0 9
0 10
0 11
1 2
1 3
1 4
1 5
1 6
1 7
1 8
1 9
1 10
1 11
2 4
2 5
2 6
2 7
2 8
2 9
2 10
2 11
3 4
3 5
3 6
3 7
3 8
3 9
3 10
3 11
4 6
4 7
4 8
4 9
4 10
4 11
5 6
5 7
5 8
5 9
5 10
5 11
6 8
6 9
6 10
6 11
7 8
7 9
7 10
7 11
8 10
8 11
9 10
9 11
0 2
0 3
0 4
0 5
0 6
0 7
0 8
0 9
0 10
0 11
1 2
1 3
1 4
1 5
1 6
1 7
1 8
1 9
1 10
1 11
2 4
2 5
2 6
2 7
2 8
2 9
2 10
2 11
3 4
3 5
3 6
3 7
3 8
3 9
3 10
3 11
4 6
4 7
4 8
4 9
4 10
4 11
5 6
5 7
5 8
5 9
5 10
5 11
6 8
6 9
6 10
6 11
7 8
7 9
7 10
7 11
8 10
8 11
9 10
9 11
7992658662776394817 5120
26 19 49 50 11 34 53 0 17 25 33 13 27 8 40 23 36 35 30 59 57 41 15 58 4 12 32 3 46 16 45 37 56 54 51 20 39 38 1 55 5 10 7 6 29 14 31 21 24 22 52 48 47 44 28 42 18 43 9 2
13 40 17 19 33 44 22 30 42 7 4 35 6 47 39 12 52 18 26 43 21 58 38 32 14 50 36 55 48 20 8 3 49 54 45 23 11 9 10 57 27 25 2 24 53 0 15 28 41 56 51 34 5 59 1 46 31 16 37 29
41 18 42 48 25 56 46 37 21 52 50 54 6 36 34 12 59 47 28 40 15 16 45 17 3 53 33 0 44 51 57 30 31 4 9 39 13 35 8 11 5 22 27 26 49 55 23 14 2 58 20 1 24 10 7 43 32 19 38 29
42 18 58 47 19 22 39 1 57 13 2 55 20 24 46 9 43 51 17 31 26 11 48 41 23 28 5 40 0 8 37 4 12 59 32 50 49 16 3 35 44 7 10 53 29 25 36 52 34 30 38 45 56 54 27 33 14 6 21 15
13146254849028266776 5120
18 49 28 0 7 21 54 12 48 36 46 22 30 20 52 53 3 51 38 23 14 44 33 26 27 43 5 35 58 24 13 6 59 55 1 42 15 9 37 39 34 25 16 17 50 8 19 31 57 10 11 40 29 56 41 32 4 47 45 2
38 52 27 17 33 58 37 48 25 47 24 16 26 59 21 18 28 13 15 41 49 19 12 20 39 3 1 56 7 51 43 40 50 10 44 8 53 11 32 6 14 54 34 23 5 4 46 30 0 36 2 22 42 57 55 45 29 9 31 35
45 17 26 53 51 47 24 19 43 34 57 42 4 16 40 56 3 1 15 25 32 22 49 13 9 41 5 11 27 28 8 52 58 18 44 59 7 10 14 0 38 48 20 12 55 30 6 31 23 50 39 21 35 54 33 2 37 46 29 36
29 55 35 19 48 20 23 22 24 36 2 16 26 46 10 27 11 51 39 42 5 12 41 45 34 15 49 54 7 33 38 30 4 58 44 50 25 56 57 47 14 18 59 52 1 17 43 0 13 3 8 28 40 32 21 9 37 53 31 6
1744946144588228118 5120
5 33 10 46 13 48 36 58 51 41 18 47 27 59 28 7 43 16 34 52 17 40 11 21 4 55 44 49 50 45 42 9 15 3 6 37 53 56 29 0 39 32 22 35 30 31 24 38 57 2 26 23 19 8 12 1 54 25 20 14
24 26 38 57 58 34 36 29 5 53 35 16 20 50 14 30 0 22 42 21 11 46 44 31 12 32 49 37 52 4 17 56 8 54 55 7 47 3 9 13 23 40 27 2 59 33 19 1 28 41 39 43 25 15 48 51 10 6 18 45
11 19 39 56 32 58 49 42 41 43 21 44 9 50 23 34 51 12 53 10 15 18 46 38 5 6 28 59 48 37 40 1 27 35 54 45 55 30 0 52 25 4 3 7 29 8 57 20 33 24 36 22 2 26 47 13 16 31 14 17
25 44 23 30 38 24 13 46 53 35 51 43 28 52 7 12 27 32 48 26 19 45 17 41 58 36 50 6 1 56 9 47 4 14 20 34 21 49 57 16 8 10 29 2 0 22 55 59 54 3 11 40 33 18 5 42 31 15 37 39
10930550227492086278 5120
32 28 9 21 34 45 51 33 53 15 57 43 26 59 4 50 31 14 5 44 38 13 49 46 17 23 8 24 27 52 55 25 56 6 30 40 16 0 22 11 47 1 39 48 19 7 42 54 18 35 10 3 20 12 58 36 29 2 41 37
13 26 38 42 48 54 34 17 49 21 16 6 30 23 40 56 35 7 25 37 8 14 47 45 51 9 2 41 58 3 57 4 31 50 46 0 5 19 43 20 10 32 11 28 29 53 24 18 27 12 44 55 39 15 33 1 36 22 52 59
26 57 48 1 31 43 32 36 53 34 6 42 35 15 58 44 52 33 51 54 30 24 40 41 55 12 7 45 18 4 56 29 37 0 38 14 5 39 49 27 10 16 19 9 3 13 11 25 21 59 23 20 50 46 22 28 2 17 8 47
48 57 59 22 28 32 58 9 20 13 45 37 36 55 34 0 29 51 44 38 7 30 15 54 4 50 5 10 1 41 2 43 25 46 11 17 47 12 26 52 21 56 24 40 53 18 6 19 39 3 16 35 27 33 8 42 14 31 49 23
2101726083647921108 5120
57 43 45 27 7 2 18 37 50 59 16 35 53 49 32 17 56 5 31 24 34 44 39 10 40 33 41 4 54 1 52 29 8 48 3 42 36 58 9 13 47 51 26 19 30 15 38 6 20 0 21 11 46 14 12 55 23 28 25 22
5 40 49 6 20 58 35 30 16 10 46 44 27 43 51 3 36 18 26 34 13 31 9 14 50 39 47 24 7 48 25 4 37 19 28 0 41 32 1 54 23 57 52 56 12 59 2 33 55 22 17 53 11 45 38 15 21 8 42 29
13 20 8 23 40 21 2 34 16 49 38 15 28 19 26 4 27 51 5 24 55 48 14 22 54 12 46 10 42 11 3 59 7 31 57 37 53 45 29 52 25 50 33 41 36 0 9 6 44 58 1 32 35 56 39 18 30 43 17 47
34 18 22 19 39 20 23 52 13 35 44 40 55 31 57 46 36 51 41 42 25 54 32 10 29 50 4 9 16 38 47 5 1 7 11 15 37 58 17 3 56 2 14 6 49 0 33 21 27 28 53 26 45 12 24 59 30 8 43 48
8024294635734084420 5120
45 56 7 48 39 14 51 3 31 30 40 19 29 57 23 37 11 8 32 28 55 58 4 27 10 34 5 17 9 20 25 18 53 26 44 24 43 59 21 12 16 46 13 33 1 22 52 15 6 35 54 0 36 47 41 42 2 38 49 50
46 52 58 14 57 23 55 44 7 32 53 3 56 34 24 54 41 33 47 18 0 5 45 49 8 43 28 48 42 31 13 50 19 35 37 2 17 16 6 25 30 59 11 21 40 9 26 39 10 36 20 1 38 15 22 12 27 4 51 29
31 41 34 26 25 40 36 43 16 38 3 22 59 42 35 8 23 37 30 10 12 57 5 28 46 24 47 7 49 39 55 56 33 13 6 2 17 4 52 18 44 51 19 0 21 50 53 1 11 54 48 32 29 27 58 45 20 15 9 14
30 54 58 14 55 10 38 24 57 29 32 53 36 17 41 47 21 50 43 40 6 56 19 16 18 2 0 3 51 7 13 45 27 35 15 22 12 33 11 52 59 42 25 8 48 23 39 37 49 5 34 4 26 1 28 31 9 20 44 46
6202235782661296358 5120
56 46 27 53 25 57 20 30 49 31 9 47 52 2 16 0 40 50 18 39 5 15 41 34 8 51 17 59 33 58 19 12 24 1 48 36 7 26 14 38 45 44 42 6 32 10 11 4 28 3 35 43 21 37 22 23 54 55 29 13
15 56 30 28 24 6 20 12 45 31 53 7 26 58 29 55 52 11 22 48 51 19 54 13 21 8 46 49 25 37 1 40 18 35 47 23 16 4 43 57 27 36 2 33 42 50 44 10 41 9 38 0 14 34 59 3 17 32 5 39
54 43 15 30 55 32 18 42 6 9 44 25 50 20 13 5 19 48 22 33 59 37 1 36 2 14 40 52 35 17 38 39 27 34 16 4 24 56 49 47 7 21 3 26 57 0 28 31 58 41 29 12 51 46 45 11 53 8 23 10
0 54 57 6 20 17 29 35 32 38 24 5 52 58 45 11 36 27 12 30 23 59 47 48 55 15 39 40 31 51 19 34 16 26 42 22 8 37 10 2 33 49 56 9 21 50 41 14 43 4 53 28 46 13 1 3 18 7 44 25
15873084135988517506 5120
1 47 54 9 20 29 7 43 58 22 50 32 56 51 27 33 30 24 39 6 49 28 52 3 37 23 44 12 8 57 18 38 10 45 15 4 31 34 21 41 11 13 17 26 55 2 42 48 0 59 16 14 53 19 5 40 25 35 46 36
26 23 40 47 55 21 4 48 12 17 58 18 10 39 3 37 44 7 42 32 50 16 46 59 31 57 11 27 5 49 34 2 20 19 0 25 41 6 28 30 9 45 24 8 29 33 38 1 14 54 35 52 36 15 22 56 43 53 51 13
26 55 20 11 36 3 31 28 29 48 27 24 12 33 0 34 46 38 43 44 56 25 59 53 19 32 37 5 18 7 45 41 4 57 52 17 16 21 6 54 22 42 40 15 51 8 1 50 13 30 39 35 47 2 10 58 49 9 14 23
53 28 22 48 18 51 57 39 5 47 11 9 58 42 29 20 30 21 36 31 15 8 2 35 54 55 59 45 1 52 19 44 33 50 25 23 43 56 14 16 12 7 32 26 0 4 37 13 40 27 10 49 6 34 17 41 3 46 24 38
5118261935974448261 5120
58 2 27 35 57 30 28 46 34 44 10 59 8 50 36 55 48 22 9 23 42 32 39 45 43 1 14 26 19 4 24 53 12 47 25 54 5 37 20 16 7 29 33 18 0 3 21 13 11 51 56 6 15 31 38 41 52 17 40 49
57 50 26 16 10 6 36 23 24 52 51 9 14 20 47 27 35 54 38 45 53 48 41 56 5 17 39 3 25 32 7 21 43 29 34 13 30 49 59 28 55 12 58 22 19 46 15 33 1 44 18 8 40 31 11 4 2 42 37 0
52 46 31 18 47 33 3 4 6 20 45 15 49 9 44 36 35 0 29 23 26 53 1 58 14 38 25 5 2 8 43 32 50 54 17 59 51 21 10 55 40 16 30 41 12 22 57 24 27 56 37 39 7 11 48 19 13 34 28 42
59 11 47 20 35 25 34 58 50 48 14 57 26 23 40 51 42 37 44 0 36 17 16 54 38 8 1 5 19 52 46 18 7 22 15 2 31 6 9 10 53 43 3 56 30 49 29 33 13 27 39 32 21 28 24 12 4 55 41 45
1240864220508430217 5120
46 7 35 41 40 26 18 9 42 5 11 36 0 30 44 39 48 54 58 16 10 23 8 49 3 1 52 45 6 57 37 47 29 53 14 27 22 15 34 43 31 13 2 17 24 33 12 4 25 51 59 28 56 55 20 32 21 19 38 50
36 33 39 22 42 1 25 37 59 23 16 26 51 18 0 5 29 30 43 31 17 6 2 54 27 58 38 19 15 4 28 24 48 9 20 3 47 35 50 8 55 21 56 45 53 41 34 44 11 10 7 40 32 46 49 13 12 52 14 57
46 50 11 53 10 47 55 20 41 28 57 2 37 19 56 58 49 51 29 44 59 26 45 23 42 12 38 1 14 34 4 15 39 9 17 24 32 8 30 13 54 48 5 16 31 22 52 7 27 33 40 0 21 36 6 35 18 43 3 25
40 56 37 45 39 23 38 57 9 11 22 48 26 33 12 55 50 10 53 51 17 4 15 18 14 19 43 47 59 42 13 6 28 34 49 52 2 30 3 31 32 0 35 46 5 1 41 20 44 8 25 29 58 7 24 16 21 27 36 54
14421633283968392785 5120
59 6 23 40 9 37 25 38 55 1 22 29 57 5 45 4 10 15 44 53 47 32 19 51 54 42 46 7 17 30 56 2 16 35 43 36 34 8 13 18 33 3 21 12 11 58 49 48 31 14 39 20 41 26 28 24 0 52 50 27
51 43 27 10 28 53 56 21 25 24 7 2 11 29 20 47 19 18 14 16 5 50 13 44 36 54 57 8 48 49 30 58 59 3 17 35 23 12 52 26 46 42 33 32 40 4 31 41 9 22 15 6 0 1 55 39 37 34 45 38
46 51 1 42 19 17 27 26 5 37 35 18 2 59 38 39 30 54 32 14 22 36 20 6 4 28 16 55 47 12 33 48 52 11 43 0 8 10 56 45 53 15 34 25 23 9 31 24 41 49 3 13 29 21 58 40 7 44 57 50
41 16 8 22 21 43 7 38 26 34 55 46 33 29 56 11 37 0 32 20 49 1 52 45 59 27 53 12 24 58 4 18 5 48 3 23 28 31 15 14 19 39 17 9 50 51 44 13 36 35 57 10 30 40 25 6 54 47 2 42
12321412763673207118 5120
37 46 36 27 8 1 57 38 43 25 44 35 0 41 55 20 31 50 42 3 4 30 7 39 5 9 16 22 6 11 52 17 26 49 54 15 23 32 19 48 24 53 14 34 56 47 45 40 29 51 10 28 59 18 21 13 12 58 2 33
5 51 56 44 40 24 4 25 26 37 32 2 38 36 16 58 39 12 59 15 19 50 45 17 34 42 29 0 18 22 8 41 35 6 23 28 11 48 7 21 55 54 27 1 20 33 14 53 43 57 30 9 10 52 49 13 31 3 47 46
29 53 27 35 8 20 41 24 2 34 42 33 37 11 49 55 0 19 36 23 50 52 17 30 43 54 39 16 51 22 9 31 58 44 5 3 47 56 21 1 59 15 32 7 25 14 46 45 18 40 10 6 57 26 13 38 12 48 4 28
58 46 24 51 11 59 37 30 22 44 20 38 33 56 27 13 39 53 3 49 50 6 12 47 9 25 15 10 32 36 16 8 21 14 35 52 0 18 5 54 2 57 55 34 19 1 42 17 29 41 48 43 28 45 31 4 23 7 26 40
8965533273737450184 5120
43 8 41 56 21 33 17 30 2 34 52 25 31 59 18 1 46 11 5 29 0 58 42 14 50 7 36 37 12 23 54 3 57 19 16 40 45 48 27 6 55 51 9 39 13 15 35 53 38 26 44 32 28 20 10 24 49 22 47 4
9 36 37 23 8 50 14 30 59 3 10 48 35 56 47 45 16 11 38 42 6 1 53 34 20 40 51 17 46 54 44 31 0 41 4 22 39 52 33 43 26 32 7 15 24 58 13 21 18 55 28 25 27 19 49 2 29 57 5 12
18 52 41 31 1 23 56 9 22 26 55 12 46 48 33 35 17 2 54 42 47 43 4 8 50 45 49 11 58 51 38 29 0 15 13 57 16 10 32 30 14 7 27 53 20 5 34 25 19 59 39 40 28 36 21 6 44 3 24 37
52 24 59 13 49 58 10 56 2 29 43 50 22 44 25 12 20 55 31 38 48 7 17 40 36 23 35 47 11 0 3 15 9 39 37 42 19 32 4 8 45 14 28 1 30 21 6 54 5 46 18 33 26 27 51 41 34 57 53 16
9918116532129521059 5120
45 32 18 56 0 3 40 57 4 21 59 43 22 35 31 47 20 55 48 5 27 10 54 52 42 30 33 6 9 19 58 26 36 51 25 34 29 41 12 46 2 16 15 23 7 38 50 1 24 39 53 28 11 49 44 17 37 13 8 14
59 56 35 33 2 58 8 21 44 25 29 22 34 3 17 31 26 7 45 24 52 47 12 38 16 36 14 18 10 4 42 49 53 40 13 43 23 39 50 51 11 9 28 57 48 19 20 32 30 55 54 46 27 1 0 41 6 37 15 5
58 40 27 41 4 56 43 3 31 38 33 24 46 54 44 59 22 5 0 57 51 10 55 19 12 18 7 23 53 11 35 25 49 47 13 2 26 16 1 20 6 14 29 50 9 48 45 52 28 15 32 37 8 39 17 42 36 21 30 34
27 13 35 48 26 36 47 54 2 31 50 42 32 25 45 9 28 51 59 37 17 55 58 12 30 3 43 16 49 6 11 40 1 52 33 22 4 56 44 10 20 21 57 24 0 41 15 46 8 34 38 7 14 19 29 53 39 23 18 5
7192680156757676808 5120
8 27 45 31 29 55 50 10 3 24 38 47 59 22 11 34 5 36 53 13 28 17 9 39 23 12 57 49 44 48 41 58 54 18 14 7 37 0 1 19 35 26 56 16 52 21 4 15 2 46 6 42 51 33 32 43 40 20 25 30
58 42 0 54 14 44 35 55 37 49 36 33 31 48 47 8 25 21 4 43 53 50 3 6 16 52 38 17 2 9 29 24 41 18 32 5 19 45 46 15 27 1 23 40 12 10 51 28 56 39 22 20 57 30 59 26 11 13 34 7
44 56 1 54 36 49 5 38 43 50 58 34 40 22 13 47 51 9 12 30 19 39 55 10 37 0 59 32 33 28 26 6 11 48 42 20 52 8 24 14 23 31 18 57 4 15 16 27 41 25 2 3 21 46 7 45 29 17 53 35
15 46 52 27 3 38 5 22 39 16 36 43 26 54 56 21 9 1 31 34 49 35 58 47 50 42 14 6 57 17 59 37 2 51 33 7 29 12 28 13 53 4 40 0 45 18 24 48 11 25 20 32 19 8 30 44 10 23 55 41
5800187062649292536 5120
18 26 42 12 44 49 2 25 23 55 0 41 28 13 57 11 53 48 29 4 58 27 19 39 35 9 24 45 16 17 50 37 15 47 59 1 51 5 43 31 7 22 46 8 54 30 36 20 32 10 33 6 56 38 21 34 40 3 52 14
20 46 26 24 33 39 36 29 44 19 38 34 16 58 8 27 59 50 10 22 17 14 6 28 12 30 25 48 42 53 57 0 31 51 13 23 52 40 49 4 32 15 41 18 35 7 9 5 3 2 55 54 1 43 11 45 37 56 21 47
43 33 50 28 0 29 13 54 16 23 17 58 26 4 46 52 10 11 37 22 8 38 25 41 30 45 51 36 19 55 3 40 12 49 2 9 57 44 53 24 18 7 15 47 6 56 59 48 34 14 31 39 21 5 32 27 20 1 42 35
57 43 1 14 48 54 35 53 28 10 49 26 32 55 34 3 46 41 44 42 36 27 8 11 2 20 17 40 37 29 7 5 50 47 45 38 13 16 58 19 24 12 15 22 31 6 0 56 21 59 33 30 51 18 39 25 9 52 4 23
