FACTOR_PERMUTATION_V1 12 16 1024 1 8
10 0 1 1 1 1 1 1 1 1 1 1 0 0 2 2 2 2 2 2 2 2 2 2 0 0 2 2 2 2 2 2 2 2 2 2
0 10 1 1 1 1 1 1 1 1 1 1 0 0 2 2 2 2 2 2 2 2 2 2 0 0 2 2 2 2 2 2 2 2 2 2
1 1 10 0 1 1 1 1 1 1 1 1 2 2 0 0 2 2 2 2 2 2 2 2 2 2 0 0 2 2 2 2 2 2 2 2
1 1 0 10 1 1 1 1 1 1 1 1 2 2 0 0 2 2 2 2 2 2 2 2 2 2 0 0 2 2 2 2 2 2 2 2
1 1 1 1 10 0 1 1 1 1 1 1 2 2 2 2 0 0 2 2 2 2 2 2 2 2 2 2 0 0 2 2 2 2 2 2
1 1 1 1 0 10 1 1 1 1 1 1 2 2 2 2 0 0 2 2 2 2 2 2 2 2 2 2 0 0 2 2 2 2 2 2
1 1 1 1 1 1 10 0 1 1 1 1 2 2 2 2 2 2 0 0 2 2 2 2 2 2 2 2 2 2 0 0 2 2 2 2
1 1 1 1 1 1 0 10 1 1 1 1 2 2 2 2 2 2 0 0 2 2 2 2 2 2 2 2 2 2 0 0 2 2 2 2
1 1 1 1 1 1 1 1 10 0 1 1 2 2 2 2 2 2 2 2 0 0 2 2 2 2 2 2 2 2 2 2 0 0 2 2
1 1 1 1 1 1 1 1 0 10 1 1 2 2 2 2 2 2 2 2 0 0 2 2 2 2 2 2 2 2 2 2 0 0 2 2
1 1 1 1 1 1 1 1 1 1 10 0 2 2 2 2 2 2 2 2 2 2 0 0 2 2 2 2 2 2 2 2 2 2 0 0
1 1 1 1 1 1 1 1 1 1 0 10 2 2 2 2 2 2 2 2 2 2 0 0 2 2 2 2 2 2 2 2 2 2 0 0
0 0 2 2 2 2 2 2 2 2 2 2 10 0 1 1 1 1 1 1 1 1 1 1 0 0 2 2 2 2 2 2 2 2 2 2
0 0 2 2 2 2 2 2 2 2 2 2 0 10 1 1 1 1 1 1 1 1 1 1 0 0 2 2 2 2 2 2 2 2 2 2
2 2 0 0 2 2 2 2 2 2 2 2 1 1 10 0 1 1 1 1 1 1 1 1 2 2 0 0 2 2 2 2 2 2 2 2
2 2 0 0 2 2 2 2 2 2 2 2 1 1 0 10 1 1 1 1 1 1 1 1 2 2 0 0 2 2 2 2 2 2 2 2
2 2 2 2 0 0 2 2 2 2 2 2 1 1 1 1 10 0 1 1 1 1 1 1 2 2 2 2 0 0 2 2 2 2 2 2
2 2 2 2 0 0 2 2 2 2 2 2 1 1 1 1 0 10 1 1 1 1 1 1 2 2 2 2 0 0 2 2 2 2 2 2
2 2 2 2 2 2 0 0 2 2 2 2 1 1 1 1 1 1 10 0 1 1 1 1 2 2 2 2 2 2 0 0 2 2 2 2
2 2 2 2 2 2 0 0 2 2 2 2 1 1 1 1 1 1 0 10 1 1 1 1 2 2 2 2 2 2 0 0 2 2 2 2
2 2 2 2 2 2 2 2 0 0 2 2 1 1 1 1 1 1 1 1 10 0 1 1 2 2 2 2 2 2 2 2 0 0 2 2
2 2 2 2 2 2 2 2 0 0 2 2 1 1 1 1 1 1 1 1 0 10 1 1 2 2 2 2 2 2 2 2 0 0 2 2
2 2 2 2 2 2 2 2 2 2 0 0 1 1 1 1 1 1 1 1 1 1 10 0 2 2 2 2 2 2 2 2 2 2 0 0
2 2 2 2 2 2 2 2 2 2 0 0 1 1 1 1 1 1 1 1 1 1 0 10 2 2 2 2 2 2 2 2 2 2 0 0
0 0 2 2 2 2 2 2 2 2 2 2 0 0 2 2 2 2 2 2 2 2 2 2 10 0 1 1 1 1 1 1 1 1 1 1
0 0 2 2 2 2 2 2 2 2 2 2 0 0 2 2 2 2 2 2 2 2 2 2 0 10 1 1 1 1 1 1 1 1 1 1
2 2 0 0 2 2 2 2 2 2 2 2 2 2 0 0 2 2 2 2 2 2 2 2 1 1 10 0 1 1 1 1 1 1 1 1
2 2 0 0 2 2 2 2 2 2 2 2 2 2 0 0 2 2 2 2 2 2 2 2 1 1 0 10 1 1 1 1 1 1 1 1
2 2 2 2 0 0 2 2 2 2 2 2 2 2 2 2 0 0 2 2 2 2 2 2 1 1 1 1 10 0 1 1 1 1 1 1
2 2 2 2 0 0 2 2 2 2 2 2 2 2 2 2 0 0 2 2 2 2 2 2 1 1 1 1 0 10 1 1 1 1 1 1
2 2 2 2 2 2 0 0 2 2 2 2 2 2 2 2 2 2 0 0 2 2 2 2 1 1 1 1 1 1 10 0 1 1 1 1
2 2 2 2 2 2 0 0 2 2 2 2 2 2 2 2 2 2 0 0 2 2 2 2 1 1 1 1 1 1 0 10 1 1 1 1
2 2 2 2 2 2 2 2 0 0 2 2 2 2 2 2 2 2 2 2 0 0 2 2 1 1 1 1 1 1 1 1 10 0 1 1
2 2 2 2 2 2 2 2 0 0 2 2 2 2 2 2 2 2 2 2 0 0 2 2 1 1 1 1 1 1 1 1 0 10 1 1
2 2 2 2 2 2 2 2 2 2 0 0 2 2 2 2 2 2 2 2 2 2 0 0 1 1 1 1 1 1 1 1 1 1 10 0
2 2 2 2 2 2 2 2 2 2 0 0 2 2 2 2 2 2 2 2 2 2 0 0 1 1 1 1 1 1 1 1 1 1 0 10
0 2
0 3
0 4
0 5
0 6
0 7
0 8
0 9
0 10
0 11
1 2
1 3
1 4
1 5
1 6
1 7
1 8
1 9
1 10
1 11
2 4
2 5
2 6
2 7
2 8
2 9
2 10
2 11
3 4
3 5
3 6
3 7
3 8
3 9
3 10
3 11
4 6
4 7
4 8
4 9
4 10
4 11
5 6
5 7
5 8
5 9
5 10
5 11
6 8
6 9
6 10
6 11
7 8
7 9
7 10
7 11
8 10
8 11
9 10
9 11
0 2
0 3
0 4
0 5
0 6
0 7
0 8
0 9
0 10
0 11
1 2
1 3
1 4
1 5
1 6
1 7
1 8
1 9
1 10
1 11
2 4
2 5
2 6
2 7
2 8
2 9
2 10
2 11
3 4
3 5
3 6
3 7
3 8
3 9
3 10
3 11
4 6
4 7
4 8
4 9
4 10
4 11
5 6
5 7
5 8
5 9
5 10
5 11
6 8
6 9
6 10
6 11
7 8
7 9
7 10
7 11
8 10
8 11
9 10
9 11
0 2
0 3
0 4
0 5
0 6
0 7
0 8
0 9
0 10
0 11
1 2
1 3
1 4
1 5
1 6
1 7
1 8
1 9
1 10
1 11
2 4
2 5
2 6
2 7
2 8
2 9
2 10
2 11
3 4
3 5
3 6
3 7
3 8
3 9
3 10
3 11
4 6
4 7
4 8
4 9
4 10
4 11
5 6
5 7
5 8
5 9
5 10
5 11
6 8
6 9
6 10
6 11
7 8
7 9
7 10
7 11
8 10
8 11
9 10
9 11
6740617377098918566 4096
23 40 59 11 33 25 3 54 32 37 31 57 39 9 52 55 30 42 7 0 48 28 27 47 12 45 46 49 5 19 6 24 36 41 13 53 10 1 51 18 8 56 14 26 22 50 35 2 16 17 38 15 43 4 29 34 58 20 44 21
12 36 53 51 50 58 23 27 18 11 38 37 44 40 5 17 6 15 13 24 46 1 2 45 59 26 7 9 56 32 35 57 43 8 55 33 54 21 10 3 41 52 39 31 29 49 47 16 22 19 0 42 34 25 48 20 30 28 4 14
41 18 42 48 25 56 46 37 21 52 50 54 6 36 34 12 59 47 28 40 15 16 45 17 3 53 33 0 44 51 57 30 31 4 9 39 13 35 8 11 5 22 27 26 49 55 23 14 2 58 20 1 24 10 7 43 32 19 38 29
42 18 58 47 19 22 39 1 57 13 2 55 20 24 46 9 43 51 17 31 26 11 48 41 23 28 5 40 0 8 37 4 12 59 32 50 49 16 3 35 44 7 10 53 29 25 36 52 34 30 38 45 56 54 27 33 14 6 21 15
11574799233404879648 4096
51 40 27 25 1 7 57 19 42 12 48 16 37 9 24 8 33 29 56 30 31 54 47 41 2 39 53 11 34 22 38 21 13 36 10 45 14 4 55 26 0 43 18 35 28 49 20 46 15 3 5 52 59 58 32 23 44 50 17 6
1 20 30 41 31 47 44 54 35 13 8 16 48 17 40 33 18 55 39 56 43 36 38 37 50 11 24 12 14 42 0 46 49 9 3 15 19 27 51 52 6 7 5 4 57 58 59 25 26 23 21 34 2 32 45 53 10 29 28 22
54 38 55 7 30 41 50 9 43 11 24 29 52 53 32 39 13 3 35 14 28 33 57 21 31 40 15 45 22 48 56 4 19 10 42 59 8 34 26 17 44 5 18 6 47 20 16 37 25 46 1 0 12 51 27 36 2 23 49 58
38 30 17 25 42 18 0 10 32 26 56 41 3 7 20 23 6 34 55 33 8 14 31 16 47 37 21 59 46 19 45 5 36 57 58 13 28 53 51 1 9 48 50 44 54 11 27 2 40 22 52 15 35 29 39 24 49 43 12 4
10329218604817779853 4096
17 36 30 24 26 13 6 34 40 47 55 20 0 12 23 22 46 44 41 53 39 31 32 28 16 8 10 33 59 9 15 42 19 1 48 21 27 18 49 29 5 56 57 4 25 54 58 51 35 43 45 38 50 3 7 2 52 37 14 11
27 5 1 50 42 55 29 38 53 8 3 14 23 32 57 56 22 34 41 39 15 59 45 46 33 52 37 44 9 13 17 35 0 4 16 2 21 7 58 47 40 36 28 20 12 11 31 25 19 6 26 24 54 10 48 49 43 51 18 30
11 19 39 56 32 58 49 42 41 43 21 44 9 50 23 34 51 12 53 10 15 18 46 38 5 6 28 59 48 37 40 1 27 35 54 45 55 30 0 52 25 4 3 7 29 8 57 20 33 24 36 22 2 26 47 13 16 31 14 17
25 44 23 30 38 24 13 46 53 35 51 43 28 52 7 12 27 32 48 26 19 45 17 41 58 36 50 6 1 56 9 47 4 14 20 34 21 49 57 16 8 10 29 2 0 22 55 59 54 3 11 40 33 18 5 42 31 15 37 39
6359768113649239499 4096
30 46 23 18 24 43 17 8 48 57 4 15 34 59 2 44 35 20 16 54 58 12 56 41 55 31 52 45 40 6 32 29 14 21 38 37 5 11 49 27 10 51 19 1 50 42 39 25 28 26 47 33 9 3 22 53 13 36 7 0
10 31 59 58 22 32 28 9 41 42 45 56 36 51 34 0 29 20 47 21 8 48 25 13 4 46 23 33 17 5 2 43 53 27 11 1 44 24 26 52 38 57 30 7 6 18 15 3 16 55 39 54 50 35 40 12 14 19 49 37
26 57 48 1 31 43 32 36 53 34 6 42 35 15 58 44 52 33 51 54 30 24 40 41 55 12 7 45 18 4 56 29 37 0 38 14 5 39 49 27 10 16 19 9 3 13 11 25 21 59 23 20 50 46 22 28 2 17 8 47
48 57 59 22 28 32 58 9 20 13 45 37 36 55 34 0 29 51 44 38 7 30 15 54 4 50 5 10 1 41 2 43 25 46 11 17 47 12 26 52 21 56 24 40 53 18 6 19 39 3 16 35 27 33 8 42 14 31 49 23
9417877546330682730 4096
16 42 7 28 33 35 43 17 8 21 40 15 54 4 10 25 27 49 23 32 47 37 1 57 2 12 13 50 51 22 3 19 55 38 46 58 53 14 52 5 20 31 26 11 44 0 48 24 18 9 30 59 56 6 39 41 36 34 45 29
42 22 8 52 1 38 21 23 36 31 33 3 13 16 49 40 9 56 19 37 25 27 59 17 5 18 20 47 28 54 44 57 58 14 6 15 32 50 11 4 53 26 48 51 30 41 12 0 39 45 34 2 43 35 29 24 55 7 46 10
21 44 59 22 12 33 34 57 55 54 52 9 31 45 25 28 10 18 43 42 14 48 58 24 13 35 11 8 20 15 49 3 17 30 50 19 27 40 51 32 7 5 6 46 4 16 41 23 1 47 2 29 0 36 26 38 56 53 39 37
56 16 33 18 0 40 17 34 9 42 47 13 55 48 12 26 59 46 38 30 19 1 57 21 53 15 6 58 50 28 3 41 4 36 39 52 5 24 29 51 10 32 7 37 20 27 49 54 44 25 31 45 43 8 22 2 14 23 35 11
11314459858136092104 4096
20 36 49 26 44 12 19 46 42 27 3 58 35 38 41 39 23 15 25 10 7 30 40 21 48 28 59 16 51 4 1 43 55 13 56 2 8 34 47 22 6 14 9 0 24 50 54 52 11 53 17 37 45 32 5 57 18 31 29 33
54 8 41 12 34 23 57 21 44 39 27 48 13 33 42 29 56 19 43 18 16 11 53 38 40 37 22 1 30 46 7 17 5 36 10 45 6 51 32 25 47 9 59 28 55 24 3 50 4 14 58 52 26 2 0 49 15 20 35 31
19 23 33 3 48 18 47 2 25 57 30 17 42 45 43 41 9 35 22 58 27 55 13 32 39 37 5 54 31 36 1 8 12 53 52 21 6 26 7 29 51 50 4 34 14 16 24 38 56 10 28 20 59 46 40 49 44 15 11 0
37 4 22 59 21 29 11 30 55 24 57 41 34 44 25 45 36 58 20 43 9 10 8 49 26 28 46 33 19 48 38 40 7 6 50 18 35 17 27 16 15 3 0 5 51 52 32 14 13 12 54 31 1 23 56 39 2 53 47 42
11964351246974283812 4096
52 31 17 29 53 41 39 5 18 11 42 2 59 47 32 0 26 30 37 46 25 1 49 50 33 14 23 27 15 20 40 8 45 36 48 7 10 51 16 4 35 56 55 34 13 43 24 21 6 9 38 58 19 44 12 22 3 28 54 57
31 34 27 5 56 39 43 1 29 38 53 36 58 24 35 4 15 13 25 57 28 54 32 8 49 55 17 0 6 48 47 14 30 26 9 23 7 33 3 52 12 37 45 10 21 19 50 59 18 22 42 46 44 2 11 41 51 40 20 16
54 43 15 30 55 32 18 42 6 9 44 25 50 20 13 5 19 48 22 33 59 37 1 36 2 14 40 52 35 17 38 39 27 34 16 4 24 56 49 47 7 21 3 26 57 0 28 31 58 41 29 12 51 46 45 11 53 8 23 10
0 54 57 6 20 17 29 35 32 38 24 5 52 58 45 11 36 27 12 30 23 59 47 48 55 15 39 40 31 51 19 34 16 26 42 22 8 37 10 2 33 49 56 9 21 50 41 14 43 4 53 28 46 13 1 3 18 7 44 25
2493126957672326663 4096
50 0 42 49 9 55 30 40 47 32 41 17 26 56 29 22 52 13 45 21 3 1 19 18 51 54 44 38 6 36 35 27 15 53 59 16 43 12 48 25 34 11 7 14 10 31 5 39 23 28 37 2 8 57 33 46 24 58 20 4
27 19 50 10 24 29 38 52 7 43 46 53 3 17 31 48 18 0 55 35 20 51 36 30 12 5 14 32 16 4 9 58 34 41 11 42 33 25 21 15 8 37 44 59 57 49 23 28 54 47 45 56 40 2 13 6 26 22 1 39
26 55 20 11 36 3 31 28 29 48 27 24 12 33 0 34 46 38 43 44 56 25 59 53 19 32 37 5 18 7 45 41 4 57 52 17 16 21 6 54 22 42 40 15 51 8 1 50 13 30 39 35 47 2 10 58 49 9 14 23
53 28 22 48 18 51 57 39 5 47 11 9 58 42 29 20 30 21 36 31 15 8 2 35 54 55 59 45 1 52 19 44 33 50 25 23 43 56 14 16 12 7 32 26 0 4 37 13 40 27 10 49 6 34 17 41 3 46 24 38
6455119632289679644 4096
52 46 31 11 47 33 36 4 8 20 45 15 59 9 44 3 35 21 34 23 18 53 1 58 14 42 25 5 2 6 43 41 50 38 17 49 51 0 37 55 40 16 10 32 12 22 57 24 27 56 30 39 7 26 48 19 13 29 28 54
59 11 58 20 40 25 34 47 29 48 14 46 26 52 35 51 42 37 44 57 22 17 16 54 38 56 1 5 19 50 0 18 7 36 15 2 31 10 9 6 53 32 3 8 30 49 23 33 13 27 39 43 21 28 24 12 4 55 41 45
52 46 31 11 47 33 36 4 8 20 45 15 59 9 44 3 35 24 34 23 18 53 1 58 14 30 25 5 2 6 43 41 50 38 17 49 51 0 37 55 40 16 10 32 12 22 57 21 27 56 42 39 7 26 48 19 13 29 28 54
59 45 58 17 25 40 34 56 29 48 14 46 26 52 35 51 42 37 44 57 22 20 16 54 38 47 1 5 19 50 0 18 7 36 15 2 31 10 9 6 53 32 3 8 30 49 23 33 13 27 39 43 21 28 24 12 4 55 41 11
11069086047549546412 4096
37 33 46 22 36 40 30 52 43 31 45 8 48 11 18 57 24 41 21 16 42 58 56 29 12 6 55 50 17 2 47 5 54 14 53 39 25 15 34 1 0 35 4 20 44 59 26 23 7 32 38 9 27 10 19 3 49 51 28 13
3 28 22 45 27 11 19 9 2 6 31 43 52 53 36 33 12 5 47 54 59 55 21 25 41 37 46 8 44 38 57 40 29 24 56 17 23 7 50 18 15 58 34 32 16 51 42 26 0 39 30 48 4 35 10 13 49 20 14 1
46 50 11 53 10 47 55 20 41 28 57 2 37 19 56 58 49 51 29 44 59 26 45 23 42 12 38 1 14 34 4 15 39 9 17 24 32 8 30 13 54 48 5 16 31 22 52 7 27 33 40 0 21 36 6 35 18 43 3 25
40 56 37 45 39 23 38 57 9 11 22 48 26 33 12 55 50 10 53 51 17 4 15 18 14 19 43 47 59 42 13 6 28 34 49 52 2 30 3 31 32 0 35 46 5 1 41 20 44 8 25 29 58 7 24 16 21 27 36 54
12233823403730310809 4096
0 45 25 44 18 40 23 31 55 42 7 27 5 11 30 35 26 22 38 16 37 48 14 46 33 52 19 15 50 53 39 3 36 57 49 2 56 10 43 34 17 1 51 20 47 59 28 32 4 9 21 24 41 54 58 12 6 29 13 8
4 5 18 41 28 21 3 55 36 35 20 59 58 16 44 49 51 8 34 14 57 37 38 7 50 25 45 52 48 22 27 32 17 43 12 39 54 24 15 33 47 23 31 53 13 10 9 2 19 42 56 29 0 6 11 1 26 46 40 30
46 51 1 42 19 17 27 26 5 37 35 18 2 59 38 39 30 54 32 14 22 36 20 6 4 28 16 55 47 12 33 48 52 11 43 0 8 10 56 45 53 15 34 25 23 9 31 24 41 49 3 13 29 21 58 40 7 44 57 50
41 16 8 22 21 43 7 38 26 34 55 46 33 29 56 11 37 0 32 20 49 1 52 45 59 27 53 12 24 58 4 18 5 48 3 23 28 31 15 14 19 39 17 9 50 51 44 13 36 35 57 10 30 40 25 6 54 47 2 42
13929856280103941205 4096
27 26 32 5 21 39 54 53 28 44 43 59 58 11 55 30 13 34 48 1 57 40 24 52 3 42 15 12 51 33 14 23 38 41 49 2 0 46 20 16 10 25 4 8 19 29 45 22 37 31 7 35 18 17 9 36 47 6 56 50
40 49 11 55 15 56 2 9 25 5 45 47 32 23 26 51 57 36 43 37 27 35 38 24 29 50 10 54 6 46 12 18 41 52 13 22 39 0 4 1 34 14 3 30 48 58 31 59 17 44 42 7 21 20 16 33 28 53 19 8
29 53 27 35 8 20 41 24 2 34 42 33 37 11 49 55 0 19 36 23 50 52 17 30 43 54 39 16 51 22 9 31 58 44 5 3 47 56 21 1 59 15 32 7 25 14 46 45 18 40 10 6 57 26 13 38 12 48 4 28
58 46 24 51 11 59 37 30 22 44 20 38 33 56 27 13 39 53 3 49 50 6 12 47 9 25 15 10 32 36 16 8 21 14 35 52 0 18 5 54 2 57 55 34 19 1 42 17 29 41 48 43 28 45 31 4 23 7 26 40
7259673345137334513 4096
58 12 9 50 41 37 28 29 14 52 5 23 56 53 18 22 46 17 32 39 13 10 35 20 44 48 16 54 8 7 0 6 42 40 55 38 31 19 49 45 4 47 30 57 51 34 25 21 59 43 33 27 11 24 26 2 15 36 3 1
53 19 52 47 45 31 32 51 34 3 48 44 1 27 50 42 20 43 55 40 24 17 57 39 9 5 49 6 14 36 59 46 18 26 15 38 37 41 16 12 0 25 35 22 21 58 7 4 54 23 10 11 8 56 28 33 29 2 30 13
18 52 41 31 1 23 56 9 22 26 55 12 46 48 33 35 17 2 54 42 47 43 4 8 50 45 49 11 58 51 38 29 0 15 13 57 16 10 32 30 14 7 27 53 20 5 34 25 19 59 39 40 28 36 21 6 44 3 24 37
52 24 59 13 49 58 10 56 2 29 43 50 22 44 25 12 20 55 31 38 48 7 17 40 36 23 35 47 11 0 3 15 9 39 37 42 19 32 4 8 45 14 28 1 30 21 6 54 5 46 18 33 26 27 51 41 34 57 53 16
14329337094898185905 4096
50 12 11 33 15 48 27 6 57 25 14 39 37 41 24 29 4 19 16 46 18 53 52 17 43 20 21 38 5 0 40 47 32 9 51 56 59 23 55 1 30 54 7 26 8 44 10 42 34 45 36 13 58 22 2 3 49 28 31 35
51 50 2 27 28 26 23 15 8 3 33 19 49 53 46 32 59 22 44 20 5 10 36 54 31 25 52 16 45 18 48 7 47 55 11 39 57 1 38 29 58 12 0 21 6 35 4 40 13 42 24 17 34 9 41 30 37 56 14 43
58 40 27 41 4 56 43 3 31 38 33 24 46 54 44 59 22 5 0 57 51 10 55 19 12 18 7 23 53 11 35 25 49 47 13 2 26 16 1 20 6 14 29 50 9 48 45 52 28 15 32 37 8 39 17 42 36 21 30 34
27 13 35 48 26 36 47 54 2 31 50 42 32 25 45 9 28 51 59 37 17 55 58 12 30 3 43 16 49 6 11 40 1 52 33 22 4 56 44 10 20 21 57 24 0 41 15 46 8 34 38 7 14 19 29 53 39 23 18 5
6796245151479569425 4096
54 7 30 31 48 25 11 38 43 50 58 34 32 22 24 19 6 9 42 4 5 36 8 51 37 0 13 40 33 28 26 18 47 14 3 10 59 23 52 56 55 44 16 57 1 15 20 27 41 29 2 12 21 46 39 45 49 17 53 35
3 46 4 27 6 20 42 22 56 16 36 37 50 54 53 21 9 1 31 33 30 17 5 38 26 43 24 15 52 44 59 35 58 51 34 7 29 39 28 13 25 57 14 0 45 18 2 48 11 12 40 32 19 8 49 47 10 23 55 41
44 56 1 54 36 49 5 38 43 50 58 34 40 22 13 47 51 9 12 30 19 39 55 10 37 0 59 32 33 28 26 6 11 48 42 20 52 8 24 14 23 31 18 57 4 15 16 27 41 25 2 3 21 46 7 45 29 17 53 35
15 46 52 27 3 38 5 22 39 16 36 43 26 54 56 21 9 1 31 34 49 35 58 47 50 42 14 6 57 17 59 37 2 51 33 7 29 12 28 13 53 4 40 0 45 18 24 48 11 25 20 32 19 8 30 44 10 23 55 41
12113874012163645584 4096
43 33 50 28 0 29 13 15 16 23 17 58 26 4 46 52 10 11 37 22 8 38 25 41 30 45 51 36 24 55 3 40 12 49 2 9 57 44 31 19 18 7 54 47 6 56 59 48 34 14 53 39 21 5 32 27 20 1 42 35
57 43 1 14 48 54 35 53 28 10 49 26 32 55 34 3 46 41 44 42 36 27 8 11 2 20 17 40 37 29 7 5 50 47 45 38 13 16 58 19 24 12 15 22 31 6 0 56 21 59 33 30 51 18 39 25 9 52 4 23
39 29 50 7 27 55 34 5 32 44 10 53 43 4 58 45 14 40 37 47 35 12 13 33 48 51 23 49 6 59 16 54 26 36 42 52 38 25 24 31 19 20 11 1 8 15 21 30 17 9 2 3 22 56 0 28 41 46 18 57
58 34 45 11 41 56 50 49 47 24 54 26 9 57 15 48 40 22 4 35 7 37 32 44 17 3 12 23 14 21 59 1 38 46 36 55 27 2 31 19 10 6 5 25 0 29 18 16 42 39 28 13 51 20 43 30 33 53 52 8
