FACTOR_PERMUTATION_V1 12 16 1024 1 8
10 0 1 1 1 1 1 1 1 1 1 1 0 0 2 2 2 2 2 2 2 2 2 2 0 0 2 2 2 2 2 2 2 2 2 2
0 10 1 1 1 1 1 1 1 1 1 1 0 0 2 2 2 2 2 2 2 2 2 2 0 0 2 2 2 2 2 2 2 2 2 2
1 1 10 0 1 1 1 1 1 1 1 1 2 2 0 0 2 2 2 2 2 2 2 2 2 2 0 0 2 2 2 2 2 2 2 2
1 1 0 10 1 1 1 1 1 1 1 1 2 2 0 0 2 2 2 2 2 2 2 2 2 2 0 0 2 2 2 2 2 2 2 2
1 1 1 1 10 0 1 1 1 1 1 1 2 2 2 2 0 0 2 2 2 2 2 2 2 2 2 2 0 0 2 2 2 2 2 2
1 1 1 1 0 10 1 1 1 1 1 1 2 2 2 2 0 0 2 2 2 2 2 2 2 2 2 2 0 0 2 2 2 2 2 2
1 1 1 1 1 1 10 0 1 1 1 1 2 2 2 2 2 2 0 0 2 2 2 2 2 2 2 2 2 2 0 0 2 2 2 2
1 1 1 1 1 1 0 10 1 1 1 1 2 2 2 2 2 2 0 0 2 2 2 2 2 2 2 2 2 2 0 0 2 2 2 2
1 1 1 1 1 1 1 1 10 0 1 1 2 2 2 2 2 2 2 2 0 0 2 2 2 2 2 2 2 2 2 2 0 0 2 2
1 1 1 1 1 1 1 1 0 10 1 1 2 2 2 2 2 2 2 2 0 0 2 2 2 2 2 2 2 2 2 2 0 0 2 2
1 1 1 1 1 1 1 1 1 1 10 0 2 2 2 2 2 2 2 2 2 2 0 0 2 2 2 2 2 2 2 2 2 2 0 0
1 1 1 1 1 1 1 1 1 1 0 10 2 2 2 2 2 2 2 2 2 2 0 0 2 2 2 2 2 2 2 2 2 2 0 0
0 0 2 2 2 2 2 2 2 2 2 2 10 0 1 1 1 1 1 1 1 1 1 1 0 0 2 2 2 2 2 2 2 2 2 2
0 0 2 2 2 2 2 2 2 2 2 2 0 10 1 1 1 1 1 1 1 1 1 1 0 0 2 2 2 2 2 2 2 2 2 2
2 2 0 0 2 2 2 2 2 2 2 2 1 1 10 0 1 1 1 1 1 1 1 1 2 2 0 0 2 2 2 2 2 2 2 2
2 2 0 0 2 2 2 2 2 2 2 2 1 1 0 10 1 1 1 1 1 1 1 1 2 2 0 0 2 2 2 2 2 2 2 2
2 2 2 2 0 0 2 2 2 2 2 2 1 1 1 1 10 0 1 1 1 1 1 1 2 2 2 2 0 0 2 2 2 2 2 2
2 2 2 2 0 0 2 2 2 2 2 2 1 1 1 1 0 10 1 1 1 1 1 1 2 2 2 2 0 0 2 2 2 2 2 2
2 2 2 2 2 2 0 0 2 2 2 2 1 1 1 1 1 1 10 0 1 1 1 1 2 2 2 2 2 2 0 0 2 2 2 2
2 2 2 2 2 2 0 0 2 2 2 2 1 1 1 1 1 1 0 10 1 1 1 1 2 2 2 2 2 2 0 0 2 2 2 2
2 2 2 2 2 2 2 2 0 0 2 2 1 1 1 1 1 1 1 1 10 0 1 1 2 2 2 2 2 2 2 2 0 0 2 2
2 2 2 2 2 2 2 2 0 0 2 2 1 1 1 1 1 1 1 1 0 10 1 1 2 2 2 2 2 2 2 2 0 0 2 2
2 2 2 2 2 2 2 2 2 2 0 0 1 1 1 1 1 1 1 1 1 1 10 0 2 2 2 2 2 2 2 2 2 2 0 0
2 2 2 2 2 2 2 2 2 2 0 0 1 1 1 1 1 1 1 1 1 1 0 10 2 2 2 2 2 2 2 2 2 2 0 0
0 0 2 2 2 2 2 2 2 2 2 2 0 0 2 2 2 2 2 2 2 2 2 2 10 0 1 1 1 1 1 1 1 1 1 1
0 0 2 2 2 2 2 2 2 2 2 2 0 0 2 2 2 2 2 2 2 2 2 2 0 10 1 1 1 1 1 1 1 1 1 1
2 2 0 0 2 2 2 2 2 2 2 2 2 2 0 0 2 2 2 2 2 2 2 2 1 1 10 0 1 1 1 1 1 1 1 1
2 2 0 0 2 2 2 2 2 2 2 2 2 2 0 0 2 2 2 2 2 2 2 2 1 1 0 10 1 1 1 1 1 1 1 1
2 2 2 2 0 0 2 2 2 2 2 2 2 2 2 2 0 0 2 2 2 2 2 2 1 1 1 1 10 0 1 1 1 1 1 1
2 2 2 2 0 0 2 2 2 2 2 2 2 2 2 2 0 0 2 2 2 2 2 2 1 1 1 1 0 10 1 1 1 1 1 1
2 2 2 2 2 2 0 0 2 2 2 2 2 2 2 2 2 2 0 0 2 2 2 2 1 1 1 1 1 1 10 0 1 1 1 1
2 2 2 2 2 2 0 0 2 2 2 2 2 2 2 2 2 2 0 0 2 2 2 2 1 1 1 1 1 1 0 10 1 1 1 1
2 2 2 2 2 2 2 2 0 0 2 2 2 2 2 2 2 2 2 2 0 0 2 2 1 1 1 1 1 1 1 1 10 0 1 1
2 2 2 2 2 2 2 2 0 0 2 2 2 2 2 2 2 2 2 2 0 0 2 2 1 1 1 1 1 1 1 1 0 10 1 1
2 2 2 2 2 2 2 2 2 2 0 0 2 2 2 2 2 2 2 2 2 2 0 0 1 1 1 1 1 1 1 1 1 1 10 0
2 2 2 2 2 2 2 2 2 2 0 0 2 2 2 2 2 2 2 2 2 2 0 0 1 1 1 1 1 1 1 1 1 1 0 10
0 2
0 3
0 4
0 5
0 6
0 7
0 8
0 9
0 10
0 11
1 2
1 3
1 4
1 5
1 6
1 7
1 8
1 9
1 10
1 11
2 4
2 5
2 6
2 7
2 8
2 9
2 10
2 11
3 4
3 5
3 6
3 7
3 8
3 9
3 10
3 11
4 6
4 7
4 8
4 9
4 10
4 11
5 6
5 7
5 8
5 9
5 10
5 11
6 8
6 9
6 10
6 11
7 8
7 9
7 10
7 11
8 10
8 11
9 10
9 11
0 2
0 3
0 4
0 5
0 6
0 7
0 8
0 9
0 10
0 11
1 2
1 3
1 4
1 5
1 6
1 7
1 8
1 9
1 10
1 11
2 4
2 5
2 6
2 7
2 8
2 9
2 10
2 11
3 4
3 5
3 6
3 7
3 8
3 9
3 10
3 11
4 6
4 7
4 8
4 9
4 10
4 11
5 6
5 7
5 8
5 9
5 10
5 11
6 8
6 9
6 10
6 11
7 8
7 9
7 10
7 11
8 10
8 11
9 10
9 11
0 2
0 3
0 4
0 5
0 6
0 7
0 8
0 9
0 10
0 11
1 2
1 3
1 4
1 5
1 6
1 7
1 8
1 9
1 10
1 11
2 4
2 5
2 6
2 7
2 8
2 9
2 10
2 11
3 4
3 5
3 6
3 7
3 8
3 9
3 10
3 11
4 6
4 7
4 8
4 9
4 10
4 11
5 6
5 7
5 8
5 9
5 10
5 11
6 8
6 9
6 10
6 11
7 8
7 9
7 10
7 11
8 10
8 11
9 10
9 11
10009620967863865105 2048
3 13 20 56 37 53 48 51 55 16 49 8 43 17 34 42 27 59 38 28 30 9 44 18 0 29 10 15 11 24 47 22 7 19 40 23 54 4 57 2 46 25 35 41 33 32 1 58 14 26 36 6 12 39 52 50 31 45 21 5
9 56 44 48 54 57 39 23 29 17 19 28 40 34 30 3 46 51 5 52 58 10 11 36 47 7 38 0 12 14 50 6 43 27 35 4 53 18 31 1 59 15 41 16 8 2 49 22 21 45 20 33 25 55 32 42 13 24 37 26
41 18 42 48 25 56 46 37 21 52 50 54 6 36 34 12 59 47 28 40 15 16 45 17 3 53 33 0 44 51 57 30 31 4 9 39 13 35 8 11 5 22 27 26 49 55 23 14 2 58 20 1 24 10 7 43 32 19 38 29
42 18 58 47 19 22 39 1 57 13 2 55 20 24 46 9 43 51 17 31 26 11 48 41 23 28 5 40 0 8 37 4 12 59 32 50 49 16 3 35 44 7 10 53 29 25 36 52 34 30 38 45 56 54 27 33 14 6 21 15
18224269122454742043 2048
2 51 29 11 44 21 14 40 59 54 45 49 20 41 28 34 12 6 17 57 52 42 43 15 46 8 16 19 27 24 0 10 55 31 39 32 25 58 56 4 50 33 7 35 5 30 53 3 38 9 37 18 26 23 13 48 47 1 36 22
14 33 32 19 44 53 47 35 37 25 10 55 17 49 28 7 26 9 36 43 22 1 23 40 54 13 2 58 56 38 45 52 50 3 11 18 46 42 4 6 48 8 31 15 0 34 16 51 27 24 59 30 12 41 29 57 5 20 21 39
54 38 55 7 30 41 50 9 43 11 24 29 52 53 32 39 13 3 35 14 28 33 57 21 31 40 15 45 22 48 56 4 19 10 42 59 8 34 26 17 44 5 18 6 47 20 16 37 25 46 1 0 12 51 27 36 2 23 49 58
38 30 17 25 42 18 0 10 32 26 56 41 3 7 20 23 6 34 55 33 8 14 31 16 47 37 21 59 46 19 45 5 36 57 58 13 28 53 51 1 9 48 50 44 54 11 27 2 40 22 52 15 35 29 39 24 49 43 12 4
4323816148952901066 2048
25 40 53 9 7 13 32 27 36 44 57 34 51 31 39 48 30 49 33 21 3 58 6 15 20 18 42 19 45 37 2 4 17 5 16 55 47 54 22 12 10 23 41 0 43 35 52 14 8 24 56 50 46 26 59 28 11 1 29 38
2 48 57 34 46 53 23 10 49 33 38 13 7 30 21 56 51 31 3 15 54 43 17 19 18 0 35 42 11 5 50 52 14 39 37 45 32 25 44 16 55 40 9 28 22 6 36 59 20 29 4 24 8 1 12 47 58 41 26 27
25 40 53 9 18 13 32 27 36 6 57 34 51 31 39 1 30 49 33 21 3 58 44 15 20 7 42 19 45 37 2 35 59 5 16 55 47 48 22 12 10 23 41 0 43 4 52 14 8 24 56 50 46 26 17 28 11 54 29 38
51 48 57 34 46 53 54 10 49 33 38 13 32 17 21 56 2 31 3 15 23 43 9 19 18 0 35 42 11 5 50 41 14 39 37 45 7 8 44 16 55 40 47 28 22 59 26 6 20 29 4 24 25 1 12 30 58 52 36 27
11527956677950045712 2048
45 12 1 42 44 48 5 30 22 54 19 34 29 39 14 25 8 10 33 43 16 18 55 52 41 9 58 27 59 0 49 23 20 57 3 56 26 24 37 32 21 53 35 38 28 2 31 46 13 36 40 4 15 17 6 7 47 11 50 51
49 38 47 52 42 20 58 25 35 2 55 22 11 17 43 56 32 8 6 48 14 30 40 27 0 44 46 45 1 54 3 7 19 15 9 5 12 59 4 37 23 26 16 24 34 29 18 33 41 57 31 10 21 36 51 13 53 50 39 28
39 4 15 11 59 55 3 36 37 33 23 28 25 54 19 35 24 8 29 30 1 56 47 50 46 13 5 45 58 57 44 48 14 40 49 2 20 22 9 16 51 6 21 42 0 32 26 38 10 34 18 27 31 7 53 12 17 52 41 43
54 30 33 49 13 20 24 57 35 19 9 43 38 32 53 6 8 39 51 37 56 48 59 25 3 16 1 36 55 21 2 58 10 34 17 45 7 47 50 26 29 12 18 11 41 5 52 31 15 14 40 44 46 27 4 0 42 28 23 22
15444944434193481806 2048
48 28 56 26 23 55 42 13 41 5 34 40 30 2 53 3 36 51 14 16 52 43 50 37 44 57 7 31 12 19 58 45 9 27 21 4 38 59 15 0 17 32 24 22 33 29 47 35 10 1 20 25 46 54 11 8 6 18 49 39
19 38 29 55 45 6 13 36 54 56 52 48 16 39 40 43 35 20 17 21 10 57 27 59 4 11 46 53 50 34 3 37 22 18 15 47 1 8 25 26 51 41 32 23 33 58 7 14 28 2 24 5 0 31 9 49 42 44 30 12
21 44 59 22 12 33 34 57 55 54 52 9 31 45 25 28 10 18 43 42 14 48 58 24 13 35 11 8 20 15 49 3 17 30 50 19 27 40 51 32 7 5 6 46 4 16 41 23 1 47 2 29 0 36 26 38 56 53 39 37
56 16 33 18 0 40 17 34 9 42 47 13 55 48 12 26 59 46 38 30 19 1 57 21 53 15 6 58 50 28 3 41 4 36 39 52 5 24 29 51 10 32 7 37 20 27 49 54 44 25 31 45 43 8 22 2 14 23 35 11
8453056481751949447 2048
1 37 40 17 41 53 15 59 50 48 45 47 55 20 36 14 34 54 32 42 57 9 44 22 39 58 24 28 31 56 51 8 12 18 7 49 52 10 4 29 2 3 23 25 30 35 5 27 43 26 38 16 0 13 33 46 21 19 11 6
58 40 0 26 32 19 35 28 30 53 6 10 25 59 23 37 24 47 44 13 41 29 15 42 43 34 36 14 2 33 52 20 55 8 9 1 21 57 22 17 46 39 27 56 18 7 49 48 50 5 51 11 3 31 45 12 16 4 38 54
19 23 33 3 48 18 47 2 25 57 30 17 42 45 43 41 9 35 22 58 27 55 13 32 39 37 5 54 31 36 1 8 12 53 52 21 6 26 7 29 51 50 4 34 14 16 24 38 56 10 28 20 59 46 40 49 44 15 11 0
37 4 22 59 21 29 11 30 55 24 57 41 34 44 25 45 36 58 20 43 9 10 8 49 26 28 46 33 19 48 38 40 7 6 50 18 35 17 27 16 15 3 0 5 51 52 32 14 13 12 54 31 1 23 56 39 2 53 47 42
8298753123524252360 2048
54 43 49 30 40 32 18 44 16 59 42 25 39 27 12 55 36 48 22 33 50 11 31 3 2 29 53 52 35 17 38 58 46 1 6 4 24 56 15 13 7 21 9 14 57 37 47 28 19 41 26 34 51 5 45 0 20 8 23 10
0 37 56 30 52 19 29 35 40 53 24 5 27 58 59 33 2 9 12 44 49 45 18 11 32 15 47 38 55 51 17 43 16 26 42 34 8 54 14 21 20 23 39 48 36 31 41 6 10 4 22 28 46 3 1 13 57 7 50 25
16 42 32 30 27 26 59 21 25 53 40 31 45 49 44 55 36 48 4 15 23 8 12 3 51 29 18 52 35 17 38 58 46 1 6 22 24 33 13 14 7 50 9 10 57 37 47 28 0 41 20 34 39 19 2 56 43 11 54 5
47 22 30 57 50 12 10 35 53 37 44 5 27 58 3 41 2 34 19 21 49 7 18 40 11 15 0 38 14 55 17 29 51 26 23 46 8 54 16 39 20 52 4 6 36 31 33 9 43 59 24 28 32 42 1 25 56 45 48 13
3054166715092352979 2048
42 35 47 46 37 27 36 16 38 41 50 59 9 25 53 10 31 20 34 21 26 24 33 28 2 6 39 5 4 52 8 40 54 18 45 15 48 57 0 11 58 17 1 43 23 56 13 22 29 14 49 12 44 32 3 7 19 51 30 55
20 45 4 47 58 21 1 34 2 30 52 54 3 33 19 24 42 53 49 38 14 8 9 11 23 22 55 28 50 17 26 48 31 36 46 5 0 40 13 59 39 27 44 35 7 43 16 18 41 56 32 15 37 6 29 51 25 57 12 10
42 50 23 2 35 46 26 52 57 45 16 47 17 43 19 56 30 10 29 38 33 25 8 28 54 53 36 15 24 22 39 59 13 31 49 58 44 55 1 20 48 4 11 37 7 51 3 41 27 12 5 34 14 0 18 6 32 9 21 40
56 3 59 25 45 35 22 31 20 44 6 21 51 10 32 50 46 39 37 41 18 36 17 4 58 42 13 43 16 40 55 57 49 2 33 0 54 28 8 38 11 5 19 9 47 27 48 53 1 15 34 24 26 14 12 29 52 23 7 30
15561000817709519606 2048
58 1 22 38 24 59 10 45 42 48 19 52 46 51 21 39 40 55 32 5 57 49 37 3 28 18 56 43 33 7 20 14 30 44 54 0 16 17 15 8 47 23 29 9 27 31 26 12 6 50 36 2 4 25 35 34 11 13 53 41
40 49 44 55 12 41 33 10 21 1 20 13 38 30 53 7 46 28 51 8 16 52 57 4 2 22 59 25 34 39 18 29 58 5 45 47 50 24 3 42 0 19 15 26 11 43 14 37 23 54 56 31 27 9 32 6 35 36 48 17
42 55 46 32 34 29 5 19 27 48 44 58 12 51 57 8 36 21 13 33 9 16 20 53 28 41 56 39 6 43 22 11 2 25 52 47 30 17 24 50 15 23 59 49 54 31 26 7 18 45 1 38 10 35 37 40 14 0 4 3
16 28 57 19 12 23 24 34 45 10 8 58 54 30 50 27 9 39 14 3 52 35 11 13 55 48 0 37 22 49 18 42 33 51 38 15 7 25 46 56 59 5 47 1 6 20 43 26 21 29 53 31 41 2 32 4 40 36 44 17
7380562709029982651 2048
49 53 11 33 47 46 15 14 41 2 45 28 25 57 34 58 37 51 10 24 56 30 29 23 1 19 38 4 22 9 8 55 36 17 6 31 59 27 26 13 54 16 5 48 44 20 52 7 32 50 40 12 21 39 0 35 18 43 3 42
57 56 20 42 17 48 38 50 9 11 36 40 26 33 47 28 23 10 52 51 53 6 15 45 0 31 43 12 14 16 13 4 18 44 49 39 2 29 3 55 32 59 46 27 5 41 34 19 21 8 25 30 58 7 24 1 22 37 35 54
48 40 25 29 17 31 57 27 28 38 37 55 30 45 15 8 20 32 46 41 4 50 12 39 19 59 56 13 47 49 35 44 16 5 14 51 54 52 9 0 6 26 23 7 42 18 33 1 24 21 3 34 43 36 58 53 22 11 10 2
40 32 50 48 20 46 12 4 17 35 7 47 6 34 19 14 54 13 51 22 59 5 52 57 49 11 36 18 0 53 43 8 28 30 55 16 29 10 31 15 44 45 56 27 25 2 41 24 9 33 3 37 23 42 1 39 21 26 38 58
10508010569485733829 2048
55 4 7 33 24 41 11 36 15 5 40 49 2 26 8 54 16 13 34 42 58 52 27 10 39 56 3 1 25 57 29 19 0 32 43 37 14 50 38 31 59 48 20 12 28 18 22 30 46 53 35 44 6 9 17 21 51 47 45 23
27 29 38 17 40 48 35 20 32 42 44 16 54 22 9 59 12 11 6 39 31 5 45 7 18 37 57 25 47 46 56 41 34 4 23 15 10 49 51 58 26 1 53 28 3 24 13 55 8 19 2 21 50 33 0 30 43 36 14 52
27 41 34 25 42 33 20 54 53 30 55 44 58 59 10 46 31 28 14 2 8 43 37 21 13 1 52 5 39 49 50 47 19 17 15 16 32 11 18 22 3 45 57 0 24 26 4 51 29 9 56 6 48 12 38 23 40 7 35 36
39 48 52 35 58 40 43 28 0 45 5 54 42 13 32 3 21 59 6 20 11 55 14 24 53 36 12 33 4 9 23 18 38 15 29 47 7 49 8 41 30 16 1 25 2 44 50 22 19 46 17 26 34 57 37 51 27 31 56 10
2847417792093247196 2048
27 4 23 35 8 41 6 53 43 49 20 33 30 47 19 54 56 3 1 21 50 52 16 46 15 42 36 44 26 0 55 10 11 38 13 12 17 40 14 24 45 5 32 7 25 48 18 2 28 31 39 29 57 58 59 22 37 9 34 51
33 45 49 51 47 10 31 0 21 44 35 18 38 27 56 28 24 22 37 52 30 1 46 16 4 32 53 15 5 42 17 12 3 48 40 57 25 26 23 54 2 59 8 55 19 20 11 34 13 9 14 6 43 39 29 41 58 7 36 50
5 4 23 35 8 41 6 53 44 7 20 42 43 47 52 26 54 3 2 21 50 59 16 46 15 19 36 9 56 0 55 24 58 38 13 12 17 51 14 11 45 40 32 29 25 48 18 1 57 31 39 49 28 10 33 22 27 30 34 37
33 18 24 51 47 10 31 15 22 2 35 49 58 27 56 21 17 6 37 52 44 23 39 16 4 32 40 13 5 42 45 38 3 48 53 57 25 1 19 54 59 30 8 55 26 20 11 34 41 9 14 28 7 50 29 0 12 43 36 46
15823919784686444254 2048
34 39 38 41 56 44 35 51 32 3 55 2 49 59 21 33 50 16 23 20 13 46 43 5 6 48 40 28 57 29 9 18 42 15 53 26 8 4 11 30 10 1 27 22 37 58 14 52 17 0 36 45 24 25 7 19 31 12 47 54
33 14 47 40 50 22 37 59 43 31 10 35 16 42 51 41 45 19 36 58 4 18 25 44 9 46 28 24 7 56 20 12 21 29 48 3 54 32 49 30 15 39 0 17 27 23 5 53 55 57 6 8 34 13 26 38 1 11 52 2
49 6 30 21 13 27 52 29 33 31 4 42 51 48 47 20 55 26 40 23 32 41 2 17 22 46 19 7 14 16 39 28 44 50 10 58 37 0 15 59 54 11 53 45 18 9 34 5 25 8 12 24 38 57 3 35 43 1 56 36
39 30 1 41 49 52 19 5 40 51 42 56 45 48 24 28 23 54 32 17 55 58 57 46 18 50 20 36 27 37 53 14 2 13 4 29 34 7 26 22 44 16 10 15 35 31 0 38 47 12 3 21 8 59 25 6 43 33 11 9
3700000273398217077 2048
17 40 27 41 4 30 43 3 36 38 33 24 46 54 44 59 22 5 50 57 51 10 55 19 12 18 7 23 53 11 20 25 49 47 13 2 26 16 1 35 6 14 29 0 9 48 45 52 28 15 32 37 8 39 58 42 31 21 56 34
20 13 35 48 26 36 47 54 2 31 50 42 32 25 56 9 28 51 59 37 17 55 58 12 30 3 43 16 57 6 11 40 1 52 33 22 4 46 44 10 27 21 49 24 0 41 15 45 8 34 7 38 14 19 29 53 39 23 18 5
17 44 27 41 4 30 43 3 36 38 33 24 46 54 40 59 22 5 11 57 51 10 55 18 12 56 7 23 53 50 20 25 49 47 13 2 26 16 1 35 6 14 29 0 9 48 45 52 28 15 32 37 8 39 58 42 31 21 19 34
20 13 35 48 26 36 47 54 27 31 50 42 32 25 56 9 23 51 59 37 17 55 16 12 30 3 43 58 57 46 11 40 1 52 33 22 4 6 44 10 2 21 49 24 0 41 15 45 39 34 53 38 14 19 29 7 8 28 18 5
10752404102551219667 2048
36 33 22 34 19 12 55 41 2 27 31 40 49 6 59 42 32 10 46 58 4 38 20 51 43 13 23 17 39 18 8 5 14 15 47 21 11 7 35 54 53 44 3 9 1 25 29 50 26 57 45 30 16 56 0 28 48 52 24 37
18 29 24 57 12 55 11 1 37 58 25 42 59 32 23 50 9 40 31 27 15 53 16 41 20 49 38 26 34 48 43 19 47 56 52 2 36 8 39 0 14 13 22 45 54 35 4 3 10 21 46 44 30 28 7 6 17 33 5 51
11 6 36 24 18 8 20 34 53 42 0 43 32 41 59 46 25 30 56 23 22 45 9 54 5 38 55 44 2 17 13 48 35 51 49 10 47 39 21 15 1 57 16 27 50 31 29 4 28 58 3 7 19 52 37 33 12 40 26 14
42 19 59 49 52 45 56 41 39 13 18 35 2 33 58 15 20 43 21 16 12 34 47 31 17 8 44 51 1 48 22 40 29 50 9 53 6 55 25 26 14 10 11 4 57 27 7 38 5 30 23 36 0 54 24 46 37 3 28 32
17712583358275991562 2048
17 10 30 41 35 16 43 54 56 53 5 50 58 7 24 52 48 6 28 44 1 59 0 9 51 22 8 37 47 23 3 25 2 15 49 12 19 4 55 31 20 11 27 18 39 21 29 34 33 40 38 42 26 13 45 32 14 46 57 36
54 59 22 35 28 24 50 12 33 2 31 23 32 36 5 16 39 30 42 21 27 20 3 38 15 7 34 19 44 11 9 46 51 37 6 1 53 17 48 58 4 43 45 29 26 47 57 52 18 13 40 56 8 55 14 41 25 10 0 49
46 59 49 43 23 20 38 27 33 9 58 45 55 4 42 37 35 21 40 31 2 57 28 0 17 51 52 13 15 22 3 16 36 54 11 56 8 12 29 32 39 24 19 34 6 41 30 26 50 10 48 14 1 44 5 18 53 25 47 7
53 37 0 26 46 1 15 42 41 32 55 16 58 47 12 27 29 25 44 38 31 35 20 5 2 36 8 52 6 57 18 14 33 17 49 21 48 59 3 19 10 30 28 45 23 56 54 4 22 39 9 13 34 11 24 40 51 50 7 43
