FACTOR_PERMUTATION_V1 12 16 1024 1 1
10 0 1 1 1 1 1 1 1 1 1 1 0 0 2 2 2 2 2 2 2 2 2 2 0 1 1 2 2 2 2 2 2 2 2 2
0 10 1 1 1 1 1 1 1 1 1 1 0 0 2 2 2 2 2 2 2 2 2 2 1 0 2 2 1 2 2 2 2 2 2 2
1 1 10 0 1 1 1 1 1 1 1 1 2 2 0 0 2 2 2 2 2 2 2 2 1 2 0 1 2 2 2 2 2 2 2 2
1 1 0 10 1 1 1 1 1 1 1 1 2 2 0 0 2 2 2 2 2 2 2 2 2 2 1 0 2 2 1 2 2 2 2 2
1 1 1 1 10 0 1 1 1 1 1 1 2 2 2 2 0 0 2 2 2 2 2 2 2 1 2 2 0 1 2 2 2 2 2 2
1 1 1 1 0 10 1 1 1 1 1 1 2 2 2 2 0 0 2 2 2 2 2 2 2 2 2 2 1 0 2 2 1 2 2 2
1 1 1 1 1 1 10 0 1 1 1 1 2 2 2 2 2 2 0 0 2 2 2 2 2 2 2 1 2 2 0 1 2 2 2 2
1 1 1 1 1 1 0 10 1 1 1 1 2 2 2 2 2 2 0 0 2 2 2 2 2 2 2 2 2 2 1 0 2 1 2 2
1 1 1 1 1 1 1 1 10 0 1 1 2 2 2 2 2 2 2 2 0 1 1 2 2 2 2 2 2 1 2 2 0 1 2 2
1 1 1 1 1 1 1 1 0 10 1 1 2 2 2 2 2 2 2 2 1 0 2 1 2 2 2 2 2 2 2 1 1 0 2 2
1 1 1 1 1 1 1 1 1 1 10 0 2 2 2 2 2 2 2 2 1 2 0 1 2 2 2 2 2 2 2 2 2 2 0 0
1 1 1 1 1 1 1 1 1 1 0 10 2 2 2 2 2 2 2 2 2 1 1 0 2 2 2 2 2 2 2 2 2 2 0 0
0 0 2 2 2 2 2 2 2 2 2 2 10 0 1 1 1 1 1 1 1 1 1 1 0 1 1 2 2 2 2 2 2 2 2 2
0 0 2 2 2 2 2 2 2 2 2 2 0 10 1 1 1 1 1 1 1 1 1 1 1 0 2 2 1 2 2 2 2 2 2 2
2 2 0 0 2 2 2 2 2 2 2 2 1 1 10 0 1 1 1 1 1 1 1 1 1 2 0 1 2 2 2 2 2 2 2 2
2 2 0 0 2 2 2 2 2 2 2 2 1 1 0 10 1 1 1 1 1 1 1 1 2 2 1 0 2 2 1 2 2 2 2 2
2 2 2 2 0 0 2 2 2 2 2 2 1 1 1 1 10 0 1 1 1 1 1 1 2 1 2 2 0 1 2 2 2 2 2 2
2 2 2 2 0 0 2 2 2 2 2 2 1 1 1 1 0 10 1 1 1 1 1 1 2 2 2 2 1 0 2 2 1 2 2 2
2 2 2 2 2 2 0 0 2 2 2 2 1 1 1 1 1 1 10 0 1 1 1 1 2 2 2 1 2 2 0 1 2 2 2 2
2 2 2 2 2 2 0 0 2 2 2 2 1 1 1 1 1 1 0 10 1 1 1 1 2 2 2 2 2 2 1 0 2 1 2 2
2 2 2 2 2 2 2 2 0 1 1 2 1 1 1 1 1 1 1 1 10 1 0 1 2 2 2 2 2 1 2 2 0 2 1 2
2 2 2 2 2 2 2 2 1 0 2 1 1 1 1 1 1 1 1 1 1 10 1 0 2 2 2 2 2 2 2 1 2 0 2 1
2 2 2 2 2 2 2 2 1 2 0 1 1 1 1 1 1 1 1 1 0 1 10 1 2 2 2 2 2 2 2 2 1 2 0 1
2 2 2 2 2 2 2 2 2 1 1 0 1 1 1 1 1 1 1 1 1 0 1 10 2 2 2 2 2 2 2 2 2 1 1 0
0 1 1 2 2 2 2 2 2 2 2 2 0 1 1 2 2 2 2 2 2 2 2 2 10 1 0 1 1 1 1 1 1 1 1 1
1 0 2 2 1 2 2 2 2 2 2 2 1 0 2 2 1 2 2 2 2 2 2 2 1 10 1 1 0 1 1 1 1 1 1 1
1 2 0 1 2 2 2 2 2 2 2 2 1 2 0 1 2 2 2 2 2 2 2 2 0 1 10 1 1 1 1 1 1 1 1 1
2 2 1 0 2 2 1 2 2 2 2 2 2 2 1 0 2 2 1 2 2 2 2 2 1 1 1 10 1 1 0 1 1 1 1 1
2 1 2 2 0 1 2 2 2 2 2 2 2 1 2 2 0 1 2 2 2 2 2 2 1 0 1 1 10 1 1 1 1 1 1 1
2 2 2 2 1 0 2 2 1 2 2 2 2 2 2 2 1 0 2 2 1 2 2 2 1 1 1 1 1 10 1 1 0 1 1 1
2 2 2 1 2 2 0 1 2 2 2 2 2 2 2 1 2 2 0 1 2 2 2 2 1 1 1 0 1 1 10 1 1 1 1 1
2 2 2 2 2 2 1 0 2 1 2 2 2 2 2 2 2 2 1 0 2 1 2 2 1 1 1 1 1 1 1 10 1 0 1 1
2 2 2 2 2 1 2 2 0 1 2 2 2 2 2 2 2 1 2 2 0 2 1 2 1 1 1 1 1 0 1 1 10 1 1 1
2 2 2 2 2 2 2 1 1 0 2 2 2 2 2 2 2 2 2 1 2 0 2 1 1 1 1 1 1 1 1 0 1 10 1 1
2 2 2 2 2 2 2 2 2 2 0 0 2 2 2 2 2 2 2 2 1 2 0 1 1 1 1 1 1 1 1 1 1 1 10 0
2 2 2 2 2 2 2 2 2 2 0 0 2 2 2 2 2 2 2 2 2 1 1 0 1 1 1 1 1 1 1 1 1 1 0 10
0 2
0 3
0 4
0 5
0 6
0 7
0 8
0 9
0 10
0 11
1 2
1 3
1 4
1 5
1 6
1 7
1 8
1 9
1 10
1 11
2 4
2 5
2 6
2 7
2 8
2 9
2 10
2 11
3 4
3 5
3 6
3 7
3 8
3 9
3 10
3 11
4 6
4 7
4 8
4 9
4 10
4 11
5 6
5 7
5 8
5 9
5 10
5 11
6 8
6 9
6 10
6 11
7 8
7 9
7 10
7 11
8 10
8 11
9 10
9 11
0 2
0 3
0 4
0 5
0 6
0 7
0 8
0 9
0 10
0 11
1 2
1 3
1 4
1 5
1 6
1 7
1 8
1 9
1 10
1 11
2 4
2 5
2 6
2 7
2 8
2 9
2 10
2 11
3 4
3 5
3 6
3 7
3 8
3 9
3 10
3 11
4 6
4 7
4 8
4 9
4 10
4 11
5 6
5 7
5 8
5 9
5 10
5 11
6 8
6 9
6 10
6 11
7 8
7 9
7 10
7 11
8 9
8 11
9 10
10 11
0 1
0 3
0 4
0 5
0 6
0 7
0 8
0 9
0 10
0 11
1 2
1 3
1 5
1 6
1 7
1 8
1 9
1 10
1 11
2 3
2 4
2 5
2 6
2 7
2 8
2 9
2 10
2 11
3 4
3 5
3 7
3 8
3 9
3 10
3 11
4 5
4 6
4 7
4 8
4 9
4 10
4 11
5 6
5 7
5 9
5 10
5 11
6 7
6 8
6 9
6 10
6 11
7 8
7 10
7 11
8 9
8 10
8 11
9 10
9 11
6740617377098918566 4096
59 21 49 25 41 5 36 40 47 32 56 44 6 43 58 35 55 20 11 50 51 8 13 15 42 38 53 22 54 4 45 17 9 14 23 2 19 48 0 31 30 34 33 57 16 1 10 37 52 18 24 3 26 46 28 29 39 12 7 27
42 52 24 47 54 35 58 16 1 32 8 18 43 26 21 4 28 56 55 39 15 11 44 14 27 36 51 6 7 59 2 38 53 3 13 22 48 33 49 46 37 5 17 25 23 57 40 31 0 19 41 20 34 50 10 45 29 9 30 12
59 21 49 25 41 5 36 54 47 32 56 44 6 43 58 35 55 20 13 50 51 8 15 16 42 38 53 52 40 4 45 17 9 14 31 2 19 48 0 23 30 34 33 57 11 1 10 37 22 18 24 3 26 46 28 29 39 12 7 27
42 52 20 14 54 35 58 50 1 32 8 51 43 26 21 4 28 56 55 41 15 11 44 27 23 36 13 6 7 59 2 38 53 3 18 22 48 33 49 34 5 37 17 25 47 57 40 31 0 19 39 10 46 16 24 45 29 9 30 12
11574799233404879648 4096
45 50 24 7 35 44 28 54 22 57 49 47 26 58 42 31 36 27 52 20 16 1 38 40 9 55 17 14 51 48 53 56 43 11 39 5 18 15 23 3 34 33 10 59 19 32 30 37 46 0 41 6 12 29 25 8 21 4 2 13
47 44 52 41 40 7 53 35 19 13 58 57 22 11 8 46 27 45 39 56 1 55 54 10 42 0 12 38 14 9 20 17 29 36 24 31 59 26 18 50 5 3 43 28 23 25 15 4 6 16 32 21 49 34 48 37 2 33 51 30
45 50 24 7 35 44 28 54 22 57 49 47 26 58 42 31 36 59 52 20 16 1 38 40 9 55 17 14 51 48 53 56 4 11 39 5 18 15 23 3 34 33 10 27 19 32 30 37 46 0 41 6 12 29 25 8 21 43 2 13
47 44 52 41 40 7 53 35 19 13 58 57 22 11 8 46 27 45 39 56 1 55 54 10 42 0 12 38 14 9 20 17 29 36 24 31 59 26 18 50 5 3 43 28 23 25 15 4 6 16 32 21 49 34 48 37 2 33 51 30
10329218604817779853 4096
57 50 22 31 6 21 45 27 12 37 47 8 53 51 26 41 28 42 33 52 15 16 17 49 4 44 54 40 13 5 19 38 59 39 24 55 46 0 2 34 48 56 25 58 10 3 9 30 20 32 36 29 35 18 1 7 43 14 11 23
52 44 57 28 58 2 10 33 42 15 50 31 45 39 35 30 9 54 24 22 34 46 41 17 20 11 14 7 8 18 3 27 51 5 49 38 19 48 32 13 0 37 16 6 47 59 23 4 56 29 26 55 12 25 43 36 1 53 40 21
30 50 22 31 6 21 59 27 12 37 47 8 53 57 26 41 28 42 33 52 15 3 17 56 4 44 54 40 11 5 19 38 45 39 24 55 46 0 2 34 48 51 25 58 16 10 9 49 20 32 36 29 35 18 1 7 43 13 14 23
52 44 57 40 58 2 54 33 42 22 50 31 45 39 43 30 9 10 24 19 34 16 41 17 20 46 14 7 8 18 3 27 36 5 49 38 26 59 32 51 0 4 11 6 47 48 23 29 56 37 15 55 12 28 35 13 1 53 25 21
6359768113649239499 4096
23 19 49 48 24 32 40 54 33 2 58 50 30 25 41 9 43 28 44 13 52 7 29 46 37 36 4 57 59 15 45 42 51 3 38 39 6 18 16 55 20 53 11 56 47 34 5 26 17 8 27 12 0 10 35 31 1 22 14 21
12 52 53 27 58 35 51 1 39 32 43 41 55 50 31 14 22 21 5 49 38 48 54 25 59 8 29 36 44 45 17 6 0 30 16 24 18 33 19 26 47 34 9 11 28 13 2 7 3 20 15 23 40 57 4 10 56 37 42 46
23 19 49 48 24 32 40 54 33 2 58 50 30 25 41 9 43 28 44 13 52 7 29 46 37 36 4 57 59 15 45 42 51 3 38 39 6 18 16 55 20 53 11 56 47 34 5 26 17 8 27 12 0 10 35 31 1 22 14 21
12 52 53 27 58 35 51 1 39 32 43 41 55 50 31 14 22 21 5 49 38 48 54 25 59 8 29 36 44 45 17 6 0 30 16 24 46 33 19 26 47 34 9 11 28 13 2 7 3 20 15 23 40 57 4 10 56 37 42 18
9417877546330682730 4096
25 55 50 29 32 10 52 58 40 48 31 46 23 24 36 56 3 30 35 39 54 6 41 38 51 47 17 18 2 42 53 28 9 16 49 20 7 57 15 1 13 11 59 8 34 14 33 5 12 26 21 4 43 0 19 45 22 27 37 44
48 37 34 9 39 45 42 28 55 23 31 20 59 58 52 29 54 3 24 4 21 16 5 51 17 53 36 44 7 49 8 40 35 57 12 30 33 6 27 50 47 15 18 22 43 26 14 38 19 0 56 41 11 46 32 25 2 13 10 1
25 55 50 29 32 10 52 58 2 48 31 46 23 24 36 56 3 30 35 39 54 6 41 38 51 47 17 18 40 42 15 28 9 16 49 20 7 57 53 1 13 11 59 8 34 14 33 5 12 26 21 4 43 0 19 45 22 27 37 44
48 15 34 9 39 45 42 28 55 23 31 20 59 58 52 29 54 3 25 4 37 16 43 51 17 36 6 44 7 49 8 40 35 57 12 30 33 5 27 50 47 21 18 22 53 26 14 38 19 0 56 41 11 46 32 24 2 13 10 1
11314459858136092104 4096
42 44 12 53 34 57 54 7 35 22 59 23 46 28 56 40 32 27 43 30 48 47 39 20 14 31 6 18 25 50 9 19 41 13 45 2 4 58 55 15 26 52 38 49 0 24 5 11 10 8 16 21 1 29 17 3 51 33 36 37
58 54 53 51 24 11 28 46 43 36 13 37 49 33 30 27 9 56 55 44 41 19 7 57 52 12 39 29 16 6 40 25 3 34 8 48 31 4 1 26 5 21 22 45 18 47 32 0 59 35 42 17 50 2 38 23 14 20 10 15
42 44 12 53 34 57 54 7 35 22 58 23 46 28 56 40 32 27 43 30 48 47 39 20 14 31 6 18 25 50 9 19 41 13 45 2 4 59 55 15 26 52 38 49 0 24 5 11 10 8 16 21 1 29 17 3 51 33 36 37
58 54 53 51 24 11 28 46 43 36 13 37 49 33 30 27 9 56 55 44 41 19 7 57 52 12 39 29 16 6 40 25 3 34 8 48 31 4 1 26 5 21 22 45 18 47 32 0 59 35 42 17 50 2 38 23 14 20 10 15
11964351246974283812 4096
37 46 26 53 44 9 12 30 22 45 42 49 15 50 35 38 47 2 11 24 29 39 17 58 55 8 52 51 59 6 19 36 56 23 41 14 54 32 7 27 4 16 33 57 10 18 25 5 20 48 21 1 3 0 34 13 28 31 43 40
34 13 55 48 58 37 33 18 3 20 53 46 29 32 21 25 9 14 49 41 5 50 57 0 35 44 36 15 28 54 42 6 11 56 24 39 10 59 22 4 26 47 40 1 23 27 12 7 16 8 30 31 51 38 52 45 2 17 19 43
37 46 34 53 44 26 12 30 22 45 42 49 15 50 35 38 47 2 11 24 29 41 17 58 55 8 52 51 59 6 19 36 56 23 39 14 54 32 7 27 4 16 33 57 10 18 21 5 20 48 25 1 3 0 9 13 28 31 43 40
34 13 55 48 58 37 33 18 42 20 52 46 29 32 21 25 9 14 49 41 5 50 57 0 35 44 36 15 53 54 6 3 11 56 24 39 10 59 22 4 26 47 40 1 23 27 12 7 16 8 30 31 51 38 28 45 2 17 19 43
2493126957672326663 4096
38 44 55 25 59 45 36 22 53 30 17 50 57 54 27 31 39 41 21 29 14 52 1 47 23 43 3 40 7 19 24 4 11 46 49 37 28 58 10 32 5 26 33 2 48 8 9 51 18 13 12 56 35 34 16 6 42 0 20 15
54 53 56 57 35 1 19 58 20 42 8 34 25 51 29 26 47 12 37 55 46 3 40 36 16 31 49 30 38 22 59 15 43 13 45 7 24 44 33 9 14 4 17 50 2 23 32 52 39 27 6 10 41 0 11 21 5 18 48 28
38 44 55 25 59 45 36 22 53 30 39 50 57 31 27 54 17 41 21 29 14 52 1 47 23 43 3 40 7 19 24 4 11 46 49 37 28 58 10 32 5 26 33 2 48 8 9 51 18 13 12 56 35 34 16 6 42 0 20 15
54 53 56 57 35 1 19 58 20 42 8 34 25 51 29 26 47 12 37 55 46 3 40 36 16 31 49 30 38 22 59 15 43 13 45 7 24 44 33 9 14 4 17 50 2 23 32 52 39 27 6 10 41 0 11 21 5 18 48 28
6455119632289679644 4096
36 32 25 4 59 21 20 54 47 37 55 39 34 26 56 38 43 51 30 22 16 6 28 46 53 48 45 2 23 50 13 41 19 3 52 58 5 18 9 31 49 57 33 35 7 15 8 11 27 40 24 44 42 1 17 0 12 14 10 29
45 54 51 57 32 50 3 38 24 1 48 52 47 37 8 19 33 27 44 31 56 30 41 9 10 2 29 49 58 25 59 42 11 6 4 35 21 34 39 17 0 43 12 40 36 46 53 7 5 13 16 20 18 26 55 15 23 22 28 14
16 32 25 4 59 21 20 54 47 37 55 39 34 26 56 38 43 51 30 22 36 6 28 46 53 48 45 2 23 50 13 41 19 3 52 58 5 18 9 31 49 57 33 35 7 15 8 11 27 40 24 44 42 1 17 0 12 14 10 29
45 54 51 57 32 50 3 17 24 1 48 52 47 31 8 19 33 27 44 37 56 30 41 9 10 2 29 49 58 25 59 42 11 6 4 35 21 43 39 38 0 34 12 40 36 46 53 7 5 13 16 20 18 26 55 15 23 22 28 14
11069086047549546412 4096
26 48 59 17 32 45 40 0 55 30 51 39 35 5 46 58 44 37 49 24 56 52 3 28 54 42 9 16 31 47 10 19 43 8 14 53 33 11 36 15 4 21 7 34 1 20 18 22 27 57 38 2 25 50 23 6 12 13 29 41
48 18 43 50 20 24 32 54 31 44 25 37 8 51 57 3 47 56 29 39 26 46 53 9 14 41 36 30 55 1 45 38 17 42 23 2 13 59 6 19 28 16 15 10 58 33 7 52 35 0 49 21 34 40 12 11 27 4 5 22
26 48 59 17 32 45 40 0 55 30 51 39 35 5 46 58 44 37 49 24 56 52 3 28 54 42 9 11 31 47 10 19 43 8 14 53 33 16 36 15 4 21 7 34 1 20 18 22 27 57 38 2 25 50 23 6 12 13 29 41
48 18 43 50 20 24 32 54 31 44 25 37 26 51 57 3 47 56 29 39 8 46 53 9 14 41 36 11 55 1 45 38 17 42 23 2 13 59 6 19 28 16 15 10 58 33 7 52 35 0 49 21 34 40 12 30 27 4 5 22
12233823403730310809 4096
55 41 33 51 21 39 46 0 1 52 30 50 15 25 57 27 37 58 32 29 4 54 17 38 45 24 12 44 56 48 3 16 7 43 53 40 34 6 19 59 22 23 35 2 31 8 13 18 26 14 5 28 10 11 47 49 20 9 36 42
35 44 54 0 26 38 11 51 48 16 39 53 29 58 32 57 22 10 21 36 56 20 42 13 9 14 59 33 37 3 55 24 28 18 31 4 25 27 50 1 49 6 15 34 7 47 23 52 46 41 17 5 40 45 2 12 30 43 8 19
55 41 33 51 21 39 46 0 30 52 1 50 15 25 57 27 37 49 32 29 4 54 17 38 45 24 12 44 56 48 3 16 7 43 53 40 34 6 19 59 22 23 35 2 18 8 13 10 26 14 5 28 31 11 47 58 20 9 36 42
35 44 54 15 26 38 11 51 48 16 55 53 29 58 32 57 22 10 21 36 56 20 42 4 9 14 59 33 37 3 39 13 28 18 31 24 25 27 50 1 49 6 0 34 7 47 23 52 46 41 17 5 40 45 2 12 30 43 8 19
13929856280103941205 4096
39 44 38 22 55 34 46 23 27 49 32 15 33 40 57 45 25 43 41 20 19 56 10 13 4 59 37 42 35 18 21 2 51 52 14 30 7 48 0 50 1 26 8 17 47 6 31 5 36 11 53 58 54 28 24 9 16 29 3 12
17 54 22 18 40 43 19 38 49 44 12 50 46 39 1 24 51 34 52 30 14 37 57 55 41 42 4 58 25 47 45 59 56 11 35 6 15 9 53 36 31 3 32 33 0 26 16 48 23 27 21 2 10 8 28 20 7 13 5 29
39 44 38 22 55 34 46 23 27 49 32 15 7 31 57 45 25 43 41 20 19 56 10 13 4 59 37 42 35 18 21 2 51 52 14 30 33 48 0 50 1 26 8 17 47 6 40 5 36 11 53 58 54 28 24 9 16 29 3 12
17 54 22 18 40 43 19 38 49 44 12 50 46 39 1 24 51 34 52 30 14 37 57 55 41 42 4 58 25 47 45 16 56 11 35 6 15 9 53 36 31 3 32 33 0 26 59 48 23 27 21 2 10 8 28 20 7 13 5 29
7259673345137334513 4096
32 24 34 54 42 33 55 12 25 44 49 47 38 48 59 50 29 5 0 31 45 17 2 46 52 26 43 51 7 53 58 13 8 19 37 36 15 9 35 4 14 10 1 6 22 40 57 27 20 56 11 16 39 21 41 23 18 3 30 28
39 43 53 11 58 57 36 21 19 51 12 30 34 23 24 59 20 33 48 3 44 47 54 22 26 42 2 31 56 38 0 6 35 50 46 7 27 29 4 25 13 52 55 41 9 8 16 10 49 1 45 28 17 18 5 40 32 14 37 15
32 24 34 54 42 33 55 12 25 44 49 47 38 48 59 50 29 5 0 31 57 17 2 46 52 26 45 51 14 53 58 13 8 19 37 36 15 9 35 4 7 23 1 6 22 40 43 27 20 56 11 16 39 21 41 10 18 3 30 28
39 14 53 11 58 57 36 21 19 51 12 30 34 23 38 59 24 33 48 3 44 47 54 22 26 42 2 31 56 20 0 6 35 50 46 7 27 29 4 25 13 52 55 41 9 8 16 10 49 1 45 28 17 18 5 40 32 43 37 15
14329337094898185905 4096
49 57 59 25 40 50 32 2 3 21 38 26 12 4 35 58 55 56 23 42 17 43 18 47 0 54 28 6 53 41 19 44 36 14 45 5 48 7 22 31 9 34 24 1 46 51 10 16 29 27 8 39 11 37 52 20 33 15 13 30
45 13 29 50 9 41 37 24 33 55 59 53 42 49 14 19 20 3 48 57 4 8 43 39 51 15 25 28 34 6 58 10 5 27 36 44 26 52 16 40 23 7 18 46 22 30 32 31 1 35 38 17 56 11 2 47 12 21 54 0
49 57 59 25 40 50 32 2 3 21 38 26 12 4 35 58 55 56 23 42 17 43 18 47 0 54 28 6 53 41 19 44 36 14 45 5 48 7 22 31 9 34 24 1 46 51 10 16 29 27 8 39 11 37 52 20 33 15 13 30
45 13 29 50 9 41 37 24 11 55 59 53 42 49 14 19 20 3 48 57 4 8 43 39 51 15 25 28 34 6 58 10 5 27 36 44 26 52 16 40 23 7 18 46 22 30 32 31 1 35 38 17 56 33 2 47 12 21 54 0
6796245151479569425 4096
43 41 56 10 35 50 27 36 3 34 22 51 40 32 20 52 37 42 26 29 48 8 58 47 13 38 53 12 55 54 46 39 14 7 6 17 5 1 25 18 19 30 11 33 45 57 4 15 9 44 49 24 59 23 16 21 28 2 31 0
15 7 34 33 20 38 48 26 29 14 46 12 22 53 52 27 32 19 4 39 5 59 31 47 58 36 21 1 56 23 54 45 41 50 13 24 40 57 10 43 37 49 42 0 2 11 55 51 8 9 16 44 3 28 25 17 18 30 6 35
43 41 56 10 35 50 27 36 3 34 49 51 40 32 20 52 37 42 26 29 48 8 58 47 13 38 53 12 55 54 46 39 14 7 6 17 5 1 25 18 19 30 11 33 45 57 4 15 9 44 22 24 59 23 16 21 28 2 31 0
15 7 34 33 20 38 48 26 29 14 46 12 22 53 52 27 32 19 4 39 5 59 31 47 58 36 42 1 56 23 54 45 41 50 13 24 40 57 10 43 37 49 21 0 2 11 55 51 8 9 16 44 3 28 25 17 18 30 6 35
12113874012163645584 4096
3 55 56 12 25 45 29 54 27 8 23 58 49 34 9 24 40 51 43 38 30 59 39 47 52 18 7 48 13 4 57 1 50 37 17 0 26 15 42 5 2 19 16 6 10 53 35 31 33 28 14 46 41 21 32 22 36 20 44 11
54 45 33 59 15 3 37 42 31 28 46 23 26 52 38 16 51 20 32 4 55 11 57 50 2 8 49 14 13 58 43 34 7 56 36 6 44 24 9 18 30 47 27 22 53 1 0 39 17 5 35 25 19 40 41 48 12 21 10 29
3 55 56 12 22 45 40 54 27 8 23 58 49 34 9 24 29 51 43 38 30 59 39 47 52 18 7 48 13 4 57 16 50 37 17 0 26 15 42 5 2 19 1 6 10 53 35 31 33 28 14 44 41 21 32 25 36 20 46 11
54 45 33 59 15 3 36 42 31 28 46 23 26 52 38 16 51 20 32 4 55 11 57 50 2 8 49 14 13 58 43 34 7 56 37 6 44 24 9 18 30 47 27 22 53 1 0 39 17 5 35 25 19 40 41 48 12 21 10 29
