FACTOR_PERMUTATION_V1 12 16 1024 1 1
10 0 1 1 1 1 1 1 1 1 1 1 0 0 2 2 2 2 2 2 2 2 2 2 0 1 1 2 2 2 2 2 2 2 2 2
0 10 1 1 1 1 1 1 1 1 1 1 0 0 2 2 2 2 2 2 2 2 2 2 1 0 2 2 1 2 2 2 2 2 2 2
1 1 10 0 1 1 1 1 1 1 1 1 2 2 0 0 2 2 2 2 2 2 2 2 1 2 0 1 2 2 2 2 2 2 2 2
1 1 0 10 1 1 1 1 1 1 1 1 2 2 0 0 2 2 2 2 2 2 2 2 2 2 1 0 2 2 1 2 2 2 2 2
1 1 1 1 10 0 1 1 1 1 1 1 2 2 2 2 0 0 2 2 2 2 2 2 2 1 2 2 0 1 2 2 2 2 2 2
1 1 1 1 0 10 1 1 1 1 1 1 2 2 2 2 0 0 2 2 2 2 2 2 2 2 2 2 1 0 2 2 1 2 2 2
1 1 1 1 1 1 10 0 1 1 1 1 2 2 2 2 2 2 0 0 2 2 2 2 2 2 2 1 2 2 0 1 2 2 2 2
1 1 1 1 1 1 0 10 1 1 1 1 2 2 2 2 2 2 0 0 2 2 2 2 2 2 2 2 2 2 1 0 2 1 2 2
1 1 1 1 1 1 1 1 10 0 1 1 2 2 2 2 2 2 2 2 0 1 1 2 2 2 2 2 2 1 2 2 0 1 2 2
1 1 1 1 1 1 1 1 0 10 1 1 2 2 2 2 2 2 2 2 1 0 2 1 2 2 2 2 2 2 2 1 1 0 2 2
1 1 1 1 1 1 1 1 1 1 10 0 2 2 2 2 2 2 2 2 1 2 0 1 2 2 2 2 2 2 2 2 2 2 0 0
1 1 1 1 1 1 1 1 1 1 0 10 2 2 2 2 2 2 2 2 2 1 1 0 2 2 2 2 2 2 2 2 2 2 0 0
0 0 2 2 2 2 2 2 2 2 2 2 10 0 1 1 1 1 1 1 1 1 1 1 0 1 1 2 2 2 2 2 2 2 2 2
0 0 2 2 2 2 2 2 2 2 2 2 0 10 1 1 1 1 1 1 1 1 1 1 1 0 2 2 1 2 2 2 2 2 2 2
2 2 0 0 2 2 2 2 2 2 2 2 1 1 10 0 1 1 1 1 1 1 1 1 1 2 0 1 2 2 2 2 2 2 2 2
2 2 0 0 2 2 2 2 2 2 2 2 1 1 0 10 1 1 1 1 1 1 1 1 2 2 1 0 2 2 1 2 2 2 2 2
2 2 2 2 0 0 2 2 2 2 2 2 1 1 1 1 10 0 1 1 1 1 1 1 2 1 2 2 0 1 2 2 2 2 2 2
2 2 2 2 0 0 2 2 2 2 2 2 1 1 1 1 0 10 1 1 1 1 1 1 2 2 2 2 1 0 2 2 1 2 2 2
2 2 2 2 2 2 0 0 2 2 2 2 1 1 1 1 1 1 10 0 1 1 1 1 2 2 2 1 2 2 0 1 2 2 2 2
2 2 2 2 2 2 0 0 2 2 2 2 1 1 1 1 1 1 0 10 1 1 1 1 2 2 2 2 2 2 1 0 2 1 2 2
2 2 2 2 2 2 2 2 0 1 1 2 1 1 1 1 1 1 1 1 10 1 0 1 2 2 2 2 2 1 2 2 0 2 1 2
2 2 2 2 2 2 2 2 1 0 2 1 1 1 1 1 1 1 1 1 1 10 1 0 2 2 2 2 2 2 2 1 2 0 2 1
2 2 2 2 2 2 2 2 1 2 0 1 1 1 1 1 1 1 1 1 0 1 10 1 2 2 2 2 2 2 2 2 1 2 0 1
2 2 2 2 2 2 2 2 2 1 1 0 1 1 1 1 1 1 1 1 1 0 1 10 2 2 2 2 2 2 2 2 2 1 1 0
0 1 1 2 2 2 2 2 2 2 2 2 0 1 1 2 2 2 2 2 2 2 2 2 10 1 0 1 1 1 1 1 1 1 1 1
1 0 2 2 1 2 2 2 2 2 2 2 1 0 2 2 1 2 2 2 2 2 2 2 1 10 1 1 0 1 1 1 1 1 1 1
1 2 0 1 2 2 2 2 2 2 2 2 1 2 0 1 2 2 2 2 2 2 2 2 0 1 10 1 1 1 1 1 1 1 1 1
2 2 1 0 2 2 1 2 2 2 2 2 2 2 1 0 2 2 1 2 2 2 2 2 1 1 1 10 1 1 0 1 1 1 1 1
2 1 2 2 0 1 2 2 2 2 2 2 2 1 2 2 0 1 2 2 2 2 2 2 1 0 1 1 10 1 1 1 1 1 1 1
2 2 2 2 1 0 2 2 1 2 2 2 2 2 2 2 1 0 2 2 1 2 2 2 1 1 1 1 1 10 1 1 0 1 1 1
2 2 2 1 2 2 0 1 2 2 2 2 2 2 2 1 2 2 0 1 2 2 2 2 1 1 1 0 1 1 10 1 1 1 1 1
2 2 2 2 2 2 1 0 2 1 2 2 2 2 2 2 2 2 1 0 2 1 2 2 1 1 1 1 1 1 1 10 1 0 1 1
2 2 2 2 2 1 2 2 0 1 2 2 2 2 2 2 2 1 2 2 0 2 1 2 1 1 1 1 1 0 1 1 10 1 1 1
2 2 2 2 2 2 2 1 1 0 2 2 2 2 2 2 2 2 2 1 2 0 2 1 1 1 1 1 1 1 1 0 1 10 1 1
2 2 2 2 2 2 2 2 2 2 0 0 2 2 2 2 2 2 2 2 1 2 0 1 1 1 1 1 1 1 1 1 1 1 10 0
2 2 2 2 2 2 2 2 2 2 0 0 2 2 2 2 2 2 2 2 2 1 1 0 1 1 1 1 1 1 1 1 1 1 0 10
0 2
0 3
0 4
0 5
0 6
0 7
0 8
0 9
0 10
0 11
1 2
1 3
1 4
1 5
1 6
1 7
1 8
1 9
1 10
1 11
2 4
2 5
2 6
2 7
2 8
2 9
2 10
2 11
3 4
3 5
3 6
3 7
3 8
3 9
3 10
3 11
4 6
4 7
4 8
4 9
4 10
4 11
5 6
5 7
5 8
5 9
5 10
5 11
6 8
6 9
6 10
6 11
7 8
7 9
7 10
7 11
8 10
8 11
9 10
9 11
0 2
0 3
0 4
0 5
0 6
0 7
0 8
0 9
0 10
0 11
1 2
1 3
1 4
1 5
1 6
1 7
1 8
1 9
1 10
1 11
2 4
2 5
2 6
2 7
2 8
2 9
2 10
2 11
3 4
3 5
3 6
3 7
3 8
3 9
3 10
3 11
4 6
4 7
4 8
4 9
4 10
4 11
5 6
5 7
5 8
5 9
5 10
5 11
6 8
6 9
6 10
6 11
7 8
7 9
7 10
7 11
8 9
8 11
9 10
10 11
0 1
0 3
0 4
0 5
0 6
0 7
0 8
0 9
0 10
0 11
1 2
1 3
1 5
1 6
1 7
1 8
1 9
1 10
1 11
2 3
2 4
2 5
2 6
2 7
2 8
2 9
2 10
2 11
3 4
3 5
3 7
3 8
3 9
3 10
3 11
4 5
4 6
4 7
4 8
4 9
4 10
4 11
5 6
5 7
5 9
5 10
5 11
6 7
6 8
6 9
6 10
6 11
7 8
7 10
7 11
8 9
8 10
8 11
9 10
9 11
17951641924834997535 3072
59 21 49 25 41 5 36 54 47 32 56 31 6 43 58 35 55 20 13 50 51 8 15 16 42 38 53 52 40 4 45 17 9 14 44 2 19 48 0 23 30 34 33 57 11 1 10 37 22 18 24 3 26 46 28 29 39 12 7 27
42 52 24 47 54 35 58 50 1 32 8 51 43 26 21 4 28 56 55 39 15 11 44 23 27 36 18 6 7 59 2 38 53 3 13 10 48 33 49 46 5 37 17 25 14 57 40 31 0 19 41 22 34 16 20 45 29 9 30 12
59 21 49 25 41 5 36 54 47 32 56 44 6 43 58 35 55 20 13 50 51 8 15 16 42 38 53 52 40 4 45 17 9 14 31 2 19 48 0 23 30 34 33 57 11 1 10 37 22 18 24 3 26 46 28 29 39 12 7 27
42 52 20 14 54 35 58 50 1 32 8 51 43 26 21 4 28 56 55 41 15 11 44 27 23 36 13 6 7 59 2 38 53 3 18 22 48 33 49 34 5 37 17 25 47 57 40 31 0 19 39 10 46 16 24 45 29 9 30 12
9268372538283579769 3072
45 54 24 7 35 48 28 51 56 59 26 39 49 46 42 31 36 22 52 20 16 1 38 40 9 55 13 14 4 44 53 57 50 11 47 5 18 15 23 3 34 33 10 27 19 32 30 37 58 0 41 6 17 29 25 8 21 43 2 12
47 44 51 40 56 7 53 35 11 13 58 57 22 19 8 46 27 30 39 55 1 41 54 10 42 0 43 38 14 9 20 17 29 36 24 31 59 26 18 50 5 3 12 28 23 25 15 4 6 16 32 21 49 34 48 37 2 33 45 52
45 54 0 56 35 48 28 51 53 59 26 39 49 46 42 31 36 22 52 20 16 1 38 40 9 55 13 14 24 17 7 57 50 11 47 5 18 15 4 23 34 33 10 27 19 32 30 37 58 3 41 44 6 29 25 8 21 43 2 12
47 44 57 40 41 7 53 29 11 13 58 43 22 19 8 46 27 30 38 4 31 56 51 10 42 0 54 39 14 9 20 17 35 36 24 1 59 26 18 50 5 3 12 28 23 25 15 55 6 16 32 21 49 34 48 37 2 33 45 52
3167967650054667244 3072
30 50 27 5 6 21 59 22 12 37 47 8 53 57 26 41 28 42 33 52 15 3 17 56 4 44 54 40 11 31 19 38 45 39 24 55 46 0 2 34 48 51 25 58 16 10 9 49 20 32 36 29 35 18 1 7 43 13 14 23
52 44 57 40 58 2 54 33 42 22 50 31 45 19 43 30 9 26 24 39 34 16 41 17 20 46 14 7 8 18 3 27 36 5 49 38 10 59 32 51 0 4 11 6 47 48 23 29 56 37 15 55 12 28 35 13 1 53 25 21
30 50 27 5 6 21 59 20 12 37 47 8 53 57 26 41 28 42 33 52 15 3 17 56 22 44 54 40 11 31 19 38 45 39 24 55 46 0 2 34 48 51 25 58 16 10 9 49 4 32 36 29 35 18 1 7 43 13 14 23
52 44 57 40 58 2 54 17 42 22 50 31 45 19 43 30 9 26 24 39 34 16 41 33 20 46 14 7 8 18 3 27 36 5 49 38 10 59 32 51 0 4 11 6 47 48 23 29 56 37 15 55 12 28 35 13 1 53 25 21
5542737208097025949 3072
23 19 49 48 44 32 40 54 33 2 58 50 30 25 41 9 43 31 24 13 52 7 29 46 37 36 4 57 59 15 42 45 51 3 38 39 6 18 16 55 20 53 11 56 47 34 5 26 17 8 27 12 0 10 35 28 1 22 14 21
17 52 10 27 49 40 51 1 35 32 43 41 55 50 31 30 22 21 5 58 38 48 54 25 59 8 29 36 44 45 53 6 3 2 16 24 46 33 19 26 47 34 9 11 28 13 14 7 0 20 15 23 39 57 4 12 56 37 42 18
23 19 49 48 44 32 40 54 33 2 58 50 30 25 41 9 43 31 24 13 52 7 29 46 37 36 4 57 59 15 42 45 51 3 38 39 6 18 16 55 20 53 11 56 47 34 5 26 17 8 27 12 0 10 35 28 1 22 14 21
17 52 10 27 49 40 51 1 35 32 43 41 55 50 31 30 22 21 5 58 38 48 54 25 59 8 29 36 44 45 53 6 0 2 16 24 46 33 19 26 47 34 9 11 28 13 14 7 3 15 20 23 39 57 4 12 56 37 42 18
2548106333118935483 3072
25 55 50 29 32 10 52 58 2 48 31 46 23 24 36 56 3 30 35 39 54 6 41 38 51 47 17 18 40 42 15 45 9 16 49 20 7 57 53 1 13 11 59 8 34 14 33 5 12 26 21 4 43 0 19 28 22 27 37 44
13 52 34 9 39 45 42 28 55 23 31 49 59 58 15 27 53 3 35 4 38 16 43 36 17 51 6 44 7 40 8 20 19 57 12 30 33 5 46 50 47 21 29 22 54 26 14 37 25 0 24 18 11 41 32 56 2 48 10 1
25 55 50 29 32 10 52 58 2 48 31 46 23 24 36 56 3 30 35 39 18 6 41 38 51 47 17 54 40 42 15 45 9 16 49 20 7 57 53 1 13 11 59 8 12 14 33 5 34 26 21 4 43 0 19 28 22 27 37 44
50 38 34 9 39 45 42 28 55 23 31 49 59 58 15 27 53 3 35 4 52 16 43 36 17 51 6 44 7 40 8 20 19 57 12 30 33 5 18 13 47 21 29 22 54 26 14 37 25 0 24 46 11 41 32 56 2 48 10 1
11968397667063519991 3072
42 44 12 55 34 57 54 49 35 22 58 23 46 28 56 40 38 27 5 30 48 19 39 20 14 31 6 18 33 50 9 32 41 13 45 2 51 59 53 15 26 52 4 7 0 24 43 11 10 8 16 21 1 29 17 3 47 25 36 37
58 54 53 51 24 11 28 46 43 36 13 37 49 33 30 27 21 56 55 44 41 25 7 57 52 12 32 29 16 6 40 39 3 34 8 48 31 4 1 26 35 9 19 45 18 47 22 0 59 5 42 17 50 2 38 23 14 20 10 15
42 44 12 55 34 57 54 49 35 22 58 23 46 28 56 40 38 27 5 30 48 19 39 20 14 31 6 18 33 50 9 32 41 13 45 2 51 59 53 15 26 52 4 7 0 24 43 11 10 8 16 21 1 29 17 3 47 25 36 37
58 54 53 51 24 11 28 46 43 36 13 37 49 33 30 27 21 56 55 44 41 25 7 57 52 12 32 29 16 6 40 39 3 34 8 48 31 4 1 26 35 9 19 45 18 47 22 0 59 5 42 17 50 2 38 23 14 20 10 15
17601389339353866858 3072
37 46 28 53 44 57 12 30 22 45 42 49 15 50 35 38 47 2 11 24 29 41 17 58 55 8 52 51 59 6 19 36 56 23 39 14 54 32 7 27 4 16 33 26 10 18 21 5 20 48 25 1 3 0 9 13 34 31 43 40
34 13 55 48 58 37 33 18 42 20 52 46 29 32 21 25 9 14 49 41 5 50 57 0 35 44 36 15 53 54 6 3 11 56 24 39 10 59 22 4 26 47 40 1 23 27 16 7 12 8 30 31 51 38 28 45 2 17 19 43
37 46 28 53 44 57 12 30 22 45 42 49 15 50 35 38 47 2 11 24 29 41 17 58 55 8 52 51 59 6 19 36 56 23 39 14 54 32 7 27 4 16 33 26 10 18 21 5 20 48 25 1 3 0 9 13 34 31 43 40
34 13 55 48 58 37 33 18 42 20 52 46 29 32 21 25 9 14 49 41 5 50 57 0 35 44 36 15 53 54 6 3 11 56 24 39 10 59 22 4 26 47 40 1 23 27 16 7 12 8 30 31 51 38 28 45 2 17 19 43
4426300008119095339 3072
38 44 55 25 59 45 36 22 53 30 39 50 57 31 27 54 17 41 24 29 14 52 1 47 23 43 3 40 7 19 21 4 11 46 49 37 28 58 10 32 5 26 33 2 48 8 9 42 18 13 12 56 35 34 16 6 51 0 20 15
54 53 56 57 35 1 10 58 20 42 8 34 25 51 29 26 47 12 37 55 46 16 40 36 3 31 49 30 38 22 59 15 43 13 45 7 24 44 33 9 14 4 17 50 2 23 32 5 39 27 6 19 41 0 11 21 52 18 48 28
38 44 55 25 59 45 36 22 53 30 39 50 57 31 27 54 17 41 24 29 14 52 1 47 23 43 3 40 7 19 18 4 11 46 49 37 28 58 10 32 5 26 33 2 48 8 9 42 21 13 12 56 35 34 16 6 51 0 20 15
54 53 56 57 35 1 10 58 20 42 8 34 25 51 29 26 47 12 37 55 46 16 40 36 3 31 49 30 38 22 59 15 43 13 45 7 24 44 33 9 14 4 17 50 2 23 32 5 39 27 6 19 41 0 11 21 52 18 48 28
11495296184066715841 3072
16 32 25 4 40 7 20 54 29 37 55 39 18 26 22 57 43 38 30 48 36 9 28 46 53 51 45 21 23 50 13 2 59 3 52 58 5 34 35 31 49 56 33 17 24 15 27 11 8 41 6 44 47 1 19 0 12 14 10 42
12 54 57 31 32 50 3 17 24 34 48 52 47 22 8 19 33 27 44 37 56 30 41 9 10 2 29 49 58 25 6 42 11 59 4 35 21 43 39 26 0 1 13 40 36 46 53 7 5 45 16 20 18 38 55 15 23 51 28 14
16 32 25 4 40 7 20 46 29 37 55 39 18 26 22 19 43 38 30 48 36 9 28 54 53 59 45 21 10 50 13 2 51 3 52 58 5 34 35 31 49 56 33 17 24 15 27 11 8 41 6 44 47 1 57 0 12 14 23 42
12 54 57 31 32 50 3 17 24 34 48 52 47 22 8 19 33 27 44 37 56 30 41 9 10 2 29 49 58 25 6 42 11 59 4 35 21 43 39 26 0 1 13 40 36 46 53 7 5 45 16 20 18 38 55 15 23 51 28 14
17690175342187956304 3072
26 48 59 17 32 45 40 0 55 30 51 39 35 5 46 58 44 37 49 24 56 52 3 28 54 43 9 11 31 47 10 19 42 8 14 53 33 16 36 15 4 21 7 34 1 20 18 22 27 57 38 2 25 50 23 6 12 13 29 41
48 18 43 50 20 24 32 54 31 44 25 37 26 51 57 3 47 56 29 39 8 46 53 9 14 41 36 11 55 1 45 38 17 42 27 2 13 59 6 19 28 16 15 10 58 33 7 52 35 0 49 21 34 40 12 30 23 4 5 22
26 48 59 17 32 45 40 0 55 30 51 39 35 5 46 58 44 37 49 24 56 52 3 28 54 43 9 11 31 47 10 19 42 8 14 53 33 16 36 15 4 21 7 34 1 20 18 22 27 57 38 2 25 50 23 6 12 13 29 41
48 18 43 50 20 24 32 54 31 44 25 37 26 51 57 3 47 56 29 39 8 46 53 9 14 41 36 11 55 1 45 38 17 42 27 2 13 59 6 19 28 16 15 10 58 33 7 52 35 0 49 21 34 40 12 30 23 4 5 22
17641817206782740129 3072
55 41 34 51 21 39 46 0 29 52 30 50 23 25 57 27 37 49 47 1 4 54 17 8 45 24 12 44 56 48 6 10 7 43 53 40 16 3 19 59 22 15 35 36 18 38 13 33 26 14 5 28 31 11 32 58 20 9 2 42
35 44 54 10 40 38 11 51 48 16 55 37 29 58 27 52 22 17 21 36 56 20 42 4 9 14 59 33 53 3 39 13 31 18 28 24 19 32 50 1 49 6 0 34 7 47 23 41 46 57 15 5 26 45 2 12 30 43 8 25
55 41 34 51 21 39 46 0 29 48 30 50 23 25 57 27 53 37 47 1 2 54 17 8 45 24 12 44 56 52 6 10 7 43 49 40 16 3 19 59 22 15 35 36 18 38 13 33 26 14 5 20 31 11 32 58 28 9 4 42
35 44 54 28 40 24 11 51 48 16 55 43 29 58 27 52 22 17 36 21 56 20 42 4 9 14 59 33 53 3 39 13 31 18 10 38 19 32 50 1 49 6 0 34 7 47 23 41 46 57 15 5 26 45 2 12 30 37 8 25
1296787156463963426 3072
39 44 42 22 55 34 35 26 24 49 32 51 7 31 57 45 27 43 36 20 19 56 10 13 4 59 37 48 46 18 21 2 28 52 14 15 33 38 0 50 1 23 8 17 47 6 40 5 41 11 53 58 54 30 25 9 16 29 3 12
36 54 22 18 40 43 29 38 49 44 12 52 46 39 1 24 51 34 50 23 58 14 57 55 41 42 6 30 25 47 45 16 56 11 35 3 4 9 53 2 31 15 32 33 0 26 59 48 37 27 10 17 21 8 28 20 7 13 5 19
39 44 42 22 55 34 35 26 24 49 32 51 7 31 57 45 27 43 36 20 19 56 10 13 4 59 37 48 46 18 21 2 28 52 14 15 33 38 0 50 1 23 8 17 47 6 40 5 41 11 53 58 54 30 25 9 16 29 3 12
36 54 22 18 40 43 29 38 7 44 12 52 46 39 1 24 51 34 50 23 58 37 57 55 41 42 6 30 25 47 45 16 56 11 35 3 4 9 53 2 31 15 32 33 0 26 59 48 14 27 10 17 21 8 28 20 49 13 5 19
7488648548895036987 3072
32 24 34 54 42 33 55 19 0 44 49 47 38 48 59 50 29 5 7 37 57 17 2 46 52 26 45 51 14 4 58 13 8 12 31 36 15 25 35 40 9 23 27 6 22 53 43 1 20 16 11 56 39 21 41 10 18 3 30 28
39 14 53 11 58 57 36 21 19 51 12 30 34 10 55 41 23 33 48 3 44 47 54 22 26 42 2 31 52 20 0 59 35 50 46 7 27 29 4 24 13 38 56 6 9 8 16 25 49 1 45 28 17 18 5 40 32 43 37 15
32 24 34 54 42 33 55 19 21 44 49 47 38 48 59 50 29 5 7 37 57 17 2 46 52 26 45 51 14 4 58 13 8 12 31 36 15 25 35 40 9 23 27 6 22 53 43 1 20 16 11 56 39 0 41 10 18 3 30 28
39 14 53 11 58 57 36 21 19 51 12 30 34 10 55 41 23 33 48 3 44 47 54 22 26 42 2 31 52 20 0 59 35 50 46 7 27 29 4 24 13 38 56 6 9 8 16 25 49 1 45 28 17 18 5 40 32 43 37 15
6492904976747352061 3072
49 57 59 25 40 52 32 2 29 30 28 26 37 4 35 58 55 56 23 42 16 43 18 47 9 54 24 6 53 41 19 44 36 14 45 5 48 7 50 31 0 34 10 1 46 51 38 17 3 27 8 39 11 20 22 12 33 15 13 21
45 13 29 49 9 41 37 25 11 24 59 53 48 50 14 19 20 3 42 57 4 8 43 39 51 15 55 28 34 6 58 10 12 27 36 44 26 52 16 40 23 7 18 46 22 30 32 31 1 35 38 17 56 33 2 47 5 21 54 0
49 57 59 10 40 52 32 2 29 30 28 26 37 4 35 58 55 56 23 42 16 43 18 47 9 54 24 6 53 41 19 44 36 14 45 5 48 7 50 31 0 34 25 1 46 51 38 17 3 27 8 39 11 20 22 12 33 15 13 21
45 4 29 49 9 41 37 25 11 24 59 53 48 50 14 19 20 3 42 57 13 8 43 39 51 15 55 28 34 6 58 10 12 27 36 44 26 52 16 40 23 7 18 46 22 30 32 31 1 35 38 17 56 33 2 47 5 21 54 0
15020619077531721165 3072
43 41 56 23 35 36 27 50 3 34 49 51 40 32 20 37 52 42 26 29 48 8 58 47 13 38 53 12 55 54 46 39 14 7 6 17 9 1 25 18 19 30 11 33 45 57 4 15 5 44 22 24 59 10 16 21 28 2 31 0
15 7 34 8 20 55 48 26 29 14 46 12 22 53 52 27 23 19 4 39 5 59 31 47 58 36 45 33 56 32 54 43 41 50 13 24 49 57 10 42 37 1 21 0 2 11 38 51 40 9 16 44 3 28 25 17 18 30 6 35
43 41 56 23 35 36 27 50 3 34 49 51 40 32 20 37 52 42 26 29 48 8 58 47 13 38 53 12 55 54 46 39 14 7 6 17 9 1 25 18 19 30 11 33 45 57 4 15 5 44 22 24 59 10 16 21 28 2 31 0
15 7 34 8 20 55 48 26 29 14 46 12 22 53 52 27 23 19 4 39 5 59 31 47 58 36 45 33 56 32 54 43 41 50 13 24 49 57 10 42 37 1 21 0 2 11 38 51 40 9 16 44 3 28 25 17 18 30 6 35
13890178419162706982 3072
3 40 56 12 22 45 29 50 27 54 23 58 49 34 9 21 20 51 43 38 30 59 39 47 36 18 7 48 33 4 57 16 8 37 13 0 26 15 42 5 2 19 32 6 10 53 35 31 17 28 14 44 41 24 25 1 52 55 46 11
54 43 33 59 15 3 36 42 48 28 46 10 26 52 38 16 51 21 32 4 55 11 57 50 8 31 49 14 13 58 2 34 7 56 37 6 44 24 9 18 30 47 27 22 53 1 0 39 17 5 35 25 19 40 41 29 12 20 23 45
3 40 56 12 22 45 29 50 27 54 23 55 49 34 9 46 20 51 36 38 30 59 39 47 43 18 7 48 33 8 57 16 42 37 13 0 26 15 4 5 2 19 32 6 10 53 35 31 17 28 14 44 41 24 25 1 52 58 21 11
37 43 33 59 15 3 42 36 48 10 46 28 26 54 38 16 51 21 32 4 55 11 57 50 8 31 49 14 13 58 2 34 9 56 52 6 44 24 7 18 30 47 27 22 53 1 0 39 17 5 35 25 19 40 41 29 12 20 23 45
