FACTOR_PERMUTATION_V1 12 16 1024 1 1
10 0 1 1 1 1 1 1 1 1 1 1 0 0 2 2 2 2 2 2 2 2 2 2 0 1 1 2 2 2 2 2 2 2 2 2
0 10 1 1 1 1 1 1 1 1 1 1 0 0 2 2 2 2 2 2 2 2 2 2 1 0 2 2 1 2 2 2 2 2 2 2
1 1 10 0 1 1 1 1 1 1 1 1 2 2 0 0 2 2 2 2 2 2 2 2 1 2 0 1 2 2 2 2 2 2 2 2
1 1 0 10 1 1 1 1 1 1 1 1 2 2 0 0 2 2 2 2 2 2 2 2 2 2 1 0 2 2 1 2 2 2 2 2
1 1 1 1 10 0 1 1 1 1 1 1 2 2 2 2 0 0 2 2 2 2 2 2 2 1 2 2 0 1 2 2 2 2 2 2
1 1 1 1 0 10 1 1 1 1 1 1 2 2 2 2 0 0 2 2 2 2 2 2 2 2 2 2 1 0 2 2 1 2 2 2
1 1 1 1 1 1 10 0 1 1 1 1 2 2 2 2 2 2 0 0 2 2 2 2 2 2 2 1 2 2 0 1 2 2 2 2
1 1 1 1 1 1 0 10 1 1 1 1 2 2 2 2 2 2 0 0 2 2 2 2 2 2 2 2 2 2 1 0 2 1 2 2
1 1 1 1 1 1 1 1 10 0 1 1 2 2 2 2 2 2 2 2 0 1 1 2 2 2 2 2 2 1 2 2 0 1 2 2
1 1 1 1 1 1 1 1 0 10 1 1 2 2 2 2 2 2 2 2 1 0 2 1 2 2 2 2 2 2 2 1 1 0 2 2
1 1 1 1 1 1 1 1 1 1 10 0 2 2 2 2 2 2 2 2 1 2 0 1 2 2 2 2 2 2 2 2 2 2 0 0
1 1 1 1 1 1 1 1 1 1 0 10 2 2 2 2 2 2 2 2 2 1 1 0 2 2 2 2 2 2 2 2 2 2 0 0
0 0 2 2 2 2 2 2 2 2 2 2 10 0 1 1 1 1 1 1 1 1 1 1 0 1 1 2 2 2 2 2 2 2 2 2
0 0 2 2 2 2 2 2 2 2 2 2 0 10 1 1 1 1 1 1 1 1 1 1 1 0 2 2 1 2 2 2 2 2 2 2
2 2 0 0 2 2 2 2 2 2 2 2 1 1 10 0 1 1 1 1 1 1 1 1 1 2 0 1 2 2 2 2 2 2 2 2
2 2 0 0 2 2 2 2 2 2 2 2 1 1 0 10 1 1 1 1 1 1 1 1 2 2 1 0 2 2 1 2 2 2 2 2
2 2 2 2 0 0 2 2 2 2 2 2 1 1 1 1 10 0 1 1 1 1 1 1 2 1 2 2 0 1 2 2 2 2 2 2
2 2 2 2 0 0 2 2 2 2 2 2 1 1 1 1 0 10 1 1 1 1 1 1 2 2 2 2 1 0 2 2 1 2 2 2
2 2 2 2 2 2 0 0 2 2 2 2 1 1 1 1 1 1 10 0 1 1 1 1 2 2 2 1 2 2 0 1 2 2 2 2
2 2 2 2 2 2 0 0 2 2 2 2 1 1 1 1 1 1 0 10 1 1 1 1 2 2 2 2 2 2 1 0 2 1 2 2
2 2 2 2 2 2 2 2 0 1 1 2 1 1 1 1 1 1 1 1 10 1 0 1 2 2 2 2 2 1 2 2 0 2 1 2
2 2 2 2 2 2 2 2 1 0 2 1 1 1 1 1 1 1 1 1 1 10 1 0 2 2 2 2 2 2 2 1 2 0 2 1
2 2 2 2 2 2 2 2 1 2 0 1 1 1 1 1 1 1 1 1 0 1 10 1 2 2 2 2 2 2 2 2 1 2 0 1
2 2 2 2 2 2 2 2 2 1 1 0 1 1 1 1 1 1 1 1 1 0 1 10 2 2 2 2 2 2 2 2 2 1 1 0
0 1 1 2 2 2 2 2 2 2 2 2 0 1 1 2 2 2 2 2 2 2 2 2 10 1 0 1 1 1 1 1 1 1 1 1
1 0 2 2 1 2 2 2 2 2 2 2 1 0 2 2 1 2 2 2 2 2 2 2 1 10 1 1 0 1 1 1 1 1 1 1
1 2 0 1 2 2 2 2 2 2 2 2 1 2 0 1 2 2 2 2 2 2 2 2 0 1 10 1 1 1 1 1 1 1 1 1
2 2 1 0 2 2 1 2 2 2 2 2 2 2 1 0 2 2 1 2 2 2 2 2 1 1 1 10 1 1 0 1 1 1 1 1
2 1 2 2 0 1 2 2 2 2 2 2 2 1 2 2 0 1 2 2 2 2 2 2 1 0 1 1 10 1 1 1 1 1 1 1
2 2 2 2 1 0 2 2 1 2 2 2 2 2 2 2 1 0 2 2 1 2 2 2 1 1 1 1 1 10 1 1 0 1 1 1
2 2 2 1 2 2 0 1 2 2 2 2 2 2 2 1 2 2 0 1 2 2 2 2 1 1 1 0 1 1 10 1 1 1 1 1
2 2 2 2 2 2 1 0 2 1 2 2 2 2 2 2 2 2 1 0 2 1 2 2 1 1 1 1 1 1 1 10 1 0 1 1
2 2 2 2 2 1 2 2 0 1 2 2 2 2 2 2 2 1 2 2 0 2 1 2 1 1 1 1 1 0 1 1 10 1 1 1
2 2 2 2 2 2 2 1 1 0 2 2 2 2 2 2 2 2 2 1 2 0 2 1 1 1 1 1 1 1 1 0 1 10 1 1
2 2 2 2 2 2 2 2 2 2 0 0 2 2 2 2 2 2 2 2 1 2 0 1 1 1 1 1 1 1 1 1 1 1 10 0
2 2 2 2 2 2 2 2 2 2 0 0 2 2 2 2 2 2 2 2 2 1 1 0 1 1 1 1 1 1 1 1 1 1 0 10
0 2
0 3
0 4
0 5
0 6
0 7
0 8
0 9
0 10
0 11
1 2
1 3
1 4
1 5
1 6
1 7
1 8
1 9
1 10
1 11
2 4
2 5
2 6
2 7
2 8
2 9
2 10
2 11
3 4
3 5
3 6
3 7
3 8
3 9
3 10
3 11
4 6
4 7
4 8
4 9
4 10
4 11
5 6
5 7
5 8
5 9
5 10
5 11
6 8
6 9
6 10
6 11
7 8
7 9
7 10
7 11
8 10
8 11
9 10
9 11
0 2
0 3
0 4
0 5
0 6
0 7
0 8
0 9
0 10
0 11
1 2
1 3
1 4
1 5
1 6
1 7
1 8
1 9
1 10
1 11
2 4
2 5
2 6
2 7
2 8
2 9
2 10
2 11
3 4
3 5
3 6
3 7
3 8
3 9
3 10
3 11
4 6
4 7
4 8
4 9
4 10
4 11
5 6
5 7
5 8
5 9
5 10
5 11
6 8
6 9
6 10
6 11
7 8
7 9
7 10
7 11
8 9
8 11
9 10
10 11
0 1
0 3
0 4
0 5
0 6
0 7
0 8
0 9
0 10
0 11
1 2
1 3
1 5
1 6
1 7
1 8
1 9
1 10
1 11
2 3
2 4
2 5
2 6
2 7
2 8
2 9
2 10
2 11
3 4
3 5
3 7
3 8
3 9
3 10
3 11
4 5
4 6
4 7
4 8
4 9
4 10
4 11
5 6
5 7
5 9
5 10
5 11
6 7
6 8
6 9
6 10
6 11
7 8
7 10
7 11
8 9
8 10
8 11
9 10
9 11
16347899583575087154 1024
18 51 49 26 2 28 36 31 47 32 56 44 35 13 58 23 41 5 1 50 21 8 55 11 42 22 53 16 40 4 45 17 27 52 43 39 19 48 7 15 34 54 33 57 14 30 10 37 29 59 24 38 25 46 6 3 12 0 20 9
42 5 38 47 54 27 58 40 50 32 8 51 43 26 29 4 28 24 55 14 15 25 44 46 23 36 13 52 7 11 2 31 53 3 18 22 48 33 49 34 6 37 17 41 59 35 1 56 0 19 39 10 57 16 20 45 21 9 30 12
18 51 49 26 2 28 36 31 47 32 56 44 35 13 58 27 41 5 1 50 21 8 55 11 42 22 53 16 40 4 45 17 23 52 43 39 19 48 7 15 34 54 33 57 14 30 10 37 29 59 24 38 25 46 6 3 12 0 20 9
42 5 38 47 54 27 58 40 49 32 8 51 43 26 29 4 28 24 55 14 15 25 44 46 23 36 13 52 7 11 35 31 53 3 18 22 48 33 50 34 6 37 17 41 59 2 1 56 0 19 39 10 57 16 20 45 21 9 30 12
10354465689702357704 1024
45 46 0 56 18 16 28 51 43 29 26 58 49 54 42 31 47 32 53 20 48 1 38 39 9 55 13 14 4 21 7 57 50 11 36 5 35 15 24 23 34 33 10 27 19 22 30 37 40 6 41 44 8 3 25 59 52 17 2 12
47 11 38 40 57 7 27 29 44 13 58 43 22 19 8 46 15 30 18 4 31 56 51 10 42 0 37 59 54 9 20 17 35 36 24 5 39 26 14 50 3 6 12 28 23 25 53 55 1 16 32 21 49 34 48 41 2 33 45 52
45 46 0 56 18 16 28 51 43 29 26 58 49 54 42 31 47 32 53 20 48 1 38 39 9 55 13 14 4 21 7 57 50 11 36 5 35 15 24 23 34 33 10 27 19 22 30 37 40 6 41 44 8 3 25 59 52 17 2 12
47 11 38 40 57 7 27 29 44 13 58 43 22 19 8 46 15 30 18 4 31 56 51 10 42 0 37 59 54 9 20 17 35 36 24 5 39 26 14 50 3 6 12 28 23 25 53 55 1 16 32 21 49 34 48 41 2 33 45 52
8735392532882298916 1024
46 54 27 50 3 29 30 20 12 37 39 8 53 57 21 47 28 42 33 52 10 2 7 16 22 51 59 31 11 43 19 38 45 56 26 4 58 0 41 5 48 44 24 14 6 15 9 49 55 32 36 40 35 34 1 17 25 13 18 23
42 15 57 40 58 1 54 11 59 22 50 43 26 39 31 47 9 8 24 34 44 16 41 33 36 46 14 2 56 18 4 6 20 37 49 38 10 48 32 30 0 7 5 27 51 55 23 29 45 17 19 52 12 25 35 13 3 53 28 21
46 54 27 50 3 29 30 20 12 37 39 8 53 57 21 47 28 42 33 52 10 2 7 16 22 51 59 31 11 43 19 38 45 56 26 4 58 0 41 5 48 44 24 14 6 15 9 49 55 32 36 40 35 34 1 17 25 13 18 23
42 15 57 40 58 1 54 11 59 22 50 43 26 39 31 47 9 8 24 34 44 16 41 33 36 46 14 2 56 18 4 6 20 37 49 38 10 48 32 30 0 7 5 27 51 55 23 29 45 17 19 52 12 25 35 13 3 53 28 21
1972988062706750785 1024
41 35 55 48 18 32 20 54 39 0 58 50 30 14 2 47 40 24 52 25 10 45 29 46 37 49 4 57 8 23 44 7 51 3 38 53 6 42 16 36 21 31 9 56 5 34 13 11 17 27 33 12 22 19 59 28 1 26 15 43
8 30 22 27 38 40 47 1 39 15 43 41 55 58 31 33 13 21 5 50 14 48 16 25 59 54 29 36 4 45 2 6 0 49 51 24 46 52 19 26 18 34 53 11 28 10 32 7 12 9 20 23 35 57 44 3 56 37 42 17
41 11 55 48 58 32 20 54 39 0 18 50 30 14 2 47 40 24 52 25 10 16 29 8 31 49 4 45 46 23 44 7 51 3 38 53 6 42 57 36 21 37 9 56 5 34 13 35 17 27 33 12 22 19 59 28 1 26 15 43
8 30 22 27 38 40 47 1 44 14 43 41 55 58 31 33 13 21 5 50 15 48 16 25 59 54 29 36 18 45 2 6 0 49 39 24 46 52 19 26 4 34 53 11 28 10 32 37 9 12 20 23 35 57 51 3 56 7 42 17
12517518291439237031 1024
52 35 50 27 32 29 25 26 2 49 17 46 24 23 54 48 38 30 3 39 47 6 41 58 51 18 28 5 22 55 15 56 9 45 59 20 7 8 53 1 10 11 57 40 12 14 33 4 34 36 42 21 43 0 19 31 16 13 37 44
42 37 34 9 25 45 11 24 28 23 31 49 59 47 15 27 53 3 33 36 52 16 46 35 17 4 6 30 40 8 20 7 48 57 12 44 50 5 26 51 43 21 29 22 54 58 14 38 39 0 55 18 1 41 32 56 2 19 10 13
52 35 50 27 32 29 25 26 2 49 17 46 24 23 54 48 38 30 3 39 47 6 41 58 51 18 28 5 22 55 15 56 9 45 59 20 7 8 53 1 10 11 57 40 12 14 33 4 34 36 42 21 43 0 19 31 16 13 37 44
42 37 34 9 25 45 11 24 28 23 31 49 59 47 15 27 53 3 33 36 52 16 46 35 17 4 6 30 40 8 20 7 48 57 12 44 50 5 26 51 43 21 29 22 54 58 14 38 39 0 55 18 1 41 32 56 2 19 10 13
622872511868296220 1024
3 44 12 50 34 57 54 49 35 23 45 22 11 28 56 40 47 51 5 30 52 19 37 0 14 31 36 46 7 33 41 48 59 10 43 39 27 9 25 15 26 32 6 17 20 24 55 18 13 8 42 21 1 29 58 2 16 53 38 4
14 58 52 51 24 32 11 46 23 55 57 37 49 33 43 27 54 56 19 44 40 25 7 38 50 12 30 5 16 6 35 10 3 34 8 22 31 4 1 21 42 9 20 45 18 47 15 2 26 39 59 17 53 36 13 29 28 41 0 48
3 44 12 14 34 57 54 49 35 23 45 22 11 28 56 40 47 51 5 30 50 19 37 0 52 31 36 46 7 33 41 48 59 10 43 39 27 9 25 15 26 32 6 17 20 24 55 18 13 8 42 21 1 29 58 2 16 53 38 4
14 58 52 51 24 32 11 20 23 55 57 37 49 33 43 27 54 56 19 44 40 25 7 38 50 12 30 5 16 6 35 10 3 34 8 22 31 4 1 21 42 9 46 45 18 47 15 2 26 39 59 17 53 36 13 29 28 41 0 48
3213047712597686274 1024
2 54 28 53 44 23 19 30 22 45 25 49 15 50 35 38 57 43 11 24 29 41 47 46 4 8 52 14 59 6 12 55 56 3 39 51 58 32 7 27 48 10 33 26 36 18 21 5 20 16 42 1 13 17 9 0 34 31 37 40
34 13 55 43 58 24 33 9 35 36 53 0 29 6 21 22 52 19 44 41 5 50 12 57 39 49 42 15 37 46 59 3 11 56 31 32 1 10 25 18 26 47 40 28 23 27 16 7 4 8 30 48 51 38 14 45 2 17 54 20
2 54 28 7 44 23 19 30 22 45 25 49 15 50 35 38 57 43 11 24 29 41 47 46 4 8 52 14 59 6 12 55 56 3 39 51 58 32 53 27 48 10 33 26 36 18 21 5 20 16 42 1 13 17 9 0 34 31 37 40
34 13 55 43 58 24 33 9 35 36 53 0 29 6 21 22 52 19 44 41 5 50 12 57 39 49 42 15 37 46 59 3 11 56 31 32 1 10 25 18 26 47 40 28 23 27 16 7 4 8 30 48 51 38 14 45 2 17 54 20
908343540621843840 1024
56 3 55 34 41 43 36 22 20 30 39 4 57 52 46 54 17 27 24 29 14 0 1 47 15 19 12 40 50 11 48 53 59 44 49 37 38 58 7 32 31 26 33 28 18 8 9 42 21 13 16 45 35 25 10 6 51 23 2 5
54 53 56 57 3 1 10 58 20 42 6 18 32 34 12 26 47 45 37 55 46 16 40 36 35 31 49 30 38 23 39 15 22 13 29 44 24 7 33 9 43 14 17 50 2 4 25 5 59 27 8 19 0 41 11 21 52 48 51 28
56 3 55 34 41 43 36 22 20 30 39 4 57 52 46 54 17 27 24 29 14 0 1 47 15 19 12 40 50 11 48 53 59 44 49 37 38 58 7 32 31 26 33 28 18 8 9 42 21 13 16 45 35 25 10 6 51 23 2 5
54 53 56 57 3 1 10 58 20 42 6 18 32 34 12 26 47 45 37 55 46 16 40 36 35 31 49 30 38 23 39 15 22 13 29 44 24 7 33 9 43 14 17 50 2 4 25 5 59 27 8 19 0 41 11 21 52 48 51 28
11994331013579909424 1024
16 48 25 28 46 7 27 31 29 37 19 39 18 26 55 57 42 38 49 34 36 6 8 54 53 59 45 21 9 50 13 2 43 3 52 58 5 40 35 32 51 56 33 17 24 15 41 11 4 20 10 44 47 1 30 0 12 14 23 22
16 54 47 59 37 26 3 17 51 31 48 57 30 36 7 19 33 22 44 43 10 50 34 9 56 12 29 49 58 25 6 42 14 38 35 4 21 55 39 8 0 2 13 40 1 27 53 52 41 45 32 20 18 5 24 11 23 46 28 15
16 48 25 28 46 7 27 31 29 37 19 39 18 26 55 57 42 38 49 34 36 6 8 54 53 59 45 21 9 50 13 2 43 3 52 58 5 40 35 32 51 56 33 17 24 15 41 11 4 20 10 44 47 1 30 0 12 14 23 22
16 54 47 59 37 26 3 17 51 31 48 57 30 36 7 19 33 22 44 43 10 50 34 9 56 12 29 49 58 25 6 42 14 38 35 4 21 55 39 8 0 2 13 40 1 27 53 52 41 45 32 20 18 5 24 11 23 46 28 15
2583527415244049209 1024
26 48 35 17 32 45 40 0 55 50 51 39 22 5 46 11 59 37 49 24 56 52 19 28 54 43 3 14 31 47 10 9 42 8 13 53 33 58 12 15 4 21 7 57 1 36 18 30 27 44 38 2 25 34 23 6 20 16 29 41
48 54 43 24 20 50 32 14 31 45 25 37 56 51 27 29 47 55 3 30 8 46 53 9 18 40 36 11 26 1 39 15 12 19 57 2 13 49 6 42 28 59 52 10 58 33 7 38 35 0 16 21 34 41 17 44 23 22 5 4
26 48 35 17 32 45 40 0 55 50 51 39 22 5 46 11 59 37 49 24 56 52 19 28 54 43 3 14 31 47 10 9 42 8 13 53 33 58 12 15 4 21 7 57 1 36 18 30 27 44 38 2 25 34 23 6 20 16 29 41
48 54 43 24 20 50 32 14 31 45 25 37 56 51 27 29 47 55 3 30 6 46 53 9 18 40 36 11 26 1 39 15 12 19 57 2 13 49 8 42 28 59 52 10 58 33 7 38 35 0 16 21 34 41 17 44 23 22 5 4
17039746299758728138 1024
14 41 33 51 44 55 53 1 29 21 34 50 23 25 57 27 46 37 45 5 39 52 58 3 47 10 12 48 32 43 16 24 7 54 49 40 8 6 13 59 22 15 35 2 18 38 19 56 36 26 28 20 31 11 30 17 9 0 4 42
33 44 54 21 40 56 30 51 15 16 55 43 29 58 5 52 22 17 1 48 4 26 42 20 9 27 49 14 53 18 39 13 38 3 10 41 19 32 50 36 35 6 0 47 7 34 23 28 46 57 31 24 59 45 2 12 11 37 8 25
14 41 33 51 44 55 53 1 29 21 34 50 23 25 57 27 46 37 45 5 39 52 58 3 47 10 12 48 32 43 16 24 7 54 49 40 8 6 13 59 22 15 35 2 18 38 19 56 36 26 28 20 31 11 30 17 9 0 4 42
33 44 54 21 40 56 30 51 15 16 55 43 29 58 5 24 22 17 1 48 4 26 42 20 9 27 49 14 53 18 39 13 38 3 10 41 19 32 50 36 35 6 0 47 7 34 23 28 46 57 31 52 59 45 2 12 11 37 8 25
2170169122901682860 1024
39 44 57 22 52 34 9 40 24 42 32 51 8 31 38 45 49 43 25 20 13 56 10 19 14 59 37 48 58 12 41 2 28 55 4 53 33 36 0 26 35 23 18 17 47 6 50 5 21 11 7 46 54 30 27 1 15 29 3 16
45 54 6 15 40 14 29 51 13 31 59 17 53 39 1 22 38 34 46 23 58 37 57 52 20 42 24 44 25 47 36 55 56 18 35 3 4 9 50 2 30 11 32 33 0 26 27 48 5 12 16 10 21 8 28 41 7 49 43 19
39 44 57 22 52 34 9 40 24 42 32 51 8 31 38 45 49 43 25 20 13 56 10 19 14 59 37 48 58 12 41 2 28 55 4 53 33 36 0 26 35 23 18 17 47 6 50 5 21 11 7 46 54 30 27 1 15 29 3 16
45 54 6 15 40 14 29 51 13 31 59 17 53 39 1 22 38 34 46 23 58 37 57 52 20 42 24 44 25 47 36 55 56 18 35 3 4 9 50 2 30 11 32 33 0 26 27 48 5 12 16 10 21 8 28 41 7 49 43 19
11417024403739793850 1024
7 24 34 54 36 32 55 19 39 44 49 47 13 48 59 0 21 5 12 45 57 17 2 46 52 26 50 51 14 4 58 41 8 42 37 23 53 25 31 40 9 15 27 6 18 28 43 1 20 16 11 56 33 35 38 10 22 3 30 29
38 14 53 11 58 57 36 21 48 51 44 6 34 10 55 59 23 33 24 3 49 47 54 22 26 42 2 31 52 56 41 0 35 20 46 4 27 17 5 19 50 16 43 13 9 8 39 25 12 1 45 28 29 37 7 40 32 30 18 15
7 24 34 54 36 32 55 19 39 44 49 47 13 48 59 0 21 5 12 45 57 17 2 46 52 26 50 51 14 4 58 41 8 42 37 23 53 25 31 40 9 15 27 6 18 28 43 1 20 16 11 56 33 35 38 10 22 3 30 29
38 14 53 11 58 57 36 21 48 51 44 6 34 10 55 59 23 33 24 3 49 47 54 22 26 42 2 31 52 56 41 0 35 20 46 4 27 17 5 19 50 16 43 13 9 8 39 25 12 1 45 28 29 37 7 40 32 30 18 15
4574476388265584957 1024
0 23 59 10 40 52 33 50 29 32 28 18 21 30 57 58 55 56 36 42 16 53 13 47 38 54 19 2 17 41 39 44 14 35 45 5 48 7 4 43 27 34 25 8 46 51 6 31 3 1 9 24 11 20 22 12 37 26 15 49
48 46 29 39 25 35 37 50 14 7 52 53 49 26 11 19 20 3 42 59 1 8 43 45 51 18 55 36 9 6 58 10 22 13 28 44 24 57 16 17 23 54 15 12 4 30 32 31 33 41 27 40 56 34 2 47 5 0 38 21
0 23 59 10 40 52 33 48 29 32 28 18 21 30 57 58 55 56 36 42 16 53 13 47 38 54 19 2 9 41 39 44 14 35 45 5 50 7 4 43 27 34 25 8 46 51 6 31 3 1 17 24 11 20 22 12 37 26 15 49
48 46 29 39 25 50 37 35 14 7 52 53 49 26 11 19 20 3 42 59 1 8 43 45 51 18 55 36 9 6 58 10 22 13 28 44 24 57 16 17 23 54 15 12 4 30 32 31 33 41 27 40 56 34 2 47 5 0 38 21
876569748977997341 1024
43 41 56 10 35 39 27 50 3 34 30 8 40 33 20 37 52 42 51 29 48 4 58 19 25 38 53 2 9 54 46 36 14 7 6 17 13 1 49 18 47 55 26 32 45 57 22 15 5 44 11 24 59 23 16 21 28 12 31 0
15 46 34 8 20 55 48 26 29 14 44 0 4 50 52 27 30 19 5 39 37 59 38 47 18 13 45 33 56 32 54 35 41 22 36 24 58 57 12 42 23 3 21 53 2 11 31 51 40 9 16 7 10 28 25 17 49 1 6 43
43 41 56 10 35 39 27 50 3 34 30 8 40 33 20 37 52 42 51 29 48 4 58 19 25 38 53 2 9 54 46 36 14 7 6 17 13 1 49 18 47 55 26 32 45 57 22 15 5 44 11 24 59 23 16 21 28 12 31 0
15 46 34 8 20 55 48 26 29 14 44 0 4 50 52 27 30 19 5 39 37 59 38 47 18 13 45 33 58 32 54 35 41 22 36 24 56 57 12 42 23 3 21 53 2 11 31 51 40 9 16 7 10 28 25 17 49 1 6 43
6341244625493201056 1024
3 11 56 23 0 59 41 50 22 12 5 24 49 46 32 34 20 51 36 13 30 45 39 38 27 18 8 48 33 7 57 16 47 37 42 54 26 15 4 52 2 19 9 6 10 53 35 31 55 28 17 44 29 14 25 58 43 40 21 1
41 43 30 56 15 12 48 36 34 28 45 44 26 54 33 2 51 21 32 4 55 11 46 50 8 31 49 14 13 53 7 27 38 20 17 6 42 24 9 18 52 47 40 22 59 1 0 39 19 5 35 25 58 16 37 57 3 10 23 29
3 11 56 23 0 59 41 50 22 12 5 24 49 46 32 34 20 51 36 13 30 45 39 38 27 18 8 48 33 7 57 16 47 37 42 54 26 15 4 52 2 19 9 6 10 53 35 31 55 28 17 44 29 14 25 58 43 40 21 1
41 43 30 56 15 12 48 36 34 28 45 44 26 54 33 2 51 21 32 4 55 11 46 50 8 31 49 14 13 53 7 27 38 20 17 6 35 24 9 18 52 47 40 22 59 1 0 39 19 5 42 25 58 16 37 57 3 10 23 29
