FACTOR_PERMUTATION_V1 12 16 1024 1 1
10 0 1 1 1 1 1 1 1 1 1 1 0 0 2 2 2 2 2 2 2 2 2 2 0 1 1 2 2 2 2 2 2 2 2 2
0 10 1 1 1 1 1 1 1 1 1 1 0 0 2 2 2 2 2 2 2 2 2 2 1 0 2 2 1 2 2 2 2 2 2 2
1 1 10 0 1 1 1 1 1 1 1 1 2 2 0 0 2 2 2 2 2 2 2 2 1 2 0 1 2 2 2 2 2 2 2 2
1 1 0 10 1 1 1 1 1 1 1 1 2 2 0 0 2 2 2 2 2 2 2 2 2 2 1 0 2 2 1 2 2 2 2 2
1 1 1 1 10 0 1 1 1 1 1 1 2 2 2 2 0 0 2 2 2 2 2 2 2 1 2 2 0 1 2 2 2 2 2 2
1 1 1 1 0 10 1 1 1 1 1 1 2 2 2 2 0 0 2 2 2 2 2 2 2 2 2 2 1 0 2 2 1 2 2 2
1 1 1 1 1 1 10 0 1 1 1 1 2 2 2 2 2 2 0 0 2 2 2 2 2 2 2 1 2 2 0 1 2 2 2 2
1 1 1 1 1 1 0 10 1 1 1 1 2 2 2 2 2 2 0 0 2 2 2 2 2 2 2 2 2 2 1 0 2 1 2 2
1 1 1 1 1 1 1 1 10 0 1 1 2 2 2 2 2 2 2 2 0 1 1 2 2 2 2 2 2 1 2 2 0 1 2 2
1 1 1 1 1 1 1 1 0 10 1 1 2 2 2 2 2 2 2 2 1 0 2 1 2 2 2 2 2 2 2 1 1 0 2 2
1 1 1 1 1 1 1 1 1 1 10 0 2 2 2 2 2 2 2 2 1 2 0 1 2 2 2 2 2 2 2 2 2 2 0 0
1 1 1 1 1 1 1 1 1 1 0 10 2 2 2 2 2 2 2 2 2 1 1 0 2 2 2 2 2 2 2 2 2 2 0 0
0 0 2 2 2 2 2 2 2 2 2 2 10 0 1 1 1 1 1 1 1 1 1 1 0 1 1 2 2 2 2 2 2 2 2 2
0 0 2 2 2 2 2 2 2 2 2 2 0 10 1 1 1 1 1 1 1 1 1 1 1 0 2 2 1 2 2 2 2 2 2 2
2 2 0 0 2 2 2 2 2 2 2 2 1 1 10 0 1 1 1 1 1 1 1 1 1 2 0 1 2 2 2 2 2 2 2 2
2 2 0 0 2 2 2 2 2 2 2 2 1 1 0 10 1 1 1 1 1 1 1 1 2 2 1 0 2 2 1 2 2 2 2 2
2 2 2 2 0 0 2 2 2 2 2 2 1 1 1 1 10 0 1 1 1 1 1 1 2 1 2 2 0 1 2 2 2 2 2 2
2 2 2 2 0 0 2 2 2 2 2 2 1 1 1 1 0 10 1 1 1 1 1 1 2 2 2 2 1 0 2 2 1 2 2 2
2 2 2 2 2 2 0 0 2 2 2 2 1 1 1 1 1 1 10 0 1 1 1 1 2 2 2 1 2 2 0 1 2 2 2 2
2 2 2 2 2 2 0 0 2 2 2 2 1 1 1 1 1 1 0 10 1 1 1 1 2 2 2 2 2 2 1 0 2 1 2 2
2 2 2 2 2 2 2 2 0 1 1 2 1 1 1 1 1 1 1 1 10 1 0 1 2 2 2 2 2 1 2 2 0 2 1 2
2 2 2 2 2 2 2 2 1 0 2 1 1 1 1 1 1 1 1 1 1 10 1 0 2 2 2 2 2 2 2 1 2 0 2 1
2 2 2 2 2 2 2 2 1 2 0 1 1 1 1 1 1 1 1 1 0 1 10 1 2 2 2 2 2 2 2 2 1 2 0 1
2 2 2 2 2 2 2 2 2 1 1 0 1 1 1 1 1 1 1 1 1 0 1 10 2 2 2 2 2 2 2 2 2 1 1 0
0 1 1 2 2 2 2 2 2 2 2 2 0 1 1 2 2 2 2 2 2 2 2 2 10 1 0 1 1 1 1 1 1 1 1 1
1 0 2 2 1 2 2 2 2 2 2 2 1 0 2 2 1 2 2 2 2 2 2 2 1 10 1 1 0 1 1 1 1 1 1 1
1 2 0 1 2 2 2 2 2 2 2 2 1 2 0 1 2 2 2 2 2 2 2 2 0 1 10 1 1 1 1 1 1 1 1 1
2 2 1 0 2 2 1 2 2 2 2 2 2 2 1 0 2 2 1 2 2 2 2 2 1 1 1 10 1 1 0 1 1 1 1 1
2 1 2 2 0 1 2 2 2 2 2 2 2 1 2 2 0 1 2 2 2 2 2 2 1 0 1 1 10 1 1 1 1 1 1 1
2 2 2 2 1 0 2 2 1 2 2 2 2 2 2 2 1 0 2 2 1 2 2 2 1 1 1 1 1 10 1 1 0 1 1 1
2 2 2 1 2 2 0 1 2 2 2 2 2 2 2 1 2 2 0 1 2 2 2 2 1 1 1 0 1 1 10 1 1 1 1 1
2 2 2 2 2 2 1 0 2 1 2 2 2 2 2 2 2 2 1 0 2 1 2 2 1 1 1 1 1 1 1 10 1 0 1 1
2 2 2 2 2 1 2 2 0 1 2 2 2 2 2 2 2 1 2 2 0 2 1 2 1 1 1 1 1 0 1 1 10 1 1 1
2 2 2 2 2 2 2 1 1 0 2 2 2 2 2 2 2 2 2 1 2 0 2 1 1 1 1 1 1 1 1 0 1 10 1 1
2 2 2 2 2 2 2 2 2 2 0 0 2 2 2 2 2 2 2 2 1 2 0 1 1 1 1 1 1 1 1 1 1 1 10 0
2 2 2 2 2 2 2 2 2 2 0 0 2 2 2 2 2 2 2 2 2 1 1 0 1 1 1 1 1 1 1 1 1 1 0 10
0 2
0 3
0 4
0 5
0 6
0 7
0 8
0 9
0 10
0 11
1 2
1 3
1 4
1 5
1 6
1 7
1 8
1 9
1 10
1 11
2 4
2 5
2 6
2 7
2 8
2 9
2 10
2 11
3 4
3 5
3 6
3 7
3 8
3 9
3 10
3 11
4 6
4 7
4 8
4 9
4 10
4 11
5 6
5 7
5 8
5 9
5 10
5 11
6 8
6 9
6 10
6 11
7 8
7 9
7 10
7 11
8 10
8 11
9 10
9 11
0 2
0 3
0 4
0 5
0 6
0 7
0 8
0 9
0 10
0 11
1 2
1 3
1 4
1 5
1 6
1 7
1 8
1 9
1 10
1 11
2 4
2 5
2 6
2 7
2 8
2 9
2 10
2 11
3 4
3 5
3 6
3 7
3 8
3 9
3 10
3 11
4 6
4 7
4 8
4 9
4 10
4 11
5 6
5 7
5 8
5 9
5 10
5 11
6 8
6 9
6 10
6 11
7 8
7 9
7 10
7 11
8 9
8 11
9 10
10 11
0 1
0 3
0 4
0 5
0 6
0 7
0 8
0 9
0 10
0 11
1 2
1 3
1 5
1 6
1 7
1 8
1 9
1 10
1 11
2 3
2 4
2 5
2 6
2 7
2 8
2 9
2 10
2 11
3 4
3 5
3 7
3 8
3 9
3 10
3 11
4 5
4 6
4 7
4 8
4 9
4 10
4 11
5 6
5 7
5 9
5 10
5 11
6 7
6 8
6 9
6 10
6 11
7 8
7 10
7 11
8 9
8 10
8 11
9 10
9 11
1435813299650833694 6144
59 41 49 25 21 5 36 43 45 32 20 44 6 52 58 35 55 39 11 50 7 8 42 15 51 38 53 56 54 48 9 17 3 14 40 2 19 47 0 31 30 13 34 57 18 1 22 37 33 12 24 29 26 46 28 10 16 23 4 27
42 52 24 47 54 35 58 10 33 32 59 18 43 26 21 4 28 8 55 39 15 11 44 27 56 36 29 2 7 12 41 38 53 3 5 22 50 1 49 46 37 9 17 25 23 57 40 31 0 30 6 20 34 48 16 45 51 13 19 14
59 41 49 25 21 5 36 43 45 32 20 44 6 52 58 35 55 39 11 50 7 8 42 15 51 38 53 56 54 48 9 17 3 14 40 2 19 47 0 31 30 13 34 57 18 1 22 37 33 16 24 29 26 46 28 10 12 23 4 27
42 52 24 47 54 35 58 10 33 32 59 18 43 26 21 4 28 8 55 39 15 11 44 56 27 36 29 2 7 12 41 38 53 3 5 22 50 1 49 46 37 9 17 25 23 57 40 31 0 30 6 20 34 48 16 45 51 13 19 14
11539117781296610289 6144
45 50 14 8 35 20 28 54 21 57 49 47 59 58 1 29 36 26 52 38 56 31 44 40 9 55 17 12 27 48 53 13 37 3 39 15 18 5 23 2 34 33 10 51 19 32 4 43 46 25 41 6 7 16 0 24 22 30 11 42
47 44 24 34 40 9 58 35 19 13 45 7 22 11 15 46 27 50 39 30 41 55 54 10 29 0 12 36 14 8 20 17 42 37 52 31 59 26 18 33 5 3 43 28 53 25 57 4 6 56 32 21 49 1 48 38 2 23 51 16
45 50 14 8 35 20 28 54 21 57 49 47 59 58 1 29 36 26 52 38 56 31 44 40 9 55 17 12 27 48 53 13 37 3 39 15 18 5 23 2 34 33 10 51 19 32 4 43 46 25 41 6 7 16 0 24 22 30 11 42
47 44 24 34 40 9 58 35 19 13 45 7 22 11 15 46 27 50 39 30 41 55 54 10 29 0 12 36 14 8 20 17 42 37 52 31 59 26 18 33 5 3 43 28 53 25 57 4 6 56 32 21 49 1 48 38 2 23 51 16
11590151399517110866 6144
57 40 22 53 6 44 45 27 12 2 47 49 54 16 26 41 28 42 33 52 15 8 17 31 4 21 46 50 55 51 19 38 3 39 24 13 9 0 37 34 48 56 25 58 14 5 59 30 20 32 36 29 35 18 1 7 43 10 11 23
37 30 57 41 58 33 10 4 42 15 50 44 45 16 35 38 9 31 24 22 34 55 48 17 20 54 14 7 6 18 3 27 51 5 36 39 23 49 32 13 0 43 11 8 47 46 19 2 56 29 26 59 12 25 52 28 1 53 40 21
57 50 22 54 6 21 45 27 12 37 47 49 53 16 26 41 28 42 33 52 15 51 17 31 4 44 46 40 13 3 19 38 8 39 24 55 9 0 2 34 48 56 25 58 10 5 59 30 20 32 36 29 35 18 1 7 43 14 11 23
37 44 57 36 58 33 10 4 42 15 50 31 45 11 35 30 9 39 24 22 34 55 48 17 20 54 14 7 6 18 3 27 51 5 49 38 23 41 32 13 0 43 16 8 47 46 19 2 56 29 26 59 12 25 52 28 1 53 40 21
4552456721549338081 6144
23 19 49 48 24 32 40 54 33 3 58 50 30 25 41 9 43 28 44 13 17 7 29 8 37 36 14 57 59 15 45 42 51 2 38 31 6 18 16 55 0 52 11 56 47 34 5 26 53 46 27 12 20 10 35 39 1 4 22 21
1 52 50 27 58 35 51 13 39 32 43 41 55 53 31 46 28 42 5 49 38 48 54 25 59 8 29 36 44 45 17 6 0 30 16 24 18 33 23 26 47 2 9 34 22 14 11 7 3 20 15 19 40 57 4 10 56 37 21 12
23 19 49 48 24 32 40 54 33 3 58 50 30 25 41 9 43 28 44 13 53 7 29 46 37 36 14 57 59 15 45 42 51 2 38 31 6 18 16 55 0 52 11 56 47 34 5 26 17 8 27 12 20 10 35 39 1 22 4 21
1 52 50 27 58 35 51 13 39 32 43 41 55 53 31 46 22 42 5 49 38 48 54 25 59 8 29 36 44 45 17 6 0 30 16 24 18 33 23 26 47 34 9 11 28 14 2 7 3 20 15 19 40 57 4 10 56 37 21 12
9771949062711787016 6144
25 55 50 21 32 10 53 58 36 48 41 46 24 23 40 56 3 30 35 39 54 6 31 38 42 47 13 18 2 17 15 28 9 16 49 20 7 57 51 1 33 11 59 8 34 14 52 5 12 26 29 4 43 0 19 45 22 27 37 44
37 13 34 9 39 45 48 28 55 23 31 25 49 58 56 43 54 3 47 4 20 16 46 51 17 53 36 44 5 57 8 40 35 41 0 30 33 6 26 50 21 15 14 22 7 19 29 38 27 12 52 59 11 24 32 10 2 42 18 1
25 55 50 29 32 10 53 58 36 48 41 46 24 23 40 56 3 30 35 39 54 6 31 38 42 47 13 18 2 17 15 28 9 16 49 20 7 57 51 1 52 11 59 8 34 14 33 5 12 26 21 4 43 0 19 45 22 27 37 44
37 13 34 9 39 45 48 28 55 23 31 25 49 58 56 43 54 3 20 4 47 16 46 51 17 53 36 44 7 57 8 40 35 41 0 30 33 6 26 50 21 15 14 22 5 19 29 38 27 12 52 59 11 24 32 10 2 42 18 1
12490682301281971227 6144
42 32 10 53 34 57 55 7 26 22 58 51 5 28 56 40 44 27 43 30 48 47 39 15 41 31 9 18 17 54 46 38 14 13 45 2 4 59 23 50 35 52 19 49 0 24 8 16 20 6 11 21 1 29 25 3 12 33 36 37
58 54 55 51 24 11 28 46 43 36 13 9 19 53 30 27 3 56 49 44 41 22 15 57 52 12 39 29 17 0 35 25 37 34 6 48 31 4 8 23 5 21 26 45 18 47 32 7 59 40 42 16 50 2 38 14 33 20 10 1
42 32 10 53 34 57 55 7 26 22 58 51 5 28 56 40 44 27 43 30 48 47 39 15 41 31 9 18 17 54 46 38 14 13 45 2 4 59 23 50 35 52 19 49 0 24 8 16 20 6 11 21 1 29 25 3 12 33 36 37
58 54 55 51 24 11 28 46 43 36 13 9 49 53 30 27 3 56 19 44 41 22 15 57 52 12 39 29 17 0 35 25 37 34 6 48 31 4 8 23 5 21 26 45 18 47 32 7 59 40 42 16 50 2 38 14 33 20 10 1
1964350223447390248 6144
38 46 26 35 44 59 36 31 22 45 51 56 53 50 34 41 21 16 11 24 29 2 17 58 55 8 15 42 19 6 9 39 49 23 37 14 54 32 7 27 4 12 33 57 10 18 25 5 20 48 47 1 3 0 28 13 30 52 43 40
34 13 55 48 58 28 17 18 43 20 56 8 29 32 30 25 9 14 49 42 5 50 57 37 35 44 36 15 45 54 46 6 22 53 31 39 10 59 11 4 26 47 40 0 23 27 12 7 16 41 52 24 51 38 21 1 2 33 19 3
37 46 26 53 44 59 12 30 22 45 42 56 15 50 35 41 21 39 11 24 29 2 17 58 55 8 52 51 19 6 9 36 49 23 16 14 54 32 7 27 4 38 33 57 10 18 25 5 20 48 47 1 3 0 28 13 34 31 43 40
34 13 55 48 58 37 33 18 43 20 56 8 29 32 52 25 9 14 49 42 5 50 57 1 35 44 36 15 45 54 46 6 22 53 24 39 10 59 11 4 26 47 40 0 23 27 12 7 16 41 30 31 51 38 21 28 2 17 19 3
5174715924892970683 6144
38 44 25 23 59 45 55 22 53 30 17 50 57 54 27 36 39 41 21 29 14 32 9 47 43 5 4 40 49 19 6 10 11 46 7 37 31 58 3 52 35 26 33 24 48 8 1 51 18 13 12 56 28 34 16 2 42 0 20 15
51 43 54 45 35 1 50 58 20 49 8 19 25 34 12 26 47 29 37 55 46 2 40 31 16 48 15 30 38 22 59 57 53 13 42 7 24 44 33 5 14 4 17 36 0 23 32 52 39 27 6 11 41 3 10 18 9 21 56 28
38 44 25 23 59 45 55 22 53 30 17 48 57 54 27 36 39 41 21 29 14 32 9 47 43 5 4 40 49 19 6 10 11 46 7 37 31 58 3 52 35 26 33 24 50 8 1 51 18 13 12 56 28 34 16 2 42 0 20 15
51 53 54 57 35 1 50 58 20 49 8 19 25 34 12 26 47 29 37 55 46 2 40 31 16 42 15 30 38 22 59 45 43 13 48 7 24 44 33 5 14 4 17 36 0 23 32 52 39 27 6 11 41 3 10 18 9 21 56 28
1267214077256401566 6144
36 32 25 31 59 21 28 4 45 37 55 46 57 26 56 38 43 41 30 22 14 44 6 39 53 54 47 3 23 50 13 51 19 20 52 58 5 34 9 1 49 18 33 35 7 15 2 48 27 40 24 11 42 8 17 0 12 16 10 29
8 54 51 32 15 50 43 31 20 34 48 52 47 9 45 19 33 27 44 38 58 30 41 55 10 2 29 49 56 25 59 3 11 37 4 35 21 1 39 57 14 42 17 40 36 46 53 7 5 13 16 24 18 26 6 12 22 23 28 0
36 32 25 54 59 21 28 4 45 37 55 46 57 26 56 38 43 51 30 22 16 6 44 39 53 31 47 3 23 50 13 41 19 20 52 58 5 34 9 1 49 18 33 35 7 15 2 48 27 40 24 11 42 8 17 0 12 14 10 29
8 54 51 32 15 50 43 31 20 34 48 52 47 9 45 19 33 27 44 38 58 30 41 55 10 2 29 49 56 25 59 3 11 37 4 35 21 1 39 57 14 42 17 40 36 46 53 7 5 13 16 24 18 26 6 12 22 23 28 0
5600718820878290422 6144
54 48 59 17 32 45 40 0 23 30 51 39 27 11 46 58 44 37 49 24 56 52 3 28 26 42 9 16 31 47 10 35 43 8 14 53 33 12 36 15 4 21 7 50 1 20 34 22 19 57 38 2 5 18 55 6 25 13 29 41
36 18 43 50 20 24 32 54 31 45 25 37 26 51 57 29 47 56 3 39 8 46 53 9 14 41 48 30 55 1 44 38 17 42 23 2 13 59 6 19 28 16 15 10 58 33 7 52 35 0 49 21 34 40 12 11 27 4 5 22
26 48 59 17 32 45 40 0 55 30 51 39 27 11 46 58 44 37 49 24 56 52 3 28 54 42 9 16 31 47 10 19 43 8 14 53 33 5 36 15 4 21 7 34 1 20 18 22 35 57 38 2 12 50 23 6 25 13 29 41
36 18 43 50 20 24 32 54 31 44 25 37 8 51 57 3 47 56 29 39 26 46 53 9 14 41 48 30 55 1 45 38 17 42 23 2 13 59 6 19 28 16 15 10 58 33 7 52 35 0 49 21 34 40 12 11 27 4 5 22
3011995732601921328 6144
55 41 33 30 21 40 46 10 49 52 51 50 15 25 57 27 36 58 32 29 4 54 17 38 45 24 12 44 56 48 3 19 5 43 53 39 34 2 16 59 22 23 35 6 31 8 13 18 26 14 1 28 0 11 47 7 20 9 37 42
42 44 54 51 26 38 14 48 31 25 52 53 29 58 39 0 10 22 6 36 56 20 2 13 9 11 59 33 37 3 55 24 28 18 15 4 16 27 50 1 49 57 17 34 7 47 23 32 46 41 21 5 40 45 19 12 30 43 8 35
55 41 33 30 21 40 46 10 49 52 51 50 15 25 57 27 36 58 32 29 4 54 17 38 45 24 12 44 56 48 3 19 5 43 53 39 34 6 16 59 22 23 35 2 31 8 13 18 26 14 1 28 0 11 47 7 20 9 37 42
42 44 54 51 26 38 14 48 31 25 52 53 29 58 39 0 10 22 6 36 56 20 35 13 9 11 59 33 37 3 55 24 28 18 15 4 16 27 50 1 49 57 17 34 7 47 23 32 46 41 21 5 40 45 19 12 30 43 8 2
5921306664687662010 6144
53 44 38 22 47 34 46 10 27 31 30 18 48 40 57 45 33 43 51 20 19 32 23 13 4 59 37 42 55 17 21 2 41 52 39 49 7 56 0 50 1 26 8 25 35 5 14 6 36 11 16 58 54 28 24 9 15 29 3 12
17 54 22 15 40 43 19 38 49 44 45 36 58 25 1 24 51 34 52 23 14 37 57 55 46 42 4 32 3 47 35 59 56 10 12 2 29 9 53 27 31 7 16 33 0 50 41 48 18 26 39 6 28 8 11 20 21 13 5 30
53 44 38 22 47 34 46 10 27 31 49 18 48 40 57 45 33 43 51 20 19 32 23 13 4 59 37 42 55 17 21 2 41 52 39 30 7 56 0 50 1 26 8 25 35 5 14 6 36 11 16 58 54 28 24 9 15 29 3 12
17 54 22 18 40 43 19 38 49 44 45 36 58 25 1 24 51 34 52 23 14 37 57 55 46 42 4 32 3 47 35 59 56 10 12 2 29 9 53 27 31 7 16 33 0 50 41 48 15 26 21 6 28 8 11 20 39 13 5 30
10180364129723024270 6144
57 24 34 54 42 33 55 41 25 44 22 47 38 48 59 58 29 18 20 31 43 17 40 46 14 5 45 51 7 53 50 13 8 19 37 28 15 9 35 52 4 10 1 6 49 21 11 27 0 56 32 16 39 26 12 23 2 3 30 36
39 43 53 11 58 57 36 21 32 51 46 30 33 23 55 42 20 34 48 3 18 47 54 22 25 45 2 31 26 38 0 6 35 50 24 49 27 29 4 7 13 52 56 41 9 8 44 10 59 19 12 28 17 16 5 40 1 14 37 15
12 24 34 54 42 33 55 41 25 44 49 47 38 48 59 58 29 5 20 31 43 17 2 46 14 26 45 51 7 53 50 13 8 19 37 28 15 9 35 52 4 10 1 6 22 18 11 27 0 56 32 16 39 21 57 23 40 3 30 36
39 43 53 11 58 57 36 21 32 51 45 30 33 23 55 42 20 34 48 3 18 47 54 22 25 46 2 31 26 38 0 6 35 50 24 59 27 29 4 7 13 52 56 41 9 8 44 10 49 19 12 28 17 16 5 40 1 14 37 15
16443542583828323656 6144
49 57 59 25 52 50 23 2 32 21 38 3 56 4 35 58 55 26 15 42 17 43 18 47 0 54 28 6 53 41 19 44 36 14 8 5 48 7 22 31 9 34 40 1 46 51 10 16 45 27 29 39 11 37 24 20 33 12 13 30
40 13 29 17 9 41 37 50 23 55 59 53 42 39 31 19 20 3 48 57 4 8 43 49 51 15 25 28 34 6 58 10 5 45 38 44 26 52 16 27 14 7 18 46 30 22 32 11 1 35 36 24 56 33 2 47 12 21 54 0
49 57 59 25 52 50 32 2 3 21 38 26 23 4 35 58 55 56 15 42 17 43 18 47 0 54 28 6 53 41 19 44 36 14 45 5 48 7 22 31 9 34 40 1 46 51 10 16 29 27 8 39 11 37 24 20 33 12 13 30
45 13 29 17 9 41 37 50 23 55 59 53 42 39 14 19 20 3 48 57 4 8 43 49 51 15 25 28 34 6 58 10 5 27 36 44 26 52 16 40 31 7 18 46 22 30 32 11 1 35 38 24 56 33 2 47 12 21 54 0
1557995939683382357 6144
37 41 56 27 35 50 25 36 3 34 22 51 38 32 20 39 43 46 26 29 48 8 58 47 13 40 53 12 55 54 42 14 52 7 6 45 5 1 19 18 10 30 11 33 49 57 4 15 9 44 17 24 59 23 16 21 28 2 31 0
15 7 34 59 42 38 50 26 35 14 46 29 22 53 52 27 32 19 4 39 5 33 16 47 58 36 21 1 56 23 18 45 41 48 13 24 8 57 10 44 37 49 40 0 2 11 55 51 20 9 31 12 3 28 25 17 54 30 6 43
37 40 56 27 35 50 25 36 3 34 22 51 38 32 20 39 43 46 26 29 48 8 58 47 13 41 53 12 55 54 42 14 52 7 6 45 5 1 19 18 10 30 11 33 49 57 4 15 9 44 17 24 59 23 16 21 28 2 31 0
15 7 34 59 40 38 50 26 43 14 46 29 22 53 52 27 32 19 4 39 5 33 16 47 58 36 21 1 56 23 18 45 41 48 13 24 8 57 10 12 37 49 42 0 2 11 55 51 20 9 31 44 3 28 25 17 54 30 6 35
13602111302662532969 6144
3 55 32 12 25 45 50 28 27 42 23 58 49 29 9 24 47 51 43 38 30 59 39 46 52 18 2 48 54 4 57 6 8 37 17 20 26 15 14 5 7 19 16 56 10 53 35 31 33 40 22 13 41 21 1 34 36 0 44 11
54 45 33 59 15 3 37 22 47 28 46 23 26 52 38 16 51 20 32 4 7 11 48 50 2 35 58 14 18 55 43 34 21 56 36 8 44 24 9 13 30 6 27 42 53 1 0 39 17 5 31 25 19 40 41 57 12 49 10 29
3 55 32 12 25 45 34 28 27 42 23 58 49 29 9 24 47 51 43 38 30 59 39 40 52 18 7 48 54 4 57 56 8 37 17 20 26 15 22 5 2 19 16 6 10 53 35 31 33 46 14 13 41 21 1 50 36 0 44 11
54 45 33 59 15 3 37 22 47 28 46 23 26 52 38 16 51 20 32 4 7 11 57 50 2 35 55 14 18 58 43 34 21 56 36 6 44 24 9 13 30 31 27 42 53 1 0 39 17 8 5 25 19 40 41 48 12 49 10 29
