FACTOR_PERMUTATION_V1 12 16 1024 1 1
10 0 1 1 1 1 1 1 1 1 1 1 0 0 2 2 2 2 2 2 2 2 2 2 0 1 1 2 2 2 2 2 2 2 2 2
0 10 1 1 1 1 1 1 1 1 1 1 0 0 2 2 2 2 2 2 2 2 2 2 1 0 2 2 1 2 2 2 2 2 2 2
1 1 10 0 1 1 1 1 1 1 1 1 2 2 0 0 2 2 2 2 2 2 2 2 1 2 0 1 2 2 2 2 2 2 2 2
1 1 0 10 1 1 1 1 1 1 1 1 2 2 0 0 2 2 2 2 2 2 2 2 2 2 1 0 2 2 1 2 2 2 2 2
1 1 1 1 10 0 1 1 1 1 1 1 2 2 2 2 0 0 2 2 2 2 2 2 2 1 2 2 0 1 2 2 2 2 2 2
1 1 1 1 0 10 1 1 1 1 1 1 2 2 2 2 0 0 2 2 2 2 2 2 2 2 2 2 1 0 2 2 1 2 2 2
1 1 1 1 1 1 10 0 1 1 1 1 2 2 2 2 2 2 0 0 2 2 2 2 2 2 2 1 2 2 0 1 2 2 2 2
1 1 1 1 1 1 0 10 1 1 1 1 2 2 2 2 2 2 0 0 2 2 2 2 2 2 2 2 2 2 1 0 2 1 2 2
1 1 1 1 1 1 1 1 10 0 1 1 2 2 2 2 2 2 2 2 0 1 1 2 2 2 2 2 2 1 2 2 0 1 2 2
1 1 1 1 1 1 1 1 0 10 1 1 2 2 2 2 2 2 2 2 1 0 2 1 2 2 2 2 2 2 2 1 1 0 2 2
1 1 1 1 1 1 1 1 1 1 10 0 2 2 2 2 2 2 2 2 1 2 0 1 2 2 2 2 2 2 2 2 2 2 0 0
1 1 1 1 1 1 1 1 1 1 0 10 2 2 2 2 2 2 2 2 2 1 1 0 2 2 2 2 2 2 2 2 2 2 0 0
0 0 2 2 2 2 2 2 2 2 2 2 10 0 1 1 1 1 1 1 1 1 1 1 0 1 1 2 2 2 2 2 2 2 2 2
0 0 2 2 2 2 2 2 2 2 2 2 0 10 1 1 1 1 1 1 1 1 1 1 1 0 2 2 1 2 2 2 2 2 2 2
2 2 0 0 2 2 2 2 2 2 2 2 1 1 10 0 1 1 1 1 1 1 1 1 1 2 0 1 2 2 2 2 2 2 2 2
2 2 0 0 2 2 2 2 2 2 2 2 1 1 0 10 1 1 1 1 1 1 1 1 2 2 1 0 2 2 1 2 2 2 2 2
2 2 2 2 0 0 2 2 2 2 2 2 1 1 1 1 10 0 1 1 1 1 1 1 2 1 2 2 0 1 2 2 2 2 2 2
2 2 2 2 0 0 2 2 2 2 2 2 1 1 1 1 0 10 1 1 1 1 1 1 2 2 2 2 1 0 2 2 1 2 2 2
2 2 2 2 2 2 0 0 2 2 2 2 1 1 1 1 1 1 10 0 1 1 1 1 2 2 2 1 2 2 0 1 2 2 2 2
2 2 2 2 2 2 0 0 2 2 2 2 1 1 1 1 1 1 0 10 1 1 1 1 2 2 2 2 2 2 1 0 2 1 2 2
2 2 2 2 2 2 2 2 0 1 1 2 1 1 1 1 1 1 1 1 10 1 0 1 2 2 2 2 2 1 2 2 0 2 1 2
2 2 2 2 2 2 2 2 1 0 2 1 1 1 1 1 1 1 1 1 1 10 1 0 2 2 2 2 2 2 2 1 2 0 2 1
2 2 2 2 2 2 2 2 1 2 0 1 1 1 1 1 1 1 1 1 0 1 10 1 2 2 2 2 2 2 2 2 1 2 0 1
2 2 2 2 2 2 2 2 2 1 1 0 1 1 1 1 1 1 1 1 1 0 1 10 2 2 2 2 2 2 2 2 2 1 1 0
0 1 1 2 2 2 2 2 2 2 2 2 0 1 1 2 2 2 2 2 2 2 2 2 10 1 0 1 1 1 1 1 1 1 1 1
1 0 2 2 1 2 2 2 2 2 2 2 1 0 2 2 1 2 2 2 2 2 2 2 1 10 1 1 0 1 1 1 1 1 1 1
1 2 0 1 2 2 2 2 2 2 2 2 1 2 0 1 2 2 2 2 2 2 2 2 0 1 10 1 1 1 1 1 1 1 1 1
2 2 1 0 2 2 1 2 2 2 2 2 2 2 1 0 2 2 1 2 2 2 2 2 1 1 1 10 1 1 0 1 1 1 1 1
2 1 2 2 0 1 2 2 2 2 2 2 2 1 2 2 0 1 2 2 2 2 2 2 1 0 1 1 10 1 1 1 1 1 1 1
2 2 2 2 1 0 2 2 1 2 2 2 2 2 2 2 1 0 2 2 1 2 2 2 1 1 1 1 1 10 1 1 0 1 1 1
2 2 2 1 2 2 0 1 2 2 2 2 2 2 2 1 2 2 0 1 2 2 2 2 1 1 1 0 1 1 10 1 1 1 1 1
2 2 2 2 2 2 1 0 2 1 2 2 2 2 2 2 2 2 1 0 2 1 2 2 1 1 1 1 1 1 1 10 1 0 1 1
2 2 2 2 2 1 2 2 0 1 2 2 2 2 2 2 2 1 2 2 0 2 1 2 1 1 1 1 1 0 1 1 10 1 1 1
2 2 2 2 2 2 2 1 1 0 2 2 2 2 2 2 2 2 2 1 2 0 2 1 1 1 1 1 1 1 1 0 1 10 1 1
2 2 2 2 2 2 2 2 2 2 0 0 2 2 2 2 2 2 2 2 1 2 0 1 1 1 1 1 1 1 1 1 1 1 10 0
2 2 2 2 2 2 2 2 2 2 0 0 2 2 2 2 2 2 2 2 2 1 1 0 1 1 1 1 1 1 1 1 1 1 0 10
0 2
0 3
0 4
0 5
0 6
0 7
0 8
0 9
0 10
0 11
1 2
1 3
1 4
1 5
1 6
1 7
1 8
1 9
1 10
1 11
2 4
2 5
2 6
2 7
2 8
2 9
2 10
2 11
3 4
3 5
3 6
3 7
3 8
3 9
3 10
3 11
4 6
4 7
4 8
4 9
4 10
4 11
5 6
5 7
5 8
5 9
5 10
5 11
6 8
6 9
6 10
6 11
7 8
7 9
7 10
7 11
8 10
8 11
9 10
9 11
0 2
0 3
0 4
0 5
0 6
0 7
0 8
0 9
0 10
0 11
1 2
1 3
1 4
1 5
1 6
1 7
1 8
1 9
1 10
1 11
2 4
2 5
2 6
2 7
2 8
2 9
2 10
2 11
3 4
3 5
3 6
3 7
3 8
3 9
3 10
3 11
4 6
4 7
4 8
4 9
4 10
4 11
5 6
5 7
5 8
5 9
5 10
5 11
6 8
6 9
6 10
6 11
7 8
7 9
7 10
7 11
8 9
8 11
9 10
10 11
0 1
0 3
0 4
0 5
0 6
0 7
0 8
0 9
0 10
0 11
1 2
1 3
1 5
1 6
1 7
1 8
1 9
1 10
1 11
2 3
2 4
2 5
2 6
2 7
2 8
2 9
2 10
2 11
3 4
3 5
3 7
3 8
3 9
3 10
3 11
4 5
4 6
4 7
4 8
4 9
4 10
4 11
5 6
5 7
5 9
5 10
5 11
6 7
6 8
6 9
6 10
6 11
7 8
7 10
7 11
8 9
8 10
8 11
9 10
9 11
10009620967863865105 2048
59 21 49 25 41 28 36 54 47 32 56 44 6 13 58 35 55 20 30 50 51 8 15 11 42 29 53 52 40 4 45 17 9 14 43 7 19 48 0 23 31 34 33 57 16 1 10 37 22 18 24 38 26 46 5 3 39 12 2 27
42 52 24 47 54 35 58 50 1 32 8 51 43 26 21 4 28 56 55 41 15 11 44 27 23 36 13 5 7 59 2 38 53 3 18 22 48 33 49 34 6 37 17 25 14 46 40 31 0 19 39 10 57 16 20 45 29 9 30 12
59 21 49 25 41 28 36 54 47 32 56 44 23 13 58 35 55 20 30 50 51 8 15 11 42 29 53 52 40 4 45 17 9 14 43 7 19 48 0 6 31 34 33 57 16 1 10 37 22 18 24 38 26 46 5 3 39 12 2 27
42 52 24 47 54 35 58 50 1 32 8 51 43 26 21 4 28 56 55 41 15 11 44 27 23 36 13 5 7 59 2 38 53 3 18 22 48 33 49 34 6 37 17 25 14 46 40 31 0 19 39 10 57 16 20 45 29 9 30 12
18224269122454742043 2048
45 54 0 56 35 48 28 51 53 59 26 39 49 46 42 31 36 32 43 20 16 1 38 40 9 55 13 14 4 52 7 57 50 11 47 5 18 15 24 23 34 33 10 27 19 22 30 37 58 3 41 44 6 29 25 8 21 17 2 12
47 44 57 40 38 7 53 29 11 13 58 43 22 19 8 46 27 30 41 4 31 56 51 10 42 0 54 39 14 9 20 17 35 36 24 1 59 26 18 50 5 3 12 28 23 25 15 55 6 16 32 21 49 34 48 37 2 33 45 52
45 54 0 56 35 48 28 51 53 59 26 39 49 46 42 31 36 32 43 20 16 1 38 40 9 55 13 14 4 52 7 57 50 11 47 5 18 15 24 23 34 33 10 27 19 22 30 37 58 6 41 44 3 29 25 8 21 17 2 12
47 44 57 40 38 7 53 29 11 13 58 43 22 19 8 46 27 30 41 4 31 56 51 10 42 0 14 39 54 9 20 17 35 36 24 1 59 26 18 50 5 3 12 28 23 25 15 55 6 16 32 21 49 34 48 37 2 33 45 52
4323816148952901066 2048
59 50 27 34 6 21 30 20 12 39 37 8 53 57 26 41 28 42 33 52 15 16 7 47 22 44 54 40 11 31 19 38 45 56 24 4 46 0 2 5 48 51 25 58 3 10 9 49 55 32 36 29 35 14 1 17 43 13 18 23
42 44 57 40 58 2 54 17 52 22 50 31 45 39 43 30 9 26 24 19 34 16 41 33 20 46 14 7 8 18 3 27 36 11 49 38 10 59 32 51 0 4 5 6 47 48 23 29 56 37 15 55 12 25 35 13 1 53 28 21
59 14 27 34 3 21 30 20 12 37 39 8 53 57 26 41 28 42 33 52 15 47 7 16 22 44 58 40 11 31 19 38 45 56 24 4 46 0 2 5 48 51 25 54 6 10 9 49 55 32 36 29 35 50 1 17 43 13 18 23
42 44 57 40 58 1 54 17 52 22 50 31 45 39 43 30 9 26 24 19 34 16 41 33 36 46 14 7 8 18 3 27 20 11 49 38 10 59 32 51 0 2 5 6 47 48 23 29 56 37 15 55 12 25 35 13 4 53 28 21
11527956677950045712 2048
23 19 55 48 42 32 40 54 33 3 58 50 30 25 41 35 31 52 24 13 59 39 29 46 37 36 4 57 8 15 44 45 51 2 38 49 6 18 16 7 20 53 26 56 47 34 5 11 17 27 43 12 22 14 9 28 1 0 10 21
17 52 22 27 8 40 51 1 35 15 43 41 55 50 31 30 13 21 5 58 38 48 54 25 59 53 29 36 47 45 49 6 0 2 16 24 46 33 19 26 44 34 9 11 28 10 14 7 12 32 20 23 39 57 4 3 56 37 42 18
59 19 55 48 42 32 40 54 33 0 58 50 30 25 41 47 31 52 24 13 15 39 29 46 37 36 4 57 8 23 44 45 51 2 38 49 6 18 16 7 20 53 26 56 35 34 14 11 17 27 43 12 22 5 9 28 1 3 10 21
17 52 22 27 8 40 51 1 35 15 43 41 55 50 31 30 13 21 5 58 38 48 54 25 59 53 29 36 44 45 49 6 0 2 16 24 46 33 19 26 47 34 9 11 28 10 14 7 12 32 20 23 39 57 4 3 56 37 42 18
15444944434193481806 2048
52 38 50 29 32 10 25 55 2 49 31 46 23 24 36 45 3 30 35 39 18 6 41 58 51 47 17 5 59 4 15 56 9 16 22 20 7 57 53 1 13 11 8 40 12 14 33 54 34 26 21 42 43 0 19 28 48 27 37 44
42 37 34 9 39 45 11 28 24 23 31 49 44 26 15 27 53 3 50 4 52 16 51 35 17 43 6 59 7 40 18 46 19 57 12 30 33 5 8 47 36 21 29 22 54 58 14 38 25 0 55 20 13 41 32 56 2 48 10 1
52 38 50 29 32 13 25 55 2 49 31 46 23 24 36 45 3 30 35 39 18 6 41 58 51 47 17 5 59 4 15 56 9 16 22 20 7 57 53 1 10 11 8 40 12 14 33 54 34 26 21 42 43 0 19 28 48 27 37 44
42 37 34 9 39 45 11 28 24 23 31 49 44 26 15 27 53 3 50 4 52 16 51 35 17 43 6 59 7 40 18 46 19 57 12 30 33 5 8 47 36 21 29 22 54 58 14 38 25 0 55 20 13 41 32 56 2 48 10 1
8453056481751949447 2048
42 44 12 55 34 57 54 49 35 22 58 23 18 28 56 40 47 27 5 30 52 19 39 20 14 31 6 46 33 50 59 48 41 13 45 2 51 9 25 15 26 32 4 17 0 24 43 11 10 8 16 21 1 29 7 3 36 53 38 37
54 58 52 51 24 11 32 46 35 21 13 37 49 33 42 27 14 56 19 44 41 25 7 57 50 12 55 5 10 6 40 16 3 34 8 22 31 4 1 26 43 9 20 45 18 47 48 2 59 39 30 17 53 36 38 29 28 23 0 15
42 44 12 43 34 57 54 49 35 22 58 23 18 28 56 40 47 27 5 30 52 19 39 20 14 31 6 46 33 50 59 48 41 13 7 2 51 9 25 15 26 32 4 17 0 24 55 11 10 8 16 21 1 29 45 3 36 53 38 37
54 58 52 51 24 11 32 46 35 21 13 37 49 33 42 27 14 56 19 44 40 25 7 57 50 12 55 5 10 6 41 16 3 34 8 22 31 4 1 26 43 9 20 45 18 47 48 2 59 39 30 17 53 36 38 29 28 23 0 15
8298753123524252360 2048
37 46 28 53 44 57 12 30 22 45 42 49 15 50 35 38 47 3 11 24 29 41 2 58 55 8 52 14 59 6 19 36 56 23 39 51 54 32 7 27 4 10 33 26 16 18 21 5 20 48 25 1 13 17 9 0 34 31 43 40
34 13 55 48 58 14 33 18 42 20 53 46 29 52 21 25 4 54 44 41 5 50 57 12 35 49 36 15 32 37 6 3 11 56 9 39 10 59 22 24 26 47 40 1 23 27 16 7 0 8 30 31 51 38 28 45 2 17 19 43
37 46 28 53 44 57 12 30 22 45 42 49 15 50 35 38 47 3 11 24 29 41 2 58 55 8 52 14 59 6 19 36 56 23 39 51 54 32 7 27 4 10 33 26 48 18 21 5 20 16 25 1 13 17 9 0 34 31 43 40
34 13 55 48 58 14 33 18 42 20 53 46 29 52 21 25 4 54 44 41 5 50 57 12 35 49 36 15 32 37 6 3 11 56 9 39 10 59 22 24 26 47 40 1 23 27 16 7 0 8 30 31 51 38 28 45 2 17 19 43
3054166715092352979 2048
38 45 55 34 59 46 36 22 53 30 39 50 57 5 27 54 17 41 24 29 14 52 1 47 23 43 16 40 4 19 18 7 11 44 49 37 20 58 3 32 31 26 33 2 48 8 9 42 21 13 12 56 35 25 10 6 51 0 28 15
54 53 56 57 35 1 10 58 20 42 6 34 25 51 12 26 47 45 37 55 46 16 40 36 3 31 49 30 38 23 39 15 22 13 29 7 24 44 33 9 14 4 17 50 2 43 32 5 59 27 8 19 0 41 11 21 52 18 48 28
38 45 55 34 59 46 36 22 53 30 39 50 57 5 41 54 17 27 24 29 14 52 1 47 23 43 16 40 4 19 18 7 11 44 49 37 20 58 3 32 31 26 33 2 48 8 9 42 21 13 12 56 35 25 10 6 51 0 28 15
54 53 56 57 35 1 10 58 20 42 6 51 32 34 12 26 47 45 37 55 46 16 40 36 3 31 49 30 38 23 39 15 22 13 29 7 24 44 33 9 14 4 17 50 2 43 25 5 59 27 8 19 0 41 11 21 52 18 48 28
15561000817709519606 2048
16 32 25 4 40 7 20 31 29 37 57 39 18 26 55 19 42 38 30 48 36 9 28 54 53 59 45 21 10 50 13 2 43 3 52 58 5 34 35 46 51 56 33 17 24 15 41 11 8 27 6 44 47 1 49 0 12 14 23 22
43 54 47 59 16 50 3 17 22 31 48 57 30 12 7 19 33 27 44 37 56 52 34 9 10 36 29 49 58 25 6 42 14 5 4 35 21 55 39 26 0 1 13 40 2 46 53 8 41 45 32 20 18 38 24 11 23 51 28 15
16 48 25 4 40 7 20 31 29 37 19 39 18 26 55 57 42 38 30 32 36 9 28 54 53 59 45 21 10 50 13 2 43 3 52 58 5 34 35 46 51 56 33 17 24 15 41 11 8 27 6 44 47 1 49 0 12 14 23 22
16 54 47 59 37 50 3 17 22 31 48 57 30 12 7 19 33 51 44 43 56 52 34 9 10 36 29 49 58 25 6 42 14 5 4 35 21 55 39 26 0 1 13 40 2 27 53 8 41 45 32 20 18 38 24 11 23 46 28 15
7380562709029982651 2048
26 48 35 17 32 45 40 0 55 30 51 39 59 5 46 11 44 37 49 24 56 52 3 28 54 43 9 58 31 47 10 19 42 8 14 53 33 16 36 15 4 21 7 57 1 12 18 22 27 34 38 2 25 50 23 6 20 13 29 41
48 54 43 50 20 24 32 18 31 44 25 37 26 51 27 29 47 56 3 39 8 46 53 9 14 40 36 11 55 1 45 38 17 42 57 2 13 49 6 19 28 59 15 10 58 33 7 52 35 41 16 21 34 0 12 30 23 22 5 4
26 48 35 45 32 17 40 0 55 30 51 39 59 5 46 11 44 37 49 24 56 52 19 28 54 43 9 58 31 47 10 3 42 8 14 53 33 16 36 15 4 21 7 57 1 12 18 22 27 34 38 2 25 50 23 6 20 13 29 41
48 54 43 50 20 24 32 18 31 44 25 37 26 51 27 29 47 56 3 39 8 46 53 9 14 40 36 11 55 1 45 38 17 42 57 2 13 49 6 19 28 59 15 10 58 33 7 52 35 41 16 21 34 12 0 30 23 22 5 4
10508010569485733829 2048
55 41 34 51 21 39 46 1 29 48 30 50 23 25 57 27 53 37 45 9 2 54 58 8 47 24 12 44 56 52 3 10 7 43 49 40 16 6 13 59 22 15 35 36 18 38 19 33 26 14 5 20 31 11 32 17 28 0 4 42
33 44 54 28 40 24 11 51 38 16 55 43 29 58 27 52 22 17 1 21 56 20 42 59 9 35 49 14 53 3 39 13 31 18 10 48 19 32 50 36 4 6 0 34 7 47 23 41 46 57 15 5 26 45 2 12 30 37 8 25
55 41 34 51 21 39 46 1 29 48 30 50 23 25 57 27 53 37 45 9 2 54 58 8 47 24 12 44 56 52 3 10 7 43 49 40 16 6 13 59 22 15 35 36 18 38 19 33 26 14 5 20 31 11 32 17 28 0 4 42
33 44 54 28 40 24 11 51 38 16 55 43 29 58 27 52 22 17 1 21 56 20 42 59 9 35 49 14 53 3 39 13 31 18 10 48 19 32 50 36 4 6 0 34 7 47 23 41 46 57 15 5 26 45 2 12 30 37 8 25
2847417792093247196 2048
39 44 57 22 52 34 9 50 24 42 32 51 15 31 38 45 49 43 27 20 13 56 10 19 4 59 37 48 46 18 21 2 28 55 14 7 33 36 0 26 35 54 8 17 47 6 40 5 41 11 53 58 23 30 25 1 16 29 3 12
45 54 22 15 40 43 29 38 7 44 12 52 46 39 30 24 51 34 50 55 58 37 57 23 20 42 6 1 25 47 36 16 56 18 35 3 4 9 53 2 31 11 32 33 0 26 27 48 5 59 10 17 21 8 28 41 49 13 14 19
39 44 57 22 52 34 9 40 24 42 32 51 15 31 38 45 49 43 25 20 13 56 10 19 4 59 37 48 46 18 21 2 28 55 14 7 33 36 0 26 35 54 8 17 47 6 50 5 41 11 53 58 23 30 27 1 16 29 3 12
45 54 22 15 40 43 29 38 7 44 12 52 46 39 30 24 51 34 50 23 58 37 57 17 20 42 6 1 25 47 36 16 56 18 35 3 4 9 53 2 31 11 32 33 0 26 27 48 5 59 10 55 21 8 28 41 49 13 14 19
15823919784686444254 2048
32 24 34 54 42 7 55 19 21 44 49 47 38 48 59 30 29 5 53 37 57 17 2 46 52 26 45 51 14 4 58 13 8 36 31 12 15 25 35 40 9 23 27 6 18 33 43 1 20 16 11 56 39 0 41 10 22 3 50 28
38 14 53 11 58 57 36 21 24 51 12 30 34 10 55 41 23 33 48 3 44 47 54 22 26 42 2 31 52 50 0 59 35 20 46 7 27 29 4 19 13 39 56 6 9 8 16 25 49 1 45 28 17 18 5 40 32 43 37 15
32 24 34 54 42 7 55 19 21 44 49 47 38 48 59 30 29 5 53 37 57 17 2 46 52 26 45 51 14 4 58 13 8 36 31 12 15 25 35 40 9 23 27 6 18 33 43 1 20 16 11 56 39 0 41 10 22 3 50 28
38 14 53 11 58 57 36 21 24 51 12 30 34 10 55 41 23 33 48 3 44 47 54 22 26 42 2 31 52 50 0 59 35 20 46 7 27 29 4 19 13 39 56 6 9 8 16 25 49 1 45 28 17 18 5 40 32 43 37 15
3700000273398217077 2048
49 57 59 10 40 52 33 9 29 30 28 26 27 4 35 58 55 56 23 42 16 43 13 47 2 54 19 6 17 41 24 44 18 14 45 5 48 7 50 31 0 34 25 1 46 51 38 53 3 32 8 39 11 20 22 12 37 36 15 21
45 4 29 39 25 41 37 13 11 24 59 53 48 26 14 19 20 3 42 57 34 8 43 49 51 15 55 28 9 6 58 10 12 50 36 44 54 52 16 40 23 7 18 46 22 30 32 31 1 35 38 17 56 33 2 47 5 21 27 0
49 57 59 10 40 52 33 9 29 30 28 26 27 4 35 58 55 56 23 42 16 43 13 47 2 54 19 6 17 41 24 44 18 14 45 5 48 7 50 31 0 34 25 1 46 51 38 53 3 32 8 39 11 20 22 12 37 36 15 21
45 4 29 39 25 41 37 13 11 24 59 53 48 26 14 19 20 3 42 57 34 8 43 49 51 15 55 28 9 6 58 10 12 50 36 44 54 52 16 40 23 7 18 46 22 30 32 31 1 35 38 17 56 33 2 47 5 21 27 0
10752404102551219667 2048
43 41 56 23 35 36 27 50 3 34 26 4 40 32 20 37 52 42 51 29 48 8 58 47 13 38 53 2 55 54 46 39 14 7 6 17 22 1 25 18 19 30 9 33 45 57 49 15 5 44 11 24 59 10 16 21 28 12 31 0
15 7 34 8 20 55 48 26 29 14 46 12 22 50 52 27 30 19 5 39 23 59 38 47 58 13 45 1 56 32 54 35 41 53 36 24 49 57 10 42 37 3 21 4 2 11 31 51 40 9 16 44 0 28 25 17 18 33 6 43
43 41 56 23 35 36 27 50 3 34 26 4 40 32 20 37 52 42 51 29 48 8 58 47 13 38 53 2 55 54 46 39 14 7 6 17 22 1 25 18 19 30 9 33 45 57 49 15 5 44 11 24 59 10 16 21 28 12 31 0
15 44 34 8 20 55 48 26 29 14 46 12 22 50 52 27 30 19 5 39 23 59 38 47 58 13 45 1 56 32 54 35 41 4 36 24 49 57 10 42 37 3 21 53 2 11 31 51 40 9 16 7 0 28 25 17 18 33 6 43
17712583358275991562 2048
3 58 56 12 0 45 29 50 27 43 52 55 49 46 9 34 20 51 36 13 30 59 39 47 54 18 7 48 33 8 57 16 42 37 38 22 26 15 4 5 2 19 32 6 10 53 35 31 17 28 14 44 41 24 25 1 23 40 21 11
37 43 33 59 15 16 48 36 34 28 42 52 26 54 38 7 51 21 32 4 55 11 57 50 8 31 49 14 13 58 2 46 3 20 56 6 44 24 9 18 30 47 27 22 53 1 0 39 19 5 35 25 17 40 41 29 12 10 23 45
3 58 56 12 0 45 29 50 27 43 52 55 49 46 9 34 20 51 36 13 30 59 39 47 54 18 7 48 33 8 57 16 42 37 38 22 26 15 4 5 2 19 32 6 10 53 35 31 17 28 14 44 41 24 25 1 23 40 21 11
37 43 33 59 15 16 48 36 34 28 42 52 26 54 38 7 51 21 32 4 55 11 57 50 8 31 49 14 13 58 2 46 3 20 56 6 44 24 9 18 30 47 27 22 53 1 0 39 19 5 35 25 17 40 41 29 12 10 23 45
