FACTOR_PERMUTATION_V1 12 16 1024 1 1
10 0 1 1 1 1 1 1 1 1 1 1 0 0 2 2 2 2 2 2 2 2 2 2 0 1 1 2 2 2 2 2 2 2 2 2
0 10 1 1 1 1 1 1 1 1 1 1 0 0 2 2 2 2 2 2 2 2 2 2 1 0 2 2 1 2 2 2 2 2 2 2
1 1 10 0 1 1 1 1 1 1 1 1 2 2 0 0 2 2 2 2 2 2 2 2 1 2 0 1 2 2 2 2 2 2 2 2
1 1 0 10 1 1 1 1 1 1 1 1 2 2 0 0 2 2 2 2 2 2 2 2 2 2 1 0 2 2 1 2 2 2 2 2
1 1 1 1 10 0 1 1 1 1 1 1 2 2 2 2 0 0 2 2 2 2 2 2 2 1 2 2 0 1 2 2 2 2 2 2
1 1 1 1 0 10 1 1 1 1 1 1 2 2 2 2 0 0 2 2 2 2 2 2 2 2 2 2 1 0 2 2 1 2 2 2
1 1 1 1 1 1 10 0 1 1 1 1 2 2 2 2 2 2 0 0 2 2 2 2 2 2 2 1 2 2 0 1 2 2 2 2
1 1 1 1 1 1 0 10 1 1 1 1 2 2 2 2 2 2 0 0 2 2 2 2 2 2 2 2 2 2 1 0 2 1 2 2
1 1 1 1 1 1 1 1 10 0 1 1 2 2 2 2 2 2 2 2 0 1 1 2 2 2 2 2 2 1 2 2 0 1 2 2
1 1 1 1 1 1 1 1 0 10 1 1 2 2 2 2 2 2 2 2 1 0 2 1 2 2 2 2 2 2 2 1 1 0 2 2
1 1 1 1 1 1 1 1 1 1 10 0 2 2 2 2 2 2 2 2 1 2 0 1 2 2 2 2 2 2 2 2 2 2 0 0
1 1 1 1 1 1 1 1 1 1 0 10 2 2 2 2 2 2 2 2 2 1 1 0 2 2 2 2 2 2 2 2 2 2 0 0
0 0 2 2 2 2 2 2 2 2 2 2 10 0 1 1 1 1 1 1 1 1 1 1 0 1 1 2 2 2 2 2 2 2 2 2
0 0 2 2 2 2 2 2 2 2 2 2 0 10 1 1 1 1 1 1 1 1 1 1 1 0 2 2 1 2 2 2 2 2 2 2
2 2 0 0 2 2 2 2 2 2 2 2 1 1 10 0 1 1 1 1 1 1 1 1 1 2 0 1 2 2 2 2 2 2 2 2
2 2 0 0 2 2 2 2 2 2 2 2 1 1 0 10 1 1 1 1 1 1 1 1 2 2 1 0 2 2 1 2 2 2 2 2
2 2 2 2 0 0 2 2 2 2 2 2 1 1 1 1 10 0 1 1 1 1 1 1 2 1 2 2 0 1 2 2 2 2 2 2
2 2 2 2 0 0 2 2 2 2 2 2 1 1 1 1 0 10 1 1 1 1 1 1 2 2 2 2 1 0 2 2 1 2 2 2
2 2 2 2 2 2 0 0 2 2 2 2 1 1 1 1 1 1 10 0 1 1 1 1 2 2 2 1 2 2 0 1 2 2 2 2
2 2 2 2 2 2 0 0 2 2 2 2 1 1 1 1 1 1 0 10 1 1 1 1 2 2 2 2 2 2 1 0 2 1 2 2
2 2 2 2 2 2 2 2 0 1 1 2 1 1 1 1 1 1 1 1 10 1 0 1 2 2 2 2 2 1 2 2 0 2 1 2
2 2 2 2 2 2 2 2 1 0 2 1 1 1 1 1 1 1 1 1 1 10 1 0 2 2 2 2 2 2 2 1 2 0 2 1
2 2 2 2 2 2 2 2 1 2 0 1 1 1 1 1 1 1 1 1 0 1 10 1 2 2 2 2 2 2 2 2 1 2 0 1
2 2 2 2 2 2 2 2 2 1 1 0 1 1 1 1 1 1 1 1 1 0 1 10 2 2 2 2 2 2 2 2 2 1 1 0
0 1 1 2 2 2 2 2 2 2 2 2 0 1 1 2 2 2 2 2 2 2 2 2 10 1 0 1 1 1 1 1 1 1 1 1
1 0 2 2 1 2 2 2 2 2 2 2 1 0 2 2 1 2 2 2 2 2 2 2 1 10 1 1 0 1 1 1 1 1 1 1
1 2 0 1 2 2 2 2 2 2 2 2 1 2 0 1 2 2 2 2 2 2 2 2 0 1 10 1 1 1 1 1 1 1 1 1
2 2 1 0 2 2 1 2 2 2 2 2 2 2 1 0 2 2 1 2 2 2 2 2 1 1 1 10 1 1 0 1 1 1 1 1
2 1 2 2 0 1 2 2 2 2 2 2 2 1 2 2 0 1 2 2 2 2 2 2 1 0 1 1 10 1 1 1 1 1 1 1
2 2 2 2 1 0 2 2 1 2 2 2 2 2 2 2 1 0 2 2 1 2 2 2 1 1 1 1 1 10 1 1 0 1 1 1
2 2 2 1 2 2 0 1 2 2 2 2 2 2 2 1 2 2 0 1 2 2 2 2 1 1 1 0 1 1 10 1 1 1 1 1
2 2 2 2 2 2 1 0 2 1 2 2 2 2 2 2 2 2 1 0 2 1 2 2 1 1 1 1 1 1 1 10 1 0 1 1
2 2 2 2 2 1 2 2 0 1 2 2 2 2 2 2 2 1 2 2 0 2 1 2 1 1 1 1 1 0 1 1 10 1 1 1
2 2 2 2 2 2 2 1 1 0 2 2 2 2 2 2 2 2 2 1 2 0 2 1 1 1 1 1 1 1 1 0 1 10 1 1
2 2 2 2 2 2 2 2 2 2 0 0 2 2 2 2 2 2 2 2 1 2 0 1 1 1 1 1 1 1 1 1 1 1 10 0
2 2 2 2 2 2 2 2 2 2 0 0 2 2 2 2 2 2 2 2 2 1 1 0 1 1 1 1 1 1 1 1 1 1 0 10
0 2
0 3
0 4
0 5
0 6
0 7
0 8
0 9
0 10
0 11
1 2
1 3
1 4
1 5
1 6
1 7
1 8
1 9
1 10
1 11
2 4
2 5
2 6
2 7
2 8
2 9
2 10
2 11
3 4
3 5
3 6
3 7
3 8
3 9
3 10
3 11
4 6
4 7
4 8
4 9
4 10
4 11
5 6
5 7
5 8
5 9
5 10
5 11
6 8
6 9
6 10
6 11
7 8
7 9
7 10
7 11
8 10
8 11
9 10
9 11
0 2
0 3
0 4
0 5
0 6
0 7
0 8
0 9
0 10
0 11
1 2
1 3
1 4
1 5
1 6
1 7
1 8
1 9
1 10
1 11
2 4
2 5
2 6
2 7
2 8
2 9
2 10
2 11
3 4
3 5
3 6
3 7
3 8
3 9
3 10
3 11
4 6
4 7
4 8
4 9
4 10
4 11
5 6
5 7
5 8
5 9
5 10
5 11
6 8
6 9
6 10
6 11
7 8
7 9
7 10
7 11
8 9
8 11
9 10
10 11
0 1
0 3
0 4
0 5
0 6
0 7
0 8
0 9
0 10
0 11
1 2
1 3
1 5
1 6
1 7
1 8
1 9
1 10
1 11
2 3
2 4
2 5
2 6
2 7
2 8
2 9
2 10
2 11
3 4
3 5
3 7
3 8
3 9
3 10
3 11
4 5
4 6
4 7
4 8
4 9
4 10
4 11
5 6
5 7
5 9
5 10
5 11
6 7
6 8
6 9
6 10
6 11
7 8
7 10
7 11
8 9
8 10
8 11
9 10
9 11
7992658662776394817 5120
59 21 49 25 41 5 36 52 47 32 45 44 6 43 58 35 55 20 11 50 51 8 13 15 42 38 53 56 54 4 3 17 9 14 48 2 19 39 0 31 30 40 34 57 18 1 10 37 33 16 24 29 26 46 28 22 12 23 7 27
42 52 24 47 54 35 58 16 1 32 56 18 43 27 21 4 28 8 55 39 15 11 44 51 14 36 26 41 7 59 2 38 53 3 9 22 50 33 49 46 37 5 17 25 23 57 40 31 0 19 6 20 34 48 10 45 29 13 30 12
59 21 49 25 41 5 36 40 47 32 23 44 6 43 58 35 55 20 11 50 51 8 13 15 42 38 53 56 54 4 45 17 9 14 22 2 19 48 0 31 30 34 33 57 16 1 10 37 52 18 24 3 26 46 28 29 39 12 7 27
42 52 24 47 54 35 58 16 1 32 56 18 43 51 21 4 28 8 55 39 15 11 44 14 27 36 26 6 7 59 2 38 53 3 13 22 48 33 49 46 37 5 17 25 23 57 40 31 0 19 41 20 34 50 10 45 29 9 30 12
13146254849028266776 5120
45 50 12 7 35 20 28 54 21 57 49 47 59 58 29 1 36 26 52 38 56 31 44 40 9 55 17 14 27 48 53 16 43 2 39 15 18 5 23 3 34 33 10 51 19 32 4 37 46 0 41 6 24 13 8 25 22 30 11 42
47 44 52 41 40 7 33 35 19 13 50 57 22 11 0 46 27 45 39 30 34 55 54 10 29 8 12 38 14 9 20 17 42 36 24 31 59 26 18 58 5 3 43 28 23 25 15 4 6 56 32 21 49 1 37 48 2 53 51 16
45 50 12 7 35 20 28 54 21 57 49 47 51 58 29 1 36 26 52 44 56 31 38 40 9 55 17 14 27 48 53 16 43 2 39 15 18 5 23 3 34 33 10 59 19 32 4 37 46 0 41 6 24 13 8 25 22 30 11 42
47 44 52 41 40 7 33 35 19 13 50 57 22 11 0 46 27 45 39 30 1 55 54 10 29 8 12 38 14 9 20 17 42 36 24 31 59 26 18 58 5 3 43 28 23 25 15 4 6 56 32 21 49 34 37 48 2 53 51 16
1744946144588228118 5120
57 50 22 54 6 21 45 27 12 37 47 49 53 16 26 41 28 42 33 52 15 51 17 31 4 44 46 40 13 5 19 38 8 39 24 55 9 0 2 34 48 56 25 58 10 3 59 30 20 32 36 29 35 18 1 7 43 14 11 23
37 44 57 36 58 33 10 4 42 15 50 31 45 11 35 30 9 39 24 22 34 55 41 17 20 54 14 7 6 18 3 27 51 5 49 38 23 48 32 13 0 43 16 8 47 46 19 2 56 29 26 59 12 25 52 28 1 53 40 21
57 50 22 54 6 21 45 27 12 37 47 49 53 16 26 41 28 42 33 52 15 51 17 31 4 44 46 40 13 5 19 38 8 39 24 55 9 0 2 34 48 56 25 58 10 3 59 30 20 32 36 29 35 18 1 7 43 14 11 23
43 44 57 36 58 33 10 2 42 15 50 31 45 11 35 30 9 39 24 22 34 55 41 17 20 54 14 7 6 18 3 27 51 5 49 38 23 48 32 13 0 37 16 8 47 46 19 4 56 29 26 59 12 25 52 28 1 53 40 21
10930550227492086278 5120
23 19 49 48 24 32 40 54 33 3 58 50 30 25 41 9 43 28 44 13 52 7 29 46 37 36 4 57 59 15 45 42 51 2 38 39 6 18 16 55 0 53 11 56 47 34 5 26 17 8 27 12 20 10 35 31 1 22 14 21
1 52 50 27 58 35 51 14 39 32 43 41 55 53 31 46 22 40 5 49 38 48 54 25 59 8 29 36 44 45 17 6 0 30 16 24 18 33 23 26 47 34 9 11 28 13 2 7 3 20 15 19 42 57 4 10 56 37 21 12
23 19 49 48 24 32 40 54 33 2 58 50 30 25 41 9 43 28 44 13 52 7 29 46 37 36 4 57 59 15 45 42 51 3 38 39 6 18 16 55 20 53 11 56 47 34 5 26 17 8 27 12 0 10 35 31 1 22 14 21
12 52 53 27 58 35 51 1 39 32 43 41 55 50 31 14 22 21 5 49 38 48 54 25 59 8 29 36 44 45 17 6 0 30 16 24 46 33 19 26 47 34 9 11 28 13 2 7 3 20 15 23 40 57 4 10 56 37 42 18
2101726083647921108 5120
25 55 50 29 32 10 52 58 36 48 41 46 24 23 40 56 3 30 35 39 54 6 31 38 51 47 13 18 2 42 53 28 9 16 49 20 7 57 17 1 15 11 59 8 34 14 33 5 12 26 21 4 43 0 19 45 22 27 37 44
48 13 34 9 39 45 37 28 55 23 31 25 59 58 56 29 54 3 20 4 21 16 46 51 17 53 36 44 7 49 8 40 35 57 12 30 33 6 27 50 47 15 43 22 5 19 14 38 26 0 52 41 11 24 32 10 2 42 18 1
25 55 50 29 32 10 52 58 36 48 31 46 23 24 40 56 3 30 35 39 54 6 41 38 51 47 13 18 2 42 53 28 9 16 49 20 7 57 17 1 15 11 59 8 34 14 33 5 12 26 21 4 43 0 19 45 22 27 37 44
48 13 34 9 39 45 37 28 55 23 31 25 59 58 56 29 54 3 20 4 21 16 18 51 17 53 36 44 7 49 8 40 35 57 12 30 33 6 27 50 47 15 43 22 5 26 14 38 19 0 52 41 11 10 32 24 2 42 46 1
8024294635734084420 5120
42 32 12 53 34 57 46 7 26 22 58 51 8 28 56 40 44 27 43 30 48 47 39 20 41 31 6 18 25 50 55 19 54 13 45 2 4 59 23 14 35 52 38 49 0 24 5 11 10 9 16 21 1 29 17 3 15 33 36 37
58 15 53 51 24 11 28 46 43 36 13 3 49 33 30 27 9 56 19 44 41 22 7 57 52 12 39 29 17 0 40 25 37 34 6 48 31 4 8 23 5 21 26 45 18 47 32 54 59 35 42 16 50 2 38 14 55 20 10 1
42 32 12 53 34 57 46 7 26 22 58 51 8 28 56 40 44 27 43 30 48 47 39 20 41 31 6 18 25 50 55 19 54 13 45 2 4 59 23 14 35 52 38 49 0 24 5 11 10 9 16 21 1 29 17 3 15 33 36 37
58 15 53 51 24 11 28 46 43 36 13 3 49 33 30 27 9 56 19 44 41 22 7 57 52 12 39 29 17 0 40 25 37 34 6 48 31 4 8 23 5 21 26 45 18 47 32 54 59 35 42 16 50 2 38 14 55 20 10 1
6202235782661296358 5120
37 46 26 53 44 59 12 30 22 45 42 49 15 50 35 41 21 39 11 24 29 2 17 58 55 8 52 51 9 6 19 36 56 23 38 14 54 32 7 27 4 16 33 57 10 18 25 5 20 48 47 1 3 0 34 13 28 31 43 40
34 13 55 48 58 37 33 18 43 20 56 8 29 32 21 25 9 14 49 42 5 50 57 1 35 44 36 15 28 54 46 6 11 53 24 39 10 59 22 4 26 47 40 0 23 27 12 7 16 41 30 31 51 38 52 45 2 17 19 3
37 46 26 53 44 59 12 30 22 45 42 49 15 50 35 38 21 39 11 24 29 2 17 58 55 8 52 51 9 6 19 36 56 23 41 14 54 32 7 27 4 16 33 57 10 18 25 5 20 48 47 1 3 0 34 13 28 31 43 40
34 13 55 48 58 37 33 18 43 20 56 46 29 32 21 25 9 14 49 42 5 50 57 1 35 44 36 15 28 54 8 6 11 53 24 39 10 59 22 4 26 47 40 0 23 27 12 7 16 41 30 31 51 38 52 45 2 17 19 3
15873084135988517506 5120
38 44 25 23 59 45 35 22 53 30 17 50 57 54 27 31 39 41 21 29 14 52 1 47 43 5 3 40 7 19 6 9 11 46 49 37 36 58 10 32 55 26 33 24 48 8 4 51 18 13 12 56 28 34 16 2 42 0 20 15
51 53 54 57 35 1 48 58 20 50 8 34 25 19 12 26 47 29 37 55 46 3 40 31 16 42 49 30 38 22 59 15 43 13 45 7 24 44 33 9 14 4 17 36 0 23 32 52 39 27 6 10 41 2 11 18 5 21 56 28
38 44 55 25 59 45 36 22 53 30 39 50 57 31 27 54 17 41 21 29 14 52 1 47 23 43 3 40 7 19 24 4 11 46 49 37 28 58 10 32 5 26 33 2 48 8 9 51 18 13 12 56 35 34 16 6 42 0 20 15
54 53 56 57 35 1 19 58 20 42 8 34 25 51 29 26 47 12 37 55 46 3 40 36 16 31 49 30 38 22 59 15 43 13 45 7 24 44 33 9 14 4 17 50 2 23 32 52 39 27 6 10 41 0 11 21 5 18 48 28
5118261935974448261 5120
36 32 25 54 59 21 28 4 47 37 55 39 34 26 56 38 43 51 30 22 16 6 20 46 53 48 45 3 23 50 13 41 19 8 52 58 5 18 9 11 49 57 33 35 7 15 2 31 27 40 24 44 42 1 17 0 12 14 10 29
45 54 51 25 37 50 3 31 24 34 48 52 47 12 8 19 33 27 44 38 58 30 41 6 10 2 29 49 56 32 59 42 11 9 4 35 21 1 39 57 0 43 17 40 36 46 53 7 5 13 16 20 18 26 55 15 22 23 28 14
36 32 25 54 59 21 28 4 47 37 55 39 34 26 56 38 43 51 30 22 16 6 20 46 53 48 45 8 23 50 13 41 19 3 52 58 5 18 9 11 49 57 33 35 7 15 2 31 27 40 24 44 42 1 17 0 12 14 10 29
45 54 51 25 37 50 3 31 24 34 48 52 47 12 8 19 33 27 44 38 58 30 41 6 10 2 29 49 56 32 59 42 11 9 4 35 21 1 39 57 0 43 17 40 36 46 53 7 5 13 16 20 18 26 55 15 22 23 28 14
1240864220508430217 5120
54 48 59 17 32 45 40 0 55 30 51 39 27 11 46 58 44 37 49 24 56 52 3 28 26 42 9 16 31 47 10 19 43 8 14 53 33 12 36 15 4 21 7 50 1 20 18 22 35 57 38 2 5 34 23 6 25 13 29 41
36 18 43 50 20 24 32 51 31 44 25 37 26 54 57 3 47 56 29 39 8 46 53 9 14 41 48 30 55 1 45 38 17 42 23 2 13 59 6 19 28 16 15 10 58 33 7 52 35 0 49 21 34 40 12 11 27 4 5 22
26 48 59 17 32 45 40 0 55 30 51 39 27 11 46 58 44 37 49 24 56 52 3 28 54 42 9 16 31 47 10 19 43 8 14 53 33 5 36 15 4 21 7 34 1 20 18 22 35 57 38 2 12 50 23 6 25 13 29 41
36 18 43 50 20 24 32 54 31 44 25 37 8 51 57 3 47 56 29 39 26 46 53 9 14 41 48 30 55 1 45 38 17 42 23 2 13 59 6 19 28 16 15 10 58 33 7 52 35 0 49 21 34 40 12 11 27 4 5 22
14421633283968392785 5120
55 41 33 51 21 40 46 10 7 52 30 50 15 25 57 27 36 58 32 29 4 54 17 38 45 24 12 44 56 48 3 19 1 43 53 39 34 6 16 59 22 23 35 2 31 8 13 18 26 14 5 28 0 11 47 49 20 9 37 42
42 44 54 51 26 38 11 48 15 25 52 53 29 58 39 6 10 22 21 36 56 20 35 13 9 14 59 33 37 3 55 24 28 18 31 4 16 27 50 1 49 57 17 34 7 47 23 32 46 41 0 5 40 45 2 12 30 43 8 19
55 41 33 51 21 40 46 10 7 52 30 50 15 25 57 27 36 58 32 29 4 54 17 38 45 24 12 44 56 48 3 19 1 43 53 39 34 6 16 59 22 23 35 2 31 8 13 18 26 14 5 28 0 11 47 49 20 9 37 42
42 44 54 51 26 38 11 48 15 25 52 53 29 58 32 6 10 22 21 36 56 20 35 13 9 14 59 33 37 3 55 24 28 18 31 4 16 27 50 1 49 57 17 34 7 47 23 39 46 41 0 5 40 45 2 12 30 43 8 19
12321412763673207118 5120
53 44 38 22 46 34 47 10 27 31 49 14 48 40 57 45 33 43 51 20 19 32 23 13 4 59 37 42 35 18 21 2 41 52 39 30 7 56 0 50 1 26 8 17 55 25 5 6 36 11 15 58 54 28 24 9 16 29 3 12
17 54 22 18 40 43 19 38 49 44 45 36 58 25 1 24 51 34 52 23 14 37 57 55 46 42 4 32 39 47 35 59 56 10 12 6 30 9 53 27 31 3 16 33 0 50 41 48 15 26 21 2 28 8 11 20 7 13 5 29
39 44 38 22 47 34 46 23 27 31 56 15 48 40 57 45 25 43 51 20 19 32 10 13 4 59 37 42 35 18 21 2 41 52 14 30 7 33 0 50 1 26 8 17 55 6 49 5 36 11 53 58 54 28 24 9 16 29 3 12
17 54 22 18 40 43 19 38 49 44 45 26 46 25 1 24 51 34 52 30 14 37 57 55 41 42 4 58 39 47 12 59 56 10 35 6 15 9 53 36 31 3 16 33 0 50 32 48 23 27 21 2 28 8 11 20 7 13 5 29
8965533273737450184 5120
57 24 34 54 42 33 55 12 25 44 49 47 38 48 59 58 29 5 20 31 43 17 2 46 14 26 45 51 7 53 50 13 8 19 37 28 15 9 35 52 4 10 1 6 22 18 32 27 0 56 11 16 39 21 41 23 40 3 30 36
39 43 53 11 58 57 36 21 32 51 45 30 33 23 55 42 20 34 48 3 18 47 54 22 25 46 2 31 26 38 0 6 35 50 24 59 27 29 4 7 13 52 56 41 9 8 49 10 44 1 12 28 17 16 5 40 19 14 37 15
27 24 34 54 42 33 55 12 25 44 49 47 38 48 59 58 29 5 20 31 43 17 2 46 52 26 45 51 7 53 50 13 8 19 37 36 15 9 35 14 4 10 1 6 22 40 32 57 0 56 11 16 39 21 41 23 18 3 30 28
39 43 53 11 58 57 36 21 19 51 45 30 34 23 55 42 20 33 48 3 16 47 54 22 56 46 2 31 26 38 0 6 35 50 25 59 27 29 4 7 13 52 24 41 9 8 49 10 44 1 12 28 17 18 5 40 32 14 37 15
9918116532129521059 5120
49 57 59 25 52 50 32 2 3 21 38 26 23 30 35 58 55 56 15 42 17 43 18 47 0 54 28 6 53 41 19 44 36 14 45 5 48 7 22 31 9 34 40 1 46 51 10 16 29 27 8 39 11 37 24 20 33 12 13 4
45 13 29 17 9 41 37 50 23 55 59 53 42 39 14 19 20 3 48 57 4 8 43 49 51 15 25 28 34 6 58 10 5 27 36 44 26 52 16 40 31 7 18 46 22 30 32 33 1 35 38 24 56 11 2 47 12 21 54 0
49 57 59 25 40 50 32 2 3 21 38 26 23 4 35 58 55 56 12 42 17 43 18 47 0 54 28 6 53 41 19 44 36 14 45 5 48 7 22 31 9 34 52 1 46 51 10 16 29 27 8 39 11 37 24 20 33 15 13 30
45 13 29 17 9 41 37 50 33 55 59 53 42 39 14 19 20 3 48 57 4 8 43 49 51 15 25 28 34 6 58 10 5 27 36 44 26 52 16 40 23 7 18 46 22 30 32 31 1 35 38 24 56 11 2 47 12 21 54 0
7192680156757676808 5120
43 40 56 27 35 50 25 36 3 34 22 51 38 32 20 14 37 46 26 29 48 8 58 47 13 41 53 12 55 54 42 39 52 7 6 45 5 1 19 18 10 30 11 33 49 57 4 15 9 44 17 24 59 23 16 21 28 2 31 0
15 7 34 33 20 38 48 26 29 14 46 12 22 53 52 27 32 19 4 39 5 59 16 47 58 36 35 1 56 23 18 45 41 50 13 24 40 57 10 43 37 49 42 0 2 11 55 51 8 9 31 44 3 28 25 17 54 30 6 21
43 41 56 10 35 50 27 36 3 34 49 51 40 32 20 52 37 42 26 29 48 8 58 47 13 38 53 12 55 54 46 39 14 7 6 17 5 1 25 18 19 30 11 33 45 57 4 15 9 44 22 24 59 23 16 21 28 2 31 0
15 7 34 33 20 38 48 26 29 14 46 12 22 53 52 27 32 19 4 39 5 59 31 47 58 36 42 1 56 23 54 45 41 50 13 24 40 57 10 43 37 49 21 0 2 11 55 51 8 9 16 44 3 28 25 17 18 30 6 35
5800187062649292536 5120
3 55 32 12 25 45 34 28 27 42 23 58 49 29 9 24 47 51 43 38 30 59 39 40 52 18 7 48 54 4 57 56 8 37 17 20 26 15 22 5 2 19 16 6 10 53 35 31 33 46 14 13 41 21 1 50 36 0 44 11
54 45 33 59 15 3 37 22 47 28 46 23 26 52 38 16 51 20 32 4 7 11 57 50 2 35 55 14 18 58 43 34 21 56 36 6 44 24 9 13 30 31 27 42 53 1 0 39 17 8 5 25 19 40 41 48 12 49 10 29
3 55 32 12 25 45 34 28 27 42 23 58 49 29 9 24 47 51 43 38 30 59 39 40 52 18 7 48 54 4 57 56 8 37 17 20 26 15 22 5 2 19 16 6 10 53 35 31 33 46 14 13 41 21 1 50 36 0 44 11
54 45 33 59 15 3 37 22 47 28 46 23 26 52 38 16 51 20 32 4 7 11 57 50 2 35 55 14 18 58 43 34 21 56 36 6 44 24 9 13 30 31 27 42 53 1 0 39 17 8 5 25 19 40 41 48 12 49 10 29
