FACTOR_PERMUTATION_V1 12 16 1024 1 1
10 0 1 1 1 1 1 1 1 1 1 1 0 0 2 2 2 2 2 2 2 2 2 2 0 1 1 2 2 2 2 2 2 2 2 2
0 10 1 1 1 1 1 1 1 1 1 1 0 0 2 2 2 2 2 2 2 2 2 2 1 0 2 2 1 2 2 2 2 2 2 2
1 1 10 0 1 1 1 1 1 1 1 1 2 2 0 0 2 2 2 2 2 2 2 2 1 2 0 1 2 2 2 2 2 2 2 2
1 1 0 10 1 1 1 1 1 1 1 1 2 2 0 0 2 2 2 2 2 2 2 2 2 2 1 0 2 2 1 2 2 2 2 2
1 1 1 1 10 0 1 1 1 1 1 1 2 2 2 2 0 0 2 2 2 2 2 2 2 1 2 2 0 1 2 2 2 2 2 2
1 1 1 1 0 10 1 1 1 1 1 1 2 2 2 2 0 0 2 2 2 2 2 2 2 2 2 2 1 0 2 2 1 2 2 2
1 1 1 1 1 1 10 0 1 1 1 1 2 2 2 2 2 2 0 0 2 2 2 2 2 2 2 1 2 2 0 1 2 2 2 2
1 1 1 1 1 1 0 10 1 1 1 1 2 2 2 2 2 2 0 0 2 2 2 2 2 2 2 2 2 2 1 0 2 1 2 2
1 1 1 1 1 1 1 1 10 0 1 1 2 2 2 2 2 2 2 2 0 1 1 2 2 2 2 2 2 1 2 2 0 1 2 2
1 1 1 1 1 1 1 1 0 10 1 1 2 2 2 2 2 2 2 2 1 0 2 1 2 2 2 2 2 2 2 1 1 0 2 2
1 1 1 1 1 1 1 1 1 1 10 0 2 2 2 2 2 2 2 2 1 2 0 1 2 2 2 2 2 2 2 2 2 2 0 0
1 1 1 1 1 1 1 1 1 1 0 10 2 2 2 2 2 2 2 2 2 1 1 0 2 2 2 2 2 2 2 2 2 2 0 0
0 0 2 2 2 2 2 2 2 2 2 2 10 0 1 1 1 1 1 1 1 1 1 1 0 1 1 2 2 2 2 2 2 2 2 2
0 0 2 2 2 2 2 2 2 2 2 2 0 10 1 1 1 1 1 1 1 1 1 1 1 0 2 2 1 2 2 2 2 2 2 2
2 2 0 0 2 2 2 2 2 2 2 2 1 1 10 0 1 1 1 1 1 1 1 1 1 2 0 1 2 2 2 2 2 2 2 2
2 2 0 0 2 2 2 2 2 2 2 2 1 1 0 10 1 1 1 1 1 1 1 1 2 2 1 0 2 2 1 2 2 2 2 2
2 2 2 2 0 0 2 2 2 2 2 2 1 1 1 1 10 0 1 1 1 1 1 1 2 1 2 2 0 1 2 2 2 2 2 2
2 2 2 2 0 0 2 2 2 2 2 2 1 1 1 1 0 10 1 1 1 1 1 1 2 2 2 2 1 0 2 2 1 2 2 2
2 2 2 2 2 2 0 0 2 2 2 2 1 1 1 1 1 1 10 0 1 1 1 1 2 2 2 1 2 2 0 1 2 2 2 2
2 2 2 2 2 2 0 0 2 2 2 2 1 1 1 1 1 1 0 10 1 1 1 1 2 2 2 2 2 2 1 0 2 1 2 2
2 2 2 2 2 2 2 2 0 1 1 2 1 1 1 1 1 1 1 1 10 1 0 1 2 2 2 2 2 1 2 2 0 2 1 2
2 2 2 2 2 2 2 2 1 0 2 1 1 1 1 1 1 1 1 1 1 10 1 0 2 2 2 2 2 2 2 1 2 0 2 1
2 2 2 2 2 2 2 2 1 2 0 1 1 1 1 1 1 1 1 1 0 1 10 1 2 2 2 2 2 2 2 2 1 2 0 1
2 2 2 2 2 2 2 2 2 1 1 0 1 1 1 1 1 1 1 1 1 0 1 10 2 2 2 2 2 2 2 2 2 1 1 0
0 1 1 2 2 2 2 2 2 2 2 2 0 1 1 2 2 2 2 2 2 2 2 2 10 1 0 1 1 1 1 1 1 1 1 1
1 0 2 2 1 2 2 2 2 2 2 2 1 0 2 2 1 2 2 2 2 2 2 2 1 10 1 1 0 1 1 1 1 1 1 1
1 2 0 1 2 2 2 2 2 2 2 2 1 2 0 1 2 2 2 2 2 2 2 2 0 1 10 1 1 1 1 1 1 1 1 1
2 2 1 0 2 2 1 2 2 2 2 2 2 2 1 0 2 2 1 2 2 2 2 2 1 1 1 10 1 1 0 1 1 1 1 1
2 1 2 2 0 1 2 2 2 2 2 2 2 1 2 2 0 1 2 2 2 2 2 2 1 0 1 1 10 1 1 1 1 1 1 1
2 2 2 2 1 0 2 2 1 2 2 2 2 2 2 2 1 0 2 2 1 2 2 2 1 1 1 1 1 10 1 1 0 1 1 1
2 2 2 1 2 2 0 1 2 2 2 2 2 2 2 1 2 2 0 1 2 2 2 2 1 1 1 0 1 1 10 1 1 1 1 1
2 2 2 2 2 2 1 0 2 1 2 2 2 2 2 2 2 2 1 0 2 1 2 2 1 1 1 1 1 1 1 10 1 0 1 1
2 2 2 2 2 1 2 2 0 1 2 2 2 2 2 2 2 1 2 2 0 2 1 2 1 1 1 1 1 0 1 1 10 1 1 1
2 2 2 2 2 2 2 1 1 0 2 2 2 2 2 2 2 2 2 1 2 0 2 1 1 1 1 1 1 1 1 0 1 10 1 1
2 2 2 2 2 2 2 2 2 2 0 0 2 2 2 2 2 2 2 2 1 2 0 1 1 1 1 1 1 1 1 1 1 1 10 0
2 2 2 2 2 2 2 2 2 2 0 0 2 2 2 2 2 2 2 2 2 1 1 0 1 1 1 1 1 1 1 1 1 1 0 10
0 2
0 3
0 4
0 5
0 6
0 7
0 8
0 9
0 10
0 11
1 2
1 3
1 4
1 5
1 6
1 7
1 8
1 9
1 10
1 11
2 4
2 5
2 6
2 7
2 8
2 9
2 10
2 11
3 4
3 5
3 6
3 7
3 8
3 9
3 10
3 11
4 6
4 7
4 8
4 9
4 10
4 11
5 6
5 7
5 8
5 9
5 10
5 11
6 8
6 9
6 10
6 11
7 8
7 9
7 10
7 11
8 10
8 11
9 10
9 11
0 2
0 3
0 4
0 5
0 6
0 7
0 8
0 9
0 10
0 11
1 2
1 3
1 4
1 5
1 6
1 7
1 8
1 9
1 10
1 11
2 4
2 5
2 6
2 7
2 8
2 9
2 10
2 11
3 4
3 5
3 6
3 7
3 8
3 9
3 10
3 11
4 6
4 7
4 8
4 9
4 10
4 11
5 6
5 7
5 8
5 9
5 10
5 11
6 8
6 9
6 10
6 11
7 8
7 9
7 10
7 11
8 9
8 11
9 10
10 11
0 1
0 3
0 4
0 5
0 6
0 7
0 8
0 9
0 10
0 11
1 2
1 3
1 5
1 6
1 7
1 8
1 9
1 10
1 11
2 3
2 4
2 5
2 6
2 7
2 8
2 9
2 10
2 11
3 4
3 5
3 7
3 8
3 9
3 10
3 11
4 5
4 6
4 7
4 8
4 9
4 10
4 11
5 6
5 7
5 9
5 10
5 11
6 7
6 8
6 9
6 10
6 11
7 8
7 10
7 11
8 9
8 10
8 11
9 10
9 11
14115930288004664576 7168
59 16 49 25 21 5 28 43 45 32 42 56 6 52 58 30 55 39 11 50 0 8 20 15 51 38 53 44 54 48 9 17 3 14 40 2 18 47 7 31 35 36 34 57 19 1 22 37 33 12 24 29 26 46 41 10 13 23 4 27
42 53 24 49 54 35 52 16 29 32 59 18 43 26 21 4 28 8 55 39 15 11 44 27 56 36 37 2 7 12 57 38 58 3 5 22 30 1 50 46 47 9 17 25 23 41 40 31 0 33 6 20 34 48 10 45 51 13 19 14
59 36 49 25 21 5 28 43 45 32 42 56 6 52 58 30 55 39 11 50 0 8 20 15 51 38 53 44 54 48 9 17 3 14 40 2 18 47 7 31 35 16 34 57 19 1 22 37 33 12 24 29 26 46 41 10 13 23 4 27
42 53 24 49 54 35 52 16 29 32 59 18 43 26 21 4 28 8 55 39 15 11 44 27 56 36 37 2 7 12 57 38 58 3 5 22 30 1 50 46 47 9 17 25 23 41 40 31 0 33 6 20 34 48 10 45 51 13 19 14
14744627922200106019 7168
45 50 14 43 35 28 20 54 21 57 49 47 59 58 1 29 36 24 52 38 56 31 44 40 9 55 53 12 27 48 17 13 37 3 39 15 18 5 23 2 34 33 10 51 19 32 4 8 46 25 41 6 7 16 0 26 22 30 11 42
47 44 24 34 40 9 58 35 19 13 45 7 22 11 15 46 27 50 39 30 41 55 54 10 29 6 12 36 14 8 20 17 42 37 52 31 59 26 18 33 5 3 43 28 53 25 57 4 0 56 32 21 49 1 48 38 2 23 51 16
45 50 14 43 35 28 20 54 21 57 49 47 59 58 1 29 36 24 52 38 56 31 44 40 9 55 53 12 27 48 17 13 37 3 39 15 18 5 23 2 34 33 10 51 19 32 4 8 46 25 41 6 7 16 0 26 22 30 11 42
47 44 24 34 40 9 58 35 19 13 45 7 22 11 15 46 27 50 39 30 41 55 54 10 29 6 12 36 14 8 20 17 42 37 52 31 59 26 18 33 5 3 43 28 53 25 57 4 0 56 32 21 49 1 48 38 2 23 51 16
8405814931855615392 7168
57 40 22 53 29 44 45 27 12 54 47 8 49 16 26 41 28 42 33 52 15 2 17 37 4 21 46 50 31 51 19 38 3 39 25 13 59 0 55 34 48 56 24 58 14 5 9 30 20 6 36 32 35 18 1 7 43 10 11 23
37 30 57 41 58 33 10 4 42 15 50 29 45 16 35 38 9 31 25 22 34 55 48 17 20 46 14 7 6 18 3 27 51 5 36 39 23 49 32 13 0 43 11 8 47 54 19 2 56 26 44 59 12 24 52 28 1 53 40 21
57 40 22 53 29 44 45 27 12 54 47 8 49 16 26 41 28 42 33 52 15 2 17 37 4 21 46 50 31 51 19 38 3 39 24 13 59 0 55 34 48 56 25 58 14 5 9 30 20 6 36 32 35 18 1 7 43 10 11 23
37 30 57 41 58 33 10 4 42 15 50 29 45 16 35 38 9 31 25 22 34 55 48 17 20 46 14 7 6 18 3 27 51 5 36 39 23 49 32 13 0 43 11 8 47 54 19 2 56 26 44 59 12 24 52 28 1 53 40 21
11586458071891002398 7168
23 19 49 48 24 32 40 54 33 3 58 50 30 25 41 9 43 28 44 13 17 7 29 8 37 36 22 57 59 15 42 45 51 2 38 31 6 18 16 55 20 52 11 56 47 34 5 26 53 46 27 12 0 10 35 39 1 4 14 21
50 52 33 27 58 35 42 38 39 32 43 41 55 53 31 46 28 51 5 49 13 48 54 25 59 8 29 36 44 45 17 6 0 30 16 24 18 1 23 20 47 9 2 34 22 14 11 7 3 26 15 19 40 57 4 10 56 37 21 12
23 19 49 48 24 32 40 54 33 3 58 50 30 25 41 9 43 28 44 13 17 7 29 8 37 36 14 57 59 15 42 45 51 2 38 31 6 18 16 55 20 52 11 56 47 34 5 26 53 46 27 12 0 10 35 39 1 4 22 21
50 52 33 27 58 35 51 38 39 32 43 41 55 53 31 46 28 42 5 49 13 48 54 25 59 8 29 36 44 45 17 6 0 30 16 24 18 1 23 26 47 9 2 34 22 14 11 7 3 20 15 19 40 57 4 10 56 37 21 12
11649398998630265951 7168
27 55 50 21 32 10 53 54 36 48 41 46 24 23 40 33 3 30 35 39 58 6 38 56 42 2 13 18 15 17 45 28 9 16 49 20 7 57 51 1 31 11 59 8 34 14 52 5 12 26 29 4 43 0 19 47 22 25 37 44
37 42 34 51 39 45 48 28 55 23 31 25 49 58 56 46 54 3 22 1 20 53 43 9 17 16 36 44 5 57 8 40 35 41 14 13 33 6 26 50 18 15 0 47 7 19 29 38 27 12 52 59 11 24 32 10 2 30 21 4
27 55 50 21 32 10 53 54 36 48 41 46 24 23 40 33 3 30 35 39 58 6 56 38 42 2 13 18 15 17 45 28 9 16 49 20 7 57 51 1 31 11 59 8 34 14 52 5 12 26 29 4 43 0 19 47 22 25 37 44
37 42 34 51 39 45 48 28 55 23 31 25 49 58 56 46 54 3 22 1 20 53 43 9 17 16 36 44 5 57 8 40 35 41 14 30 33 6 26 50 18 15 0 47 7 19 29 38 27 12 52 59 11 24 32 10 2 13 21 4
4629561803621785438 7168
42 32 10 45 34 57 55 7 26 22 58 51 5 28 56 20 44 27 43 30 48 47 39 15 41 31 9 18 17 54 46 38 14 13 53 2 4 59 23 50 35 52 19 49 0 24 8 16 40 6 11 21 1 29 25 3 12 33 36 37
58 54 55 51 24 11 29 46 28 36 4 9 21 53 30 27 52 56 49 44 41 26 15 57 3 12 39 43 17 0 35 25 37 34 38 48 31 13 8 23 5 19 22 6 18 47 32 7 59 40 42 16 50 2 45 14 33 20 10 1
42 32 10 53 34 57 55 7 26 22 58 51 5 28 56 40 44 27 43 30 48 47 39 15 41 31 9 18 17 54 46 38 14 13 45 2 4 59 23 50 35 52 19 49 0 24 8 16 20 6 11 21 1 29 25 3 12 33 36 37
58 54 55 51 24 11 28 46 43 36 13 9 49 53 30 27 3 56 19 44 41 22 15 57 52 12 39 29 17 0 35 25 37 34 6 48 31 4 8 23 5 21 26 45 18 47 32 7 59 40 42 16 50 2 38 14 33 20 10 1
659016911339018100 7168
38 46 26 35 44 59 36 31 22 45 51 53 56 50 34 41 21 16 3 24 29 2 17 58 55 8 15 42 19 6 9 39 49 23 37 48 54 32 7 27 4 12 33 57 52 18 25 5 20 14 47 1 11 0 28 13 30 10 43 40
34 13 55 48 58 28 14 17 43 20 18 6 29 32 30 25 41 56 49 42 5 50 57 53 46 44 36 15 45 54 35 8 22 37 31 39 10 59 11 4 26 47 40 0 23 27 12 7 16 9 52 24 51 38 21 1 2 33 19 3
37 46 26 53 44 59 12 30 22 45 42 56 15 50 35 41 21 39 11 24 29 2 17 58 55 8 52 51 19 6 9 36 49 23 16 14 54 32 7 27 4 38 33 57 10 18 25 5 20 48 47 1 3 0 28 13 34 31 43 40
34 13 55 48 58 37 33 18 43 20 56 8 29 32 52 25 9 14 49 42 5 50 57 1 35 44 36 15 45 54 46 6 22 53 24 39 10 59 11 4 26 47 40 0 23 27 12 7 16 41 30 31 51 38 21 28 2 17 19 3
17521001268818670580 7168
38 44 0 23 59 45 55 22 53 30 17 50 52 54 27 36 39 41 21 29 14 32 9 10 43 5 51 40 49 19 6 47 11 46 7 37 31 58 3 57 35 26 33 24 4 8 2 48 18 13 12 56 28 34 16 1 42 25 20 15
51 43 54 18 15 1 50 58 20 49 8 9 25 34 12 26 47 29 37 55 46 2 40 31 16 48 35 30 38 22 59 57 53 13 42 7 24 44 33 5 14 4 45 36 0 23 32 52 39 27 6 11 41 3 10 17 19 21 56 28
38 44 25 23 59 45 55 22 53 30 17 50 57 54 27 36 39 41 21 29 14 32 9 10 43 5 51 40 49 19 6 47 11 46 7 37 31 58 3 52 35 26 33 24 48 8 1 4 18 13 12 56 28 34 16 2 42 0 20 15
51 43 54 18 15 1 50 58 20 49 8 9 25 34 12 26 47 29 37 55 46 2 40 31 16 48 35 30 38 22 59 57 53 13 42 7 24 44 33 5 14 4 45 36 0 23 32 52 39 27 6 11 41 3 10 17 19 21 56 28
10060378670547010222 7168
36 1 25 53 59 21 28 4 45 37 55 46 57 26 56 38 43 41 30 22 14 16 6 39 31 54 47 3 23 50 13 51 19 20 52 58 5 34 9 32 49 18 33 35 7 15 2 44 27 40 24 11 42 8 17 0 12 48 10 29
8 54 51 34 15 50 43 31 20 32 48 52 47 9 45 19 33 27 44 38 58 30 41 55 10 35 29 49 56 25 59 3 11 37 4 2 21 1 39 57 14 42 17 40 36 46 53 7 5 13 16 24 18 26 6 12 22 23 28 0
36 1 25 53 59 21 28 4 45 37 55 46 57 26 56 38 43 41 30 22 14 16 6 39 31 54 47 3 23 50 13 51 19 20 52 58 5 34 9 32 49 18 33 35 7 15 2 44 27 40 24 11 42 8 17 0 12 48 10 29
8 54 51 34 15 50 43 31 20 32 48 52 47 9 45 19 33 27 44 38 58 30 41 55 10 35 29 49 56 25 59 3 11 37 4 2 21 1 39 57 14 42 17 40 36 46 53 7 5 13 16 24 18 26 6 12 22 23 28 0
14718143970356473825 7168
54 48 59 17 32 45 40 0 55 30 51 39 27 11 46 58 41 37 49 24 56 52 3 28 26 42 9 16 4 47 10 35 43 8 14 53 33 38 36 15 23 31 7 50 5 20 34 22 19 57 12 2 1 18 21 6 25 13 29 44
36 18 43 50 20 24 32 54 31 45 25 37 26 51 57 29 47 56 3 49 8 46 58 6 14 41 48 30 55 1 44 38 17 42 23 2 13 59 9 19 28 16 11 10 5 33 7 52 35 0 15 21 34 40 12 39 27 4 53 22
54 48 59 17 32 45 40 0 55 30 51 39 27 11 46 58 41 37 49 24 56 52 3 28 26 42 9 16 4 47 10 35 43 8 14 53 33 38 36 15 23 31 7 50 5 20 34 22 19 57 12 2 1 18 21 6 25 13 29 44
36 18 43 50 20 24 32 54 31 45 25 37 26 51 57 29 47 56 3 49 8 46 58 6 14 41 48 30 55 1 44 38 17 42 23 2 13 59 9 19 28 16 11 10 53 33 7 52 35 0 15 21 34 40 12 39 27 4 5 22
9656749698645028731 7168
55 41 33 6 21 40 46 10 49 52 51 50 15 25 57 27 36 58 32 29 4 54 17 38 45 24 12 44 2 48 3 19 5 43 53 39 34 56 16 59 22 23 35 31 30 8 13 18 26 14 1 28 0 11 47 7 20 9 37 42
42 44 37 51 26 38 14 47 31 25 52 53 29 58 39 0 10 22 5 36 56 20 2 13 9 11 59 33 54 3 55 24 40 18 15 4 16 27 50 1 49 6 17 34 7 48 23 32 46 41 21 57 28 45 19 12 30 43 8 35
55 41 33 6 21 40 46 10 49 52 51 50 15 25 57 27 36 58 32 29 4 54 17 38 45 24 12 44 2 48 3 19 5 43 53 39 34 56 16 59 22 23 35 31 30 8 13 18 26 14 1 28 0 11 47 7 20 9 37 42
42 44 37 51 26 38 14 47 31 25 52 53 29 58 39 0 10 22 5 36 56 20 2 13 9 11 59 33 54 3 55 24 28 18 15 4 16 27 50 1 49 6 17 34 7 48 23 32 46 41 21 57 40 45 19 12 30 43 8 35
8353705111523760391 7168
49 44 38 10 47 34 18 22 27 31 53 46 48 40 57 45 33 43 51 20 19 32 23 13 4 59 37 42 55 17 8 2 41 52 39 14 7 56 0 50 1 26 29 25 35 5 30 6 36 11 16 58 54 28 24 9 15 21 3 12
17 54 22 46 40 43 19 38 49 44 45 36 58 25 3 24 51 34 52 23 14 37 57 55 35 42 4 32 1 47 15 59 56 10 12 2 29 9 53 18 31 7 16 33 0 50 41 48 27 26 39 6 28 8 11 20 21 13 5 30
49 44 38 10 47 34 18 22 27 31 53 46 48 40 57 45 33 43 51 20 19 32 23 13 4 59 37 42 55 17 29 2 41 52 39 14 7 56 0 50 1 26 8 25 35 5 30 6 36 11 16 58 54 28 24 9 15 21 3 12
17 54 22 46 40 43 19 38 49 44 45 36 58 25 3 24 51 34 52 23 14 37 57 55 35 42 4 32 1 47 15 59 56 10 12 2 29 9 53 18 31 7 16 33 0 50 41 48 27 26 39 6 28 8 11 20 21 13 5 30
17378186227214442500 7168
57 24 34 54 42 33 55 41 25 44 49 47 38 48 27 58 29 18 2 31 43 17 40 46 14 5 45 4 7 53 50 13 8 19 37 28 15 9 35 52 51 10 1 6 22 21 11 59 0 56 32 16 39 26 12 23 20 3 30 36
55 43 53 11 58 57 36 21 1 51 46 30 33 23 39 42 26 34 48 3 18 47 54 19 25 45 2 31 20 15 0 6 35 8 24 49 27 29 4 7 13 52 56 41 9 50 44 10 59 22 12 28 17 16 5 40 32 14 37 38
57 24 34 54 42 33 55 41 25 44 49 47 38 48 27 58 29 18 2 31 43 17 40 46 14 5 45 4 7 53 50 13 8 19 37 28 15 9 35 52 51 10 1 6 22 21 11 59 0 56 32 16 39 26 12 23 20 3 30 36
55 43 53 11 58 57 36 21 1 51 46 30 33 23 39 42 26 34 48 3 18 47 54 19 25 45 2 31 20 15 0 6 35 8 24 49 27 29 4 7 13 52 56 41 9 50 44 10 59 22 12 28 17 16 5 40 32 14 37 38
10135835253655401846 7168
49 57 59 25 52 50 31 2 32 21 38 29 56 4 35 58 55 26 15 42 17 43 19 47 0 54 40 6 53 41 11 44 36 14 8 5 48 7 22 23 9 34 18 1 46 51 10 16 3 24 28 39 27 37 45 20 33 12 13 30
40 13 29 17 9 41 37 50 25 55 59 53 42 39 31 19 20 3 48 57 4 8 43 49 51 15 23 28 34 6 58 10 5 45 38 44 26 52 16 27 14 7 36 46 54 22 32 11 1 35 18 24 56 33 2 47 12 21 30 0
49 57 59 25 52 50 31 2 32 21 38 29 56 4 35 58 55 26 15 42 17 43 19 47 0 54 40 6 53 41 18 44 36 14 8 5 48 7 22 23 9 34 45 1 46 51 10 16 3 24 28 39 11 37 27 20 33 12 13 30
40 13 29 17 9 41 37 50 25 55 59 53 42 39 31 19 20 3 48 57 4 8 43 49 51 15 23 28 34 6 58 10 5 45 38 44 26 52 16 27 14 7 36 46 54 22 32 11 1 35 18 24 56 33 2 47 12 21 30 0
6118316594356324227 7168
37 41 56 27 35 46 25 36 3 34 22 51 38 29 17 39 43 50 26 32 48 8 58 47 13 7 53 12 55 54 42 14 52 40 45 6 5 1 59 18 10 30 11 33 49 57 4 15 9 44 20 21 19 23 16 24 28 0 31 2
15 7 34 59 42 28 50 26 35 14 46 6 22 53 52 27 32 19 4 39 5 33 16 47 58 48 21 1 56 23 18 45 41 36 13 12 8 57 10 44 37 49 20 3 2 11 55 51 40 9 31 24 29 38 25 17 54 30 0 43
37 40 56 27 35 50 25 36 3 34 22 51 38 32 20 39 43 46 26 29 48 8 58 47 13 41 53 12 55 54 42 14 52 7 6 45 5 1 19 18 10 30 11 33 49 57 4 15 9 44 17 24 59 23 16 21 28 2 31 0
15 7 34 59 40 38 50 26 43 14 46 29 22 53 52 27 32 19 4 39 5 33 16 47 58 36 21 1 56 23 18 45 41 48 13 24 8 57 10 12 37 49 42 0 2 11 55 51 20 9 31 44 3 28 25 17 54 30 6 35
5317279329636507986 7168
3 55 32 12 25 45 50 40 27 42 54 58 49 29 9 24 47 51 43 38 35 59 39 13 52 18 36 48 37 4 57 6 8 15 17 21 26 23 14 5 7 19 16 56 10 53 30 31 33 28 11 46 41 20 1 34 2 0 44 22
54 45 33 59 15 3 37 22 47 28 46 23 26 52 38 34 51 39 32 4 44 11 48 50 2 29 58 14 18 55 35 16 42 56 36 8 7 24 9 13 30 6 27 21 53 1 0 20 17 5 12 25 19 40 41 57 31 49 10 43
3 55 32 12 25 45 50 40 27 42 23 58 49 29 9 24 47 51 43 38 35 59 39 13 52 18 2 48 37 4 57 6 8 15 17 21 26 54 14 5 7 19 16 56 10 53 30 31 33 28 11 46 41 20 1 34 36 0 44 22
54 45 33 59 15 3 37 22 47 28 46 23 26 52 38 34 51 39 32 4 44 11 48 50 2 29 58 14 18 55 43 16 21 56 36 8 7 24 9 13 30 6 27 42 53 1 0 20 17 5 12 25 19 40 41 57 31 49 10 35
