FACTOR_PERMUTATION_V1 12 16 1024 1 0
10 0 1 1 1 1 1 1 1 1 1 1 0 0 2 2 2 2 2 2 2 2 2 2 0 0 2 2 2 2 2 2 2 2 2 2
0 10 1 1 1 1 1 1 1 1 1 1 0 0 2 2 2 2 2 2 2 2 2 2 0 0 2 2 2 2 2 2 2 2 2 2
1 1 10 0 1 1 1 1 1 1 1 1 2 2 0 0 2 2 2 2 2 2 2 2 2 2 0 0 2 2 2 2 2 2 2 2
1 1 0 10 1 1 1 1 1 1 1 1 2 2 0 0 2 2 2 2 2 2 2 2 2 2 0 0 2 2 2 2 2 2 2 2
1 1 1 1 10 0 1 1 1 1 1 1 2 2 2 2 0 0 2 2 2 2 2 2 2 2 2 2 0 0 2 2 2 2 2 2
1 1 1 1 0 10 1 1 1 1 1 1 2 2 2 2 0 0 2 2 2 2 2 2 2 2 2 2 0 0 2 2 2 2 2 2
1 1 1 1 1 1 10 0 1 1 1 1 2 2 2 2 2 2 0 0 2 2 2 2 2 2 2 2 2 2 0 0 2 2 2 2
1 1 1 1 1 1 0 10 1 1 1 1 2 2 2 2 2 2 0 0 2 2 2 2 2 2 2 2 2 2 0 0 2 2 2 2
1 1 1 1 1 1 1 1 10 0 1 1 2 2 2 2 2 2 2 2 0 0 2 2 2 2 2 2 2 2 2 2 0 0 2 2
1 1 1 1 1 1 1 1 0 10 1 1 2 2 2 2 2 2 2 2 0 0 2 2 2 2 2 2 2 2 2 2 0 0 2 2
1 1 1 1 1 1 1 1 1 1 10 0 2 2 2 2 2 2 2 2 2 2 0 0 2 2 2 2 2 2 2 2 2 2 0 0
1 1 1 1 1 1 1 1 1 1 0 10 2 2 2 2 2 2 2 2 2 2 0 0 2 2 2 2 2 2 2 2 2 2 0 0
0 0 2 2 2 2 2 2 2 2 2 2 10 0 1 1 1 1 1 1 1 1 1 1 0 0 2 2 2 2 2 2 2 2 2 2
0 0 2 2 2 2 2 2 2 2 2 2 0 10 1 1 1 1 1 1 1 1 1 1 0 0 2 2 2 2 2 2 2 2 2 2
2 2 0 0 2 2 2 2 2 2 2 2 1 1 10 0 1 1 1 1 1 1 1 1 2 2 0 0 2 2 2 2 2 2 2 2
2 2 0 0 2 2 2 2 2 2 2 2 1 1 0 10 1 1 1 1 1 1 1 1 2 2 0 0 2 2 2 2 2 2 2 2
2 2 2 2 0 0 2 2 2 2 2 2 1 1 1 1 10 0 1 1 1 1 1 1 2 2 2 2 0 0 2 2 2 2 2 2
2 2 2 2 0 0 2 2 2 2 2 2 1 1 1 1 0 10 1 1 1 1 1 1 2 2 2 2 0 0 2 2 2 2 2 2
2 2 2 2 2 2 0 0 2 2 2 2 1 1 1 1 1 1 10 0 1 1 1 1 2 2 2 2 2 2 0 0 2 2 2 2
2 2 2 2 2 2 0 0 2 2 2 2 1 1 1 1 1 1 0 10 1 1 1 1 2 2 2 2 2 2 0 0 2 2 2 2
2 2 2 2 2 2 2 2 0 0 2 2 1 1 1 1 1 1 1 1 10 0 1 1 2 2 2 2 2 2 2 2 0 0 2 2
2 2 2 2 2 2 2 2 0 0 2 2 1 1 1 1 1 1 1 1 0 10 1 1 2 2 2 2 2 2 2 2 0 0 2 2
2 2 2 2 2 2 2 2 2 2 0 0 1 1 1 1 1 1 1 1 1 1 10 0 2 2 2 2 2 2 2 2 2 2 0 0
2 2 2 2 2 2 2 2 2 2 0 0 1 1 1 1 1 1 1 1 1 1 0 10 2 2 2 2 2 2 2 2 2 2 0 0
0 0 2 2 2 2 2 2 2 2 2 2 0 0 2 2 2 2 2 2 2 2 2 2 10 0 1 1 1 1 1 1 1 1 1 1
0 0 2 2 2 2 2 2 2 2 2 2 0 0 2 2 2 2 2 2 2 2 2 2 0 10 1 1 1 1 1 1 1 1 1 1
2 2 0 0 2 2 2 2 2 2 2 2 2 2 0 0 2 2 2 2 2 2 2 2 1 1 10 0 1 1 1 1 1 1 1 1
2 2 0 0 2 2 2 2 2 2 2 2 2 2 0 0 2 2 2 2 2 2 2 2 1 1 0 10 1 1 1 1 1 1 1 1
2 2 2 2 0 0 2 2 2 2 2 2 2 2 2 2 0 0 2 2 2 2 2 2 1 1 1 1 10 0 1 1 1 1 1 1
2 2 2 2 0 0 2 2 2 2 2 2 2 2 2 2 0 0 2 2 2 2 2 2 1 1 1 1 0 10 1 1 1 1 1 1
2 2 2 2 2 2 0 0 2 2 2 2 2 2 2 2 2 2 0 0 2 2 2 2 1 1 1 1 1 1 10 0 1 1 1 1
2 2 2 2 2 2 0 0 2 2 2 2 2 2 2 2 2 2 0 0 2 2 2 2 1 1 1 1 1 1 0 10 1 1 1 1
2 2 2 2 2 2 2 2 0 0 2 2 2 2 2 2 2 2 2 2 0 0 2 2 1 1 1 1 1 1 1 1 10 0 1 1
2 2 2 2 2 2 2 2 0 0 2 2 2 2 2 2 2 2 2 2 0 0 2 2 1 1 1 1 1 1 1 1 0 10 1 1
2 2 2 2 2 2 2 2 2 2 0 0 2 2 2 2 2 2 2 2 2 2 0 0 1 1 1 1 1 1 1 1 1 1 10 0
2 2 2 2 2 2 2 2 2 2 0 0 2 2 2 2 2 2 2 2 2 2 0 0 1 1 1 1 1 1 1 1 1 1 0 10
0 2
0 3
0 4
0 5
0 6
0 7
0 8
0 9
0 10
0 11
1 2
1 3
1 4
1 5
1 6
1 7
1 8
1 9
1 10
1 11
2 4
2 5
2 6
2 7
2 8
2 9
2 10
2 11
3 4
3 5
3 6
3 7
3 8
3 9
3 10
3 11
4 6
4 7
4 8
4 9
4 10
4 11
5 6
5 7
5 8
5 9
5 10
5 11
6 8
6 9
6 10
6 11
7 8
7 9
7 10
7 11
8 10
8 11
9 10
9 11
0 2
0 3
0 4
0 5
0 6
0 7
0 8
0 9
0 10
0 11
1 2
1 3
1 4
1 5
1 6
1 7
1 8
1 9
1 10
1 11
2 4
2 5
2 6
2 7
2 8
2 9
2 10
2 11
3 4
3 5
3 6
3 7
3 8
3 9
3 10
3 11
4 6
4 7
4 8
4 9
4 10
4 11
5 6
5 7
5 8
5 9
5 10
5 11
6 8
6 9
6 10
6 11
7 8
7 9
7 10
7 11
8 10
8 11
9 10
9 11
0 2
0 3
0 4
0 5
0 6
0 7
0 8
0 9
0 10
0 11
1 2
1 3
1 4
1 5
1 6
1 7
1 8
1 9
1 10
1 11
2 4
2 5
2 6
2 7
2 8
2 9
2 10
2 11
3 4
3 5
3 6
3 7
3 8
3 9
3 10
3 11
4 6
4 7
4 8
4 9
4 10
4 11
5 6
5 7
5 8
5 9
5 10
5 11
6 8
6 9
6 10
6 11
7 8
7 9
7 10
7 11
8 10
8 11
9 10
9 11
17866855986644563115 26624
29 46 25 54 6 24 35 51 53 36 57 31 33 23 21 20 50 44 2 58 4 19 45 37 40 8 49 16 18 48 55 17 38 9 42 39 26 59 5 43 52 27 41 56 22 34 11 7 1 12 14 32 13 0 28 3 47 15 10 30
48 55 54 45 33 41 36 1 21 24 43 39 9 56 49 19 29 26 22 28 25 59 18 3 53 40 12 2 52 51 20 46 11 44 7 4 6 30 50 35 16 17 32 0 8 14 31 23 47 27 38 13 10 37 58 57 5 34 42 15
29 46 25 54 6 24 35 51 53 36 57 31 33 23 21 20 50 44 2 58 4 19 45 37 40 8 49 16 18 48 55 17 38 9 42 39 26 59 5 43 52 27 41 56 22 34 11 7 1 12 14 32 13 0 28 3 47 15 10 30
48 55 54 45 33 41 36 1 21 24 43 39 9 56 49 19 29 26 22 28 25 59 18 3 53 40 12 2 52 51 20 46 11 44 7 4 6 30 50 35 16 17 32 0 8 14 31 23 47 27 38 13 10 37 58 57 5 34 42 15
9177991556335259813 26624
57 25 23 40 35 14 43 46 39 30 56 42 53 52 45 41 0 1 26 28 58 16 20 2 29 36 5 17 18 59 9 3 12 38 48 54 6 24 51 55 4 32 31 27 8 22 11 49 50 10 13 7 44 34 33 21 37 19 47 15
47 40 16 25 45 32 28 22 42 9 38 58 27 10 35 31 43 36 49 6 5 18 56 39 50 19 44 53 29 4 17 57 51 23 37 2 30 7 24 54 26 14 59 48 55 3 52 34 13 41 0 21 8 46 12 15 1 20 11 33
57 25 23 40 35 14 43 46 39 30 56 42 53 52 45 41 0 1 26 28 58 16 20 2 29 36 5 17 18 59 9 3 12 38 48 54 6 24 51 55 4 32 31 27 8 22 11 49 50 10 13 7 44 34 33 21 37 19 47 15
47 40 16 25 45 32 28 22 42 9 38 58 27 10 35 31 43 36 49 6 5 18 56 39 50 19 44 53 29 4 17 57 51 23 37 2 30 7 24 54 26 14 59 48 55 3 52 34 13 41 0 21 8 46 12 15 1 20 11 33
10276732772067933827 26624
41 58 21 8 38 59 13 52 22 28 30 57 50 55 25 46 37 2 33 24 54 15 7 10 45 9 44 48 6 53 16 36 51 14 29 5 35 0 20 43 17 11 27 32 1 18 56 49 34 42 12 40 19 26 39 3 4 23 31 47
51 37 35 48 1 44 26 20 7 12 41 30 24 25 42 33 43 57 46 54 3 56 40 16 4 45 15 21 19 9 47 8 18 36 52 39 6 53 50 34 23 49 10 58 55 31 2 11 0 59 32 17 28 13 27 22 29 38 14 5
41 58 42 8 38 59 13 52 22 28 30 56 50 55 25 46 37 2 33 24 54 15 7 10 45 9 44 48 6 53 16 36 51 14 29 5 35 0 20 43 17 11 27 32 1 18 57 49 34 21 12 40 19 26 39 3 4 23 31 47
51 37 35 48 1 44 26 20 7 12 41 30 24 25 46 39 43 57 42 54 3 56 40 16 4 45 15 21 19 9 47 8 18 36 52 33 6 53 50 34 23 49 10 58 55 31 2 11 0 59 32 17 28 13 27 22 29 38 14 5
12612981438473777915 26624
48 5 49 59 29 39 14 37 24 40 53 15 50 30 25 38 41 34 44 45 18 46 2 3 35 36 55 16 32 17 47 58 8 4 51 20 57 11 54 27 7 23 56 26 9 52 12 22 10 13 28 6 21 19 0 1 42 31 33 43
46 28 33 22 56 0 43 19 49 53 47 58 48 27 29 35 40 37 23 14 24 5 18 59 4 6 38 36 55 57 7 12 42 26 13 52 16 34 25 15 54 3 1 17 31 50 30 39 41 51 45 20 8 21 9 44 11 10 2 32
48 52 49 59 29 39 10 37 26 40 53 15 50 30 25 38 41 34 44 45 18 46 2 3 35 36 55 16 32 17 47 58 8 4 51 20 57 11 54 27 7 23 56 24 9 5 12 22 14 13 28 6 21 19 0 1 42 31 33 43
46 28 33 22 56 0 43 19 4 53 47 58 48 27 29 35 40 37 23 14 24 5 18 59 49 6 38 36 55 9 7 12 42 26 13 52 1 34 25 15 54 3 16 17 31 50 30 39 41 51 45 20 8 21 57 44 11 10 2 32
8230707090195575208 26624
23 51 49 47 34 53 18 2 22 38 42 59 24 54 26 39 30 15 37 20 7 4 44 41 55 40 17 6 11 12 8 57 43 48 5 58 19 46 0 9 56 31 52 27 50 25 16 1 36 35 33 45 10 32 3 14 28 29 21 13
46 39 19 31 48 47 37 27 56 30 57 4 36 28 45 26 13 35 7 52 54 50 9 16 3 53 42 12 58 51 59 43 24 29 38 11 32 6 1 22 10 15 18 17 0 5 23 44 34 21 2 20 40 41 33 25 55 49 14 8
23 51 49 47 34 53 18 2 22 38 42 59 24 54 8 39 30 15 37 20 7 4 44 41 55 40 17 52 11 12 26 57 43 48 5 58 19 46 0 9 56 31 6 27 50 25 16 1 36 35 33 45 10 32 3 14 28 29 21 13
46 39 19 31 48 47 37 27 56 30 57 4 36 28 45 26 13 35 7 52 54 50 9 16 12 53 42 3 58 51 59 43 24 29 38 11 32 6 1 22 10 15 18 17 0 5 23 44 34 21 2 20 40 41 33 25 55 49 14 8
420279458223835601 26624
48 29 41 25 40 27 18 24 45 5 39 4 50 35 21 59 23 46 38 52 8 14 19 2 43 58 15 32 53 56 49 44 12 9 22 54 16 13 0 51 31 33 1 6 55 37 7 10 34 3 57 20 30 28 26 17 36 47 11 42
46 51 14 55 25 45 28 36 23 38 5 59 31 49 56 34 42 53 35 20 48 58 52 47 19 12 39 4 7 15 41 8 50 21 16 44 27 24 54 0 33 18 40 11 32 26 22 9 3 1 13 17 10 57 2 29 6 37 43 30
48 29 41 25 40 27 18 24 45 5 39 4 50 35 21 59 23 46 38 52 8 14 19 2 43 58 15 32 53 56 49 44 12 9 22 54 16 13 0 51 31 33 1 6 55 37 7 10 34 3 57 20 30 28 26 17 36 47 11 42
46 51 14 55 25 45 28 36 23 38 4 59 31 49 56 34 42 53 35 20 48 58 52 47 19 12 39 5 7 15 41 8 50 21 16 44 27 24 54 0 33 18 40 32 11 26 22 9 3 1 13 17 10 57 2 29 6 37 43 30
2559713126358249451 26624
12 55 44 7 33 23 41 26 11 47 37 38 9 54 27 29 46 25 30 48 56 51 57 58 1 35 43 45 34 50 18 16 5 3 39 49 53 4 22 19 10 32 24 17 21 14 6 31 13 42 8 20 28 40 59 0 36 15 52 2
57 28 54 31 46 59 22 44 49 25 58 50 45 29 52 19 0 42 37 35 4 7 13 40 41 5 6 14 53 17 38 21 8 51 15 3 27 24 18 12 32 30 9 55 36 26 48 16 33 34 10 2 56 11 1 39 47 43 20 23
12 55 44 7 33 23 41 26 11 45 37 38 9 54 27 29 46 25 30 48 56 51 57 58 1 35 43 21 34 50 18 16 5 3 39 49 53 4 22 19 10 32 24 17 59 14 6 31 13 42 8 20 28 40 47 0 36 15 52 2
57 28 54 31 46 59 22 44 49 25 58 50 45 29 52 19 0 42 37 35 4 7 13 40 41 5 6 14 53 17 38 21 8 51 15 3 27 24 18 12 30 11 9 55 36 26 48 56 33 34 10 2 16 1 32 39 47 43 20 23
5475217752226136685 26624
53 36 21 24 25 29 56 30 15 41 47 59 52 51 28 26 23 13 38 49 17 0 58 57 12 14 3 37 54 18 19 32 4 39 44 5 6 11 8 27 33 48 1 7 42 31 50 16 55 46 22 43 40 9 20 45 35 10 2 34
51 19 56 22 40 53 43 32 20 33 48 23 11 49 26 7 47 35 29 37 45 52 13 2 54 18 31 25 58 28 44 46 59 4 14 38 41 57 30 15 5 0 17 34 8 3 24 55 1 27 39 6 16 21 9 10 12 42 50 36
53 36 21 24 25 29 56 30 15 41 47 59 52 19 28 26 23 46 38 49 51 0 58 57 12 14 3 37 54 17 18 32 4 39 44 5 6 11 8 27 33 48 1 7 42 31 50 16 55 13 22 43 40 9 20 45 35 10 2 34
51 19 56 22 40 53 37 32 20 33 48 23 11 49 26 7 47 35 29 43 45 52 13 2 54 18 31 25 58 28 44 46 59 4 14 38 41 57 30 15 5 0 17 34 8 3 24 55 1 27 39 6 16 21 9 10 12 42 50 36
1138964332121952587 26624
29 43 1 42 16 41 40 26 59 23 49 46 54 51 9 20 25 12 44 32 27 15 38 56 55 8 14 2 19 58 0 7 11 36 52 39 45 33 50 6 10 48 34 57 24 53 5 35 37 47 22 17 18 21 28 13 3 4 30 31
4 58 54 27 26 39 32 43 42 28 47 48 24 25 29 46 15 31 53 36 16 56 55 8 7 37 44 17 5 14 59 38 41 1 13 0 34 9 11 22 49 19 45 30 2 18 35 52 51 12 6 20 21 57 10 33 23 50 40 3
29 43 1 42 16 41 40 26 59 23 49 46 54 51 9 20 25 12 44 32 27 15 38 56 55 8 14 2 19 58 0 7 11 36 52 39 45 33 50 6 10 48 34 57 24 53 5 35 37 47 22 17 18 21 28 13 3 4 30 31
4 58 54 27 26 39 32 43 42 28 47 48 24 25 29 46 15 31 53 36 16 56 55 2 7 37 44 17 5 14 59 38 41 1 13 0 34 9 11 22 49 19 45 30 8 18 35 52 51 12 6 20 21 57 10 33 23 50 40 3
10876962409626079825 26624
37 45 51 53 34 57 10 46 50 38 35 24 28 49 58 36 54 27 44 1 22 56 6 13 42 15 7 39 59 18 19 2 47 40 5 48 17 26 8 9 16 52 32 3 30 31 23 14 0 41 20 43 55 29 33 25 12 11 4 21
58 50 25 35 39 38 37 43 6 51 52 40 32 20 29 59 10 42 31 49 57 15 46 33 19 41 36 5 14 48 47 55 7 8 45 21 54 3 30 23 0 12 9 56 18 4 53 34 27 11 16 24 1 26 13 2 22 44 28 17
37 45 51 53 34 57 10 46 50 38 35 24 28 49 58 36 54 27 44 1 22 56 6 13 42 15 7 39 59 18 19 2 47 40 5 48 17 26 8 9 16 52 32 3 30 31 23 14 0 41 20 43 55 29 33 25 12 11 4 21
58 50 25 35 39 38 37 43 6 51 52 40 32 20 29 59 10 42 31 49 57 15 46 33 19 41 36 5 14 48 47 55 7 8 45 21 54 3 30 23 0 12 9 56 18 4 53 34 27 11 16 24 1 26 13 2 22 44 28 17
11649262835197965041 26624
54 40 44 51 31 27 42 22 6 33 24 46 23 28 58 59 57 55 29 36 49 5 19 13 41 34 14 38 53 16 48 47 15 9 39 4 56 18 2 35 30 10 1 52 26 50 17 25 21 12 45 8 3 7 20 32 37 11 0 43
33 6 26 24 41 44 35 18 49 37 47 48 39 58 54 32 20 21 53 30 19 56 17 40 5 43 38 50 51 55 3 15 34 36 12 45 11 25 23 4 8 52 57 1 14 2 29 0 7 27 22 28 9 46 59 10 13 42 31 16
37 40 44 51 31 27 42 22 6 33 24 46 23 28 58 59 48 55 29 36 49 5 19 13 41 34 14 38 53 16 56 47 15 9 39 4 57 18 2 35 30 10 1 52 26 50 17 25 21 12 45 8 3 7 20 32 54 11 0 43
33 6 26 24 41 44 35 18 49 37 47 48 39 58 54 32 20 21 53 30 19 56 17 40 5 43 38 50 51 55 3 15 34 36 12 45 11 25 23 4 8 52 57 1 14 2 29 0 7 27 22 28 9 46 59 10 13 42 31 16
12252978127020911659 26624
51 18 52 56 45 47 22 36 5 24 39 25 30 34 57 38 42 3 23 54 19 11 32 7 40 50 44 43 16 55 48 46 9 53 28 4 8 2 27 26 59 49 21 58 37 0 14 17 15 41 10 33 35 13 6 20 12 29 31 1
33 48 35 23 55 44 46 0 39 36 54 12 6 37 45 57 27 34 24 29 4 59 18 47 16 42 2 53 43 56 19 17 5 8 49 38 25 26 15 41 22 11 9 1 14 51 58 21 40 28 32 3 20 10 30 7 31 50 13 52
51 18 52 56 45 47 22 36 5 24 39 25 30 34 57 38 42 3 23 54 19 11 33 7 40 50 44 43 16 55 48 46 9 53 28 4 8 2 27 26 59 49 21 58 37 0 14 17 15 41 12 32 35 13 6 20 10 29 31 1
33 48 35 23 55 44 46 0 39 12 54 36 6 37 45 57 27 30 24 29 4 59 18 47 16 42 2 53 43 9 19 17 5 8 49 38 25 26 15 41 22 11 56 1 14 51 58 21 40 28 32 3 20 10 34 7 31 50 13 52
5861906024735647087 26624
59 51 48 40 32 34 47 45 20 23 50 37 58 52 24 39 42 19 29 3 14 31 2 55 0 27 44 38 8 57 25 16 1 46 13 43 35 6 53 54 22 17 9 10 26 4 33 49 18 12 15 21 41 28 7 56 36 11 5 30
37 33 23 22 8 38 11 47 57 45 44 20 31 35 13 58 26 51 53 30 59 19 16 46 54 36 4 5 49 43 2 50 55 15 6 56 48 41 9 1 18 10 25 52 7 40 14 32 21 34 39 27 0 17 29 12 42 28 24 3
58 51 48 40 32 34 47 21 20 23 49 37 59 52 56 39 42 19 28 0 14 31 2 55 3 27 44 38 8 57 25 16 1 46 13 43 35 6 53 54 22 17 9 10 26 4 33 50 18 12 15 45 41 29 7 24 36 11 5 30
37 17 23 22 8 38 30 47 57 45 44 20 31 35 13 58 26 51 53 42 59 19 16 46 54 36 4 5 49 43 2 50 55 15 6 56 48 41 9 1 18 10 33 52 7 40 14 32 21 34 39 27 0 25 29 12 11 28 24 3
12613175429361543407 26624
41 16 55 56 28 29 46 20 25 30 52 51 34 50 10 45 31 39 47 38 17 42 58 57 14 26 43 2 49 18 21 37 7 54 12 5 27 8 3 15 48 24 6 59 23 9 32 53 35 4 33 13 40 11 0 22 36 19 1 44
22 28 25 55 56 59 48 54 43 11 40 45 5 24 58 23 38 35 51 42 57 8 12 16 47 4 31 53 26 49 17 9 50 13 6 52 32 20 34 30 7 14 27 18 19 29 15 1 3 41 36 21 33 46 44 2 10 37 39 0
41 16 55 56 28 29 46 20 25 30 52 51 34 50 10 45 31 39 21 38 17 42 58 57 14 26 43 2 49 18 47 37 7 54 12 5 27 8 3 15 48 24 6 59 23 9 32 53 35 4 33 13 40 11 0 22 36 19 1 44
22 28 25 55 56 59 48 54 43 11 40 45 5 24 58 23 38 35 51 42 57 8 12 16 47 4 31 53 46 49 17 9 50 13 6 52 32 20 34 29 7 14 27 18 19 30 15 1 3 41 36 21 33 26 44 2 10 37 39 0
8721337528885768394 26624
50 46 19 48 26 33 20 37 43 32 41 49 40 53 1 21 27 29 44 23 52 47 6 42 15 17 12 56 16 54 55 2 45 9 22 39 35 58 30 4 24 25 10 57 34 0 14 7 38 36 59 3 8 18 28 13 5 11 31 51
38 53 29 41 47 46 22 54 24 30 44 21 49 35 39 40 37 19 31 6 8 14 43 7 59 36 55 18 16 33 12 57 50 4 3 2 52 10 9 34 51 15 58 0 5 48 56 23 26 11 1 25 28 27 17 32 13 42 20 45
50 46 19 48 26 33 20 37 43 32 41 49 40 53 1 21 27 29 44 23 52 47 6 42 15 17 12 56 16 54 55 2 45 9 22 39 35 58 30 4 24 25 10 57 34 0 14 7 38 36 59 3 8 18 28 13 5 11 31 51
38 53 29 41 47 46 22 54 24 30 44 21 49 35 39 40 37 19 31 6 8 14 43 7 59 36 55 18 16 33 12 57 50 4 3 2 52 10 9 34 51 15 58 0 5 48 56 23 26 11 1 25 28 27 17 32 13 42 20 45
16371011489864912713 26624
34 3 23 56 22 59 28 41 45 37 57 14 26 25 43 35 46 4 38 49 53 9 58 0 54 42 12 44 47 50 18 39 36 55 7 52 19 24 48 8 30 17 20 16 5 11 51 33 1 32 6 29 13 40 31 2 15 27 21 10
47 56 50 31 41 20 5 49 29 25 36 45 52 19 33 6 22 44 54 26 8 7 3 58 12 55 48 16 15 4 39 51 18 35 37 2 23 17 1 30 38 57 32 27 24 40 11 53 9 46 21 14 34 10 59 28 13 42 0 43
34 3 23 56 22 59 28 41 45 37 57 14 26 25 43 35 46 55 38 49 53 9 58 0 54 42 12 44 47 50 18 39 36 4 7 52 19 24 48 8 30 17 20 16 5 11 51 33 1 32 6 29 13 40 31 2 15 27 21 10
44 56 50 31 41 20 5 49 29 25 36 45 52 19 33 6 22 35 54 26 8 7 3 58 12 55 48 16 15 4 39 57 18 47 37 2 23 17 1 30 38 51 32 27 24 40 11 53 59 46 21 14 34 10 9 28 13 42 0 43
